REGION	POS	REF	ALT	REF_DP	REF_RV	REF_QUAL	ALT_DP	ALT_RV	ALT_QUAL	ALT_FREQ	TOTAL_DP	PVAL	PASS	GFF_FEATURE	REF_CODON	REF_AA	ALT_CODON	ALT_AA	POS_AA
2019-nCoV	44	C	T	0	0	0	12	11	25	1	12	7.39602e-7	TRUE	NA	NA	NA	NA	NA	NA
2019-nCoV	57	A	+T	26	11	25	1	0	20	0.0384615	26	0.519231	FALSE	NA	NA	NA	NA	NA	NA
2019-nCoV	58	T	+A	25	10	25	1	0	20	0.04	25	0.52	FALSE	NA	NA	NA	NA	NA	NA
2019-nCoV	63	T	C	21	10	24	1	0	25	0.0454545	22	0.511628	FALSE	NA	NA	NA	NA	NA	NA
2019-nCoV	75	C	+A	19	8	23	1	0	20	0.0526316	19	0.526316	FALSE	NA	NA	NA	NA	NA	NA
2019-nCoV	78	T	-A	11	9	23	1	0	20	0.0909091	11	0.545455	FALSE	NA	NA	NA	NA	NA	NA
2019-nCoV	85	T	C	22	11	25	1	0	21	0.0434783	23	0.511111	FALSE	NA	NA	NA	NA	NA	NA
2019-nCoV	109	G	+C	23	10	25	1	0	20	0.0434783	23	0.521739	FALSE	NA	NA	NA	NA	NA	NA
2019-nCoV	110	C	+T	23	10	24	1	0	20	0.0434783	23	0.521739	FALSE	NA	NA	NA	NA	NA	NA
2019-nCoV	115	T	A	23	9	25	1	1	28	0.0416667	24	0.510638	FALSE	NA	NA	NA	NA	NA	NA
2019-nCoV	117	C	T	23	9	25	1	1	28	0.0416667	24	0.510638	FALSE	NA	NA	NA	NA	NA	NA
2019-nCoV	122	A	G	22	10	25	1	0	27	0.0434783	23	0.511111	FALSE	NA	NA	NA	NA	NA	NA
2019-nCoV	126	A	G	21	10	24	1	0	26	0.0454545	22	0.511628	FALSE	NA	NA	NA	NA	NA	NA
2019-nCoV	134	T	+TA	17	10	24	1	0	20	0.0588235	17	0.529412	FALSE	NA	NA	NA	NA	NA	NA
2019-nCoV	136	A	G	16	9	24	1	1	23	0.0588235	17	0.515152	FALSE	NA	NA	NA	NA	NA	NA
2019-nCoV	162	C	+G	23	11	24	1	0	20	0.0434783	23	0.521739	FALSE	NA	NA	NA	NA	NA	NA
2019-nCoV	170	A	G	16	11	25	1	1	26	0.0588235	17	0.515152	FALSE	NA	NA	NA	NA	NA	NA
2019-nCoV	174	G	+C	19	11	24	1	0	20	0.0526316	19	0.526316	FALSE	NA	NA	NA	NA	NA	NA
2019-nCoV	179	T	+G	24	13	24	1	0	20	0.0416667	24	0.520833	FALSE	NA	NA	NA	NA	NA	NA
2019-nCoV	187	A	G	17	10	21	2	0	20	0.105263	19	0.256757	FALSE	NA	NA	NA	NA	NA	NA
2019-nCoV	189	G	-C	11	9	22	1	0	20	0.0909091	11	0.545455	FALSE	NA	NA	NA	NA	NA	NA
2019-nCoV	199	G	+T	14	12	23	2	0	20	0.142857	14	0.295567	FALSE	NA	NA	NA	NA	NA	NA
2019-nCoV	202	T	+TC	14	12	23	1	0	20	0.0714286	14	0.535714	FALSE	NA	NA	NA	NA	NA	NA
2019-nCoV	203	C	T	18	10	23	1	1	30	0.0526316	19	0.513514	FALSE	NA	NA	NA	NA	NA	NA
2019-nCoV	211	T	C	19	10	24	1	0	27	0.05	20	0.512821	FALSE	NA	NA	NA	NA	NA	NA
2019-nCoV	216	G	+C	20	10	24	1	0	20	0.05	20	0.525	FALSE	NA	NA	NA	NA	NA	NA
2019-nCoV	222	C	+A	22	12	24	1	0	20	0.0454545	22	0.522727	FALSE	NA	NA	NA	NA	NA	NA
2019-nCoV	279	T	-C	6	4	25	1	0	20	0.166667	6	0.583333	FALSE	NA	NA	NA	NA	NA	NA
2019-nCoV	279	T	+C	6	4	25	1	0	20	0.166667	6	0.583333	FALSE	NA	NA	NA	NA	NA	NA
2019-nCoV	295	G	-A	7	5	24	2	0	20	0.285714	7	0.342857	FALSE	NA	NA	NA	NA	NA	NA
2019-nCoV	319	G	+C	137	63	24	1	0	20	0.00729927	137	0.754552	FALSE	NA	NA	NA	NA	NA	NA
2019-nCoV	323	G	-T	137	63	23	9	0	20	0.0656934	137	0.012965	FALSE	NA	NA	NA	NA	NA	NA
2019-nCoV	323	G	+T	137	63	23	2	0	20	0.0145985	137	0.508211	FALSE	NA	NA	NA	NA	NA	NA
2019-nCoV	324	T	C	82	9	23	1	0	28	0.0120482	83	0.488235	FALSE	NA	NA	NA	NA	NA	NA
2019-nCoV	330	A	G	126	62	24	1	0	22	0.00787402	127	0.752964	FALSE	NA	NA	NA	NA	NA	NA
2019-nCoV	334	T	+TC	100	62	24	1	0	20	0.01	100	0.753731	FALSE	NA	NA	NA	NA	NA	NA
2019-nCoV	339	A	+C	112	62	25	1	0	20	0.00892857	112	0.755565	FALSE	NA	NA	NA	NA	NA	NA
2019-nCoV	344	C	+T	122	62	25	1	0	20	0.00819672	122	0.75511	FALSE	NA	NA	NA	NA	NA	NA
2019-nCoV	345	T	C	120	62	25	2	1	27	0.0163934	122	0.503099	FALSE	NA	NA	NA	NA	NA	NA
2019-nCoV	355	C	-T	130	63	24	3	0	20	0.0230769	130	0.322637	FALSE	NA	NA	NA	NA	NA	NA
2019-nCoV	359	G	A	109	37	23	1	1	28	0.00909091	110	0.753425	FALSE	NA	NA	NA	NA	NA	NA
2019-nCoV	361	A	G	131	62	25	4	1	24	0.0296296	135	0.187487	FALSE	NA	NA	NA	NA	NA	NA
2019-nCoV	363	A	G	134	64	25	1	0	20	0.00740741	135	0.752788	FALSE	NA	NA	NA	NA	NA	NA
2019-nCoV	368	G	+T	137	62	24	1	0	20	0.00729927	137	0.754552	FALSE	NA	NA	NA	NA	NA	NA
2019-nCoV	372	A	+G	121	58	24	2	0	20	0.0165289	121	0.509297	FALSE	NA	NA	NA	NA	NA	NA
2019-nCoV	382	A	-T	140	65	24	1	0	20	0.00714286	140	0.754455	FALSE	NA	NA	NA	NA	NA	NA
2019-nCoV	383	T	C	139	63	24	1	0	25	0.00714286	140	0.750896	FALSE	NA	NA	NA	NA	NA	NA
2019-nCoV	386	G	A	127	62	24	1	0	30	0.0078125	128	0.501961	FALSE	NA	NA	NA	NA	NA	NA
2019-nCoV	391	A	-C	116	50	24	6	0	20	0.0517241	116	0.0697912	FALSE	NA	NA	NA	NA	NA	NA
2019-nCoV	393	G	A	125	53	24	1	1	27	0.00793651	126	0.752988	FALSE	NA	NA	NA	NA	NA	NA
2019-nCoV	394	T	C	133	63	25	1	1	23	0.00746269	134	0.752809	FALSE	NA	NA	NA	NA	NA	NA
2019-nCoV	395	C	+A	127	59	25	2	0	20	0.015748	127	0.508858	FALSE	NA	NA	NA	NA	NA	NA
2019-nCoV	401	C	+G	132	55	24	1	0	20	0.00757576	132	0.754724	FALSE	NA	NA	NA	NA	NA	NA
2019-nCoV	403	T	+A	99	57	23	1	0	20	0.010101	99	0.505051	FALSE	NA	NA	NA	NA	NA	NA
2019-nCoV	406	A	G	86	53	23	1	0	27	0.0114943	87	0.50289	FALSE	NA	NA	NA	NA	NA	NA
2019-nCoV	408	A	+T	129	56	24	1	0	20	0.00775194	129	0.754834	FALSE	NA	NA	NA	NA	NA	NA
2019-nCoV	410	G	A	96	18	25	1	1	23	0.0103093	97	0.5	FALSE	NA	NA	NA	NA	NA	NA
2019-nCoV	412	C	T	131	55	25	1	0	29	0.00757576	132	0.752852	FALSE	NA	NA	NA	NA	NA	NA
2019-nCoV	414	C	+T	132	61	25	3	0	20	0.0227273	132	0.322483	FALSE	NA	NA	NA	NA	NA	NA
2019-nCoV	416	T	C	124	63	24	1	0	20	0.008	125	0.753012	FALSE	NA	NA	NA	NA	NA	NA
2019-nCoV	418	T	+A	132	62	25	1	0	20	0.00757576	132	0.754724	FALSE	NA	NA	NA	NA	NA	NA
2019-nCoV	421	C	-T	134	61	25	1	0	20	0.00746269	134	0.754654	FALSE	NA	NA	NA	NA	NA	NA
2019-nCoV	421	C	+T	134	61	25	1	0	20	0.00746269	134	0.754654	FALSE	NA	NA	NA	NA	NA	NA
2019-nCoV	424	A	+T	132	62	25	1	0	20	0.00757576	132	0.754724	FALSE	NA	NA	NA	NA	NA	NA
2019-nCoV	426	T	+A	138	64	25	1	0	20	0.00724638	138	0.754519	FALSE	NA	NA	NA	NA	NA	NA
2019-nCoV	427	A	G	137	64	25	1	0	28	0.00724638	138	0.752727	FALSE	NA	NA	NA	NA	NA	NA
2019-nCoV	428	G	+A	141	64	25	1	0	20	0.0070922	141	0.754423	FALSE	NA	NA	NA	NA	NA	NA
2019-nCoV	430	A	+G	128	65	23	1	0	20	0.0078125	128	0.754871	FALSE	NA	NA	NA	NA	NA	NA
2019-nCoV	433	T	+A	110	63	23	1	0	20	0.00909091	110	0.755666	FALSE	NA	NA	NA	NA	NA	NA
2019-nCoV	434	G	-AA	133	59	23	1	0	20	0.0075188	133	0.754689	FALSE	NA	NA	NA	NA	NA	NA
2019-nCoV	434	G	-A	133	59	23	65	0	20	0.488722	133	7.58854e-16	TRUE	NA	NA	NA	NA	NA	NA
2019-nCoV	443	G	-T	137	60	23	17	0	20	0.124088	137	1.29723e-4	TRUE	NA	NA	NA	NA	NA	NA
2019-nCoV	448	G	-C	135	62	23	1	0	20	0.00740741	135	0.754619	FALSE	NA	NA	NA	NA	NA	NA
2019-nCoV	450	C	-T	118	65	23	1	0	20	0.00847458	118	0.755283	FALSE	NA	NA	NA	NA	NA	NA
2019-nCoV	452	C	T	139	67	25	1	0	21	0.00714286	140	0.752688	FALSE	NA	NA	NA	NA	NA	NA
2019-nCoV	454	A	+C	124	66	23	1	0	20	0.00806452	124	0.755028	FALSE	NA	NA	NA	NA	NA	NA
2019-nCoV	455	C	+T	134	62	25	1	0	20	0.00746269	134	0.754654	FALSE	NA	NA	NA	NA	NA	NA
2019-nCoV	458	G	A	132	62	25	1	1	20	0.0075188	133	0.75283	FALSE	NA	NA	NA	NA	NA	NA
2019-nCoV	459	A	T	114	42	24	1	1	24	0.00869565	115	0.753275	FALSE	NA	NA	NA	NA	NA	NA
2019-nCoV	462	A	G	133	62	25	4	1	24	0.0291971	137	0.187487	FALSE	NA	NA	NA	NA	NA	NA
2019-nCoV	463	G	A	135	64	25	1	0	23	0.00735294	136	0.752768	FALSE	NA	NA	NA	NA	NA	NA
2019-nCoV	463	G	+T	135	64	25	1	0	20	0.00735294	136	0.752768	FALSE	NA	NA	NA	NA	NA	NA
2019-nCoV	463	G	+C	135	64	25	1	0	20	0.00735294	136	0.752768	FALSE	NA	NA	NA	NA	NA	NA
2019-nCoV	466	C	T	94	65	23	1	0	31	0.0105263	95	0.502646	FALSE	NA	NA	NA	NA	NA	NA
2019-nCoV	467	T	+C	131	66	24	1	0	20	0.00757576	132	0.752852	FALSE	NA	NA	NA	NA	NA	NA
2019-nCoV	469	T	C	132	59	24	2	0	25	0.0149254	134	0.50282	FALSE	NA	NA	NA	NA	NA	NA
2019-nCoV	471	T	C	128	55	25	1	1	22	0.00775194	129	0.752918	FALSE	NA	NA	NA	NA	NA	NA
2019-nCoV	472	G	+T	132	58	25	2	0	20	0.0151515	132	0.508523	FALSE	NA	NA	NA	NA	NA	NA
2019-nCoV	477	T	C	131	58	25	1	0	27	0.00757576	132	0.752852	FALSE	NA	NA	NA	NA	NA	NA
2019-nCoV	478	C	-A	132	60	24	1	0	20	0.00757576	132	0.754724	FALSE	NA	NA	NA	NA	NA	NA
2019-nCoV	478	C	+A	132	60	24	2	0	20	0.0151515	132	0.508523	FALSE	NA	NA	NA	NA	NA	NA
2019-nCoV	479	A	G	90	22	24	1	0	23	0.010989	91	0.5	FALSE	NA	NA	NA	NA	NA	NA
2019-nCoV	485	T	C	109	59	24	1	0	27	0.00909091	110	0.753425	FALSE	NA	NA	NA	NA	NA	NA
2019-nCoV	489	A	T	118	50	25	1	0	28	0.00840336	119	0.753165	FALSE	NA	NA	NA	NA	NA	NA
2019-nCoV	489	A	+T	118	50	25	1	0	20	0.00840336	119	0.753165	FALSE	NA	NA	NA	NA	NA	NA
2019-nCoV	492	C	+G	126	57	25	1	0	20	0.00793651	126	0.754948	FALSE	NA	NA	NA	NA	NA	NA
2019-nCoV	495	G	-A	124	53	25	1	0	20	0.00806452	124	0.755028	FALSE	NA	NA	NA	NA	NA	NA
2019-nCoV	496	A	+G	107	36	24	1	0	20	0.00925926	108	0.753488	FALSE	NA	NA	NA	NA	NA	NA
2019-nCoV	497	A	G	111	57	24	1	1	20	0.00892857	112	0.753363	FALSE	NA	NA	NA	NA	NA	NA
2019-nCoV	500	G	+C	126	60	24	1	0	20	0.00793651	126	0.754948	FALSE	NA	NA	NA	NA	NA	NA
2019-nCoV	501	C	T	122	60	25	1	0	28	0.00813008	123	0.753061	FALSE	NA	NA	NA	NA	NA	NA
2019-nCoV	502	A	G	121	59	25	2	1	27	0.0162602	123	0.503074	FALSE	NA	NA	NA	NA	NA	NA
2019-nCoV	502	A	-C	121	59	25	1	0	20	0.00813008	123	0.751029	FALSE	NA	NA	NA	NA	NA	NA
2019-nCoV	508	T	+G	121	54	25	1	0	20	0.00826446	121	0.755152	FALSE	NA	NA	NA	NA	NA	NA
2019-nCoV	510	G	A	108	61	24	1	0	24	0.00917431	109	0.753456	FALSE	NA	NA	NA	NA	NA	NA
2019-nCoV	510	G	-T	108	61	24	1	0	20	0.00917431	109	0.753456	FALSE	NA	NA	NA	NA	NA	NA
2019-nCoV	511	T	C	127	58	25	1	1	21	0.0078125	128	0.75098	FALSE	NA	NA	NA	NA	NA	NA
2019-nCoV	511	T	-C	127	58	25	1	0	20	0.00775194	129	0.75098	FALSE	NA	NA	NA	NA	NA	NA
2019-nCoV	512	C	T	125	58	25	1	1	23	0.00793651	126	0.750996	FALSE	NA	NA	NA	NA	NA	NA
2019-nCoV	512	C	+G	125	58	25	1	0	20	0.00787402	127	0.750996	FALSE	NA	NA	NA	NA	NA	NA
2019-nCoV	512	C	+A	125	58	25	1	0	20	0.00787402	127	0.750996	FALSE	NA	NA	NA	NA	NA	NA
2019-nCoV	513	A	G	123	58	25	2	0	27	0.016	125	0.503024	FALSE	NA	NA	NA	NA	NA	NA
2019-nCoV	514	T	+C	274	125	25	2	0	20	0.00729927	274	0.692281	FALSE	NA	NA	NA	NA	NA	NA
2019-nCoV	515	G	-T	265	116	24	1	0	20	0.00377358	265	0.877116	FALSE	NA	NA	NA	NA	NA	NA
2019-nCoV	515	G	+T	265	116	24	3	0	20	0.0113208	265	0.507075	FALSE	NA	NA	NA	NA	NA	NA
2019-nCoV	517	T	C	222	133	24	1	1	20	0.0044843	223	0.876683	FALSE	NA	NA	NA	NA	NA	NA
2019-nCoV	518	A	G	269	123	24	2	0	21	0.00738007	271	0.689584	FALSE	NA	NA	NA	NA	NA	NA
2019-nCoV	518	A	+T	269	123	24	1	0	20	0.00369004	271	0.875696	FALSE	NA	NA	NA	NA	NA	NA
2019-nCoV	519	T	C	281	129	25	1	0	27	0.0035461	282	0.876331	FALSE	NA	NA	NA	NA	NA	NA
2019-nCoV	519	T	+G	281	129	25	2	0	20	0.0070922	282	0.690827	FALSE	NA	NA	NA	NA	NA	NA
2019-nCoV	521	G	+T	239	144	24	2	0	20	0.0083682	239	0.692979	FALSE	NA	NA	NA	NA	NA	NA
2019-nCoV	522	T	C	252	104	24	1	0	25	0.00395257	253	0.876484	FALSE	NA	NA	NA	NA	NA	NA
2019-nCoV	523	T	C	228	137	24	3	1	26	0.012987	231	0.502043	FALSE	NA	NA	NA	NA	NA	NA
2019-nCoV	524	G	+T	283	139	25	1	0	20	0.00353357	283	0.876982	FALSE	NA	NA	NA	NA	NA	NA
2019-nCoV	524	G	+C	283	139	25	1	0	20	0.00353357	283	0.876982	FALSE	NA	NA	NA	NA	NA	NA
2019-nCoV	525	A	G	293	140	25	1	1	26	0.00340136	294	0.876277	FALSE	NA	NA	NA	NA	NA	NA
2019-nCoV	526	G	+C	301	148	25	1	0	20	0.00332226	301	0.938946	FALSE	NA	NA	NA	NA	NA	NA
2019-nCoV	527	C	-T	300	147	25	1	0	20	0.00333333	300	0.938537	FALSE	NA	NA	NA	NA	NA	NA
2019-nCoV	528	T	C	289	145	25	1	1	25	0.00344828	290	0.875648	FALSE	NA	NA	NA	NA	NA	NA
2019-nCoV	528	T	+G	289	145	25	4	0	20	0.0137457	291	0.347794	FALSE	NA	NA	NA	NA	NA	NA
2019-nCoV	532	A	G	296	141	25	1	0	26	0.003367	297	0.876264	FALSE	NA	NA	NA	NA	NA	NA
2019-nCoV	533	G	+C	298	144	25	1	0	20	0.0033557	298	0.876882	FALSE	NA	NA	NA	NA	NA	NA
2019-nCoV	534	C	T	291	142	25	1	1	29	0.00342466	292	0.876285	FALSE	NA	NA	NA	NA	NA	NA
2019-nCoV	535	A	+G	298	145	25	1	0	20	0.0033557	298	0.876882	FALSE	NA	NA	NA	NA	NA	NA
2019-nCoV	536	G	+A	163	79	24	3	0	20	0.0184049	163	0.320578	FALSE	NA	NA	NA	NA	NA	NA
2019-nCoV	537	A	G	147	57	23	1	1	26	0.00675676	148	0.752542	FALSE	NA	NA	NA	NA	NA	NA
2019-nCoV	538	A	G	135	77	24	1	1	28	0.00735294	136	0.752768	FALSE	NA	NA	NA	NA	NA	NA
2019-nCoV	539	C	+G	167	78	24	1	0	20	0.00598802	167	0.753736	FALSE	NA	NA	NA	NA	NA	NA
2019-nCoV	540	T	-C	170	81	25	1	0	20	0.00588235	170	0.75367	FALSE	NA	NA	NA	NA	NA	NA
2019-nCoV	540	T	+C	170	81	25	1	0	20	0.00588235	170	0.75367	FALSE	NA	NA	NA	NA	NA	NA
2019-nCoV	542	G	+A	167	79	24	1	0	20	0.00598802	167	0.753736	FALSE	NA	NA	NA	NA	NA	NA
2019-nCoV	546	G	+C	123	81	24	1	0	20	0.00813008	123	0.755069	FALSE	NA	NA	NA	NA	NA	NA
2019-nCoV	547	C	T	155	79	25	1	1	26	0.00641026	156	0.752412	FALSE	NA	NA	NA	NA	NA	NA
2019-nCoV	548	A	-T	143	79	25	2	0	20	0.013986	143	0.507867	FALSE	NA	NA	NA	NA	NA	NA
2019-nCoV	548	A	+T	143	79	25	1	0	20	0.00699301	143	0.754361	FALSE	NA	NA	NA	NA	NA	NA
2019-nCoV	552	A	T	160	79	24	1	1	27	0.00621118	161	0.752336	FALSE	NA	NA	NA	NA	NA	NA
2019-nCoV	552	A	+T	160	79	24	1	0	20	0.00621118	161	0.752336	FALSE	NA	NA	NA	NA	NA	NA
2019-nCoV	554	T	+C	152	76	24	1	0	20	0.00657895	152	0.754104	FALSE	NA	NA	NA	NA	NA	NA
2019-nCoV	555	A	G	146	69	24	1	1	26	0.00680272	147	0.75256	FALSE	NA	NA	NA	NA	NA	NA
2019-nCoV	556	C	T	143	69	24	1	0	27	0.00694444	144	0.752613	FALSE	NA	NA	NA	NA	NA	NA
2019-nCoV	556	C	+G	143	69	24	1	0	20	0.00694444	144	0.752613	FALSE	NA	NA	NA	NA	NA	NA
2019-nCoV	557	G	+A	138	47	23	1	0	20	0.00724638	138	0.754519	FALSE	NA	NA	NA	NA	NA	NA
2019-nCoV	559	T	C	154	73	25	1	0	27	0.00645161	155	0.752427	FALSE	NA	NA	NA	NA	NA	NA
2019-nCoV	561	G	+T	153	76	24	1	0	20	0.00653595	153	0.754077	FALSE	NA	NA	NA	NA	NA	NA
2019-nCoV	564	G	+T	150	74	25	1	0	20	0.00666667	150	0.754158	FALSE	NA	NA	NA	NA	NA	NA
2019-nCoV	565	T	A	148	73	25	1	1	30	0.00671141	149	0.501684	FALSE	NA	NA	NA	NA	NA	NA
2019-nCoV	567	G	+T	130	73	23	1	0	20	0.00769231	130	0.754797	FALSE	NA	NA	NA	NA	NA	NA
2019-nCoV	567	G	+GT	130	73	23	2	0	20	0.0153846	130	0.508654	FALSE	NA	NA	NA	NA	NA	NA
2019-nCoV	568	T	C	157	71	24	1	1	27	0.00632911	158	0.752381	FALSE	NA	NA	NA	NA	NA	NA
2019-nCoV	570	A	G	162	81	25	1	0	26	0.00613497	163	0.752308	FALSE	NA	NA	NA	NA	NA	NA
2019-nCoV	575	C	+T	200	95	25	3	0	20	0.015	200	0.507014	FALSE	NA	NA	NA	NA	NA	NA
2019-nCoV	579	G	T	174	97	24	1	1	23	0.00571429	175	0.752149	FALSE	NA	NA	NA	NA	NA	NA
2019-nCoV	580	T	C	195	93	25	1	0	25	0.00510204	196	0.751918	FALSE	NA	NA	NA	NA	NA	NA
2019-nCoV	584	C	+T	180	98	24	3	0	20	0.0166667	180	0.319813	FALSE	NA	NA	NA	NA	NA	NA
2019-nCoV	586	T	A	176	96	23	2	0	27	0.011236	178	0.502119	FALSE	NA	NA	NA	NA	NA	NA
2019-nCoV	588	T	C	187	87	24	1	0	26	0.00531915	188	0.752	FALSE	NA	NA	NA	NA	NA	NA
2019-nCoV	588	T	+C	187	87	24	4	0	20	0.0212766	188	0.19252	FALSE	NA	NA	NA	NA	NA	NA
2019-nCoV	592	T	-C	187	90	24	1	0	20	0.00534759	187	0.753337	FALSE	NA	NA	NA	NA	NA	NA
2019-nCoV	593	C	-A	198	96	24	1	0	20	0.00502513	199	0.751889	FALSE	NA	NA	NA	NA	NA	NA
2019-nCoV	595	T	C	190	95	24	2	0	28	0.0104167	192	0.501963	FALSE	NA	NA	NA	NA	NA	NA
2019-nCoV	595	T	+G	190	95	24	1	0	20	0.00520833	192	0.750656	FALSE	NA	NA	NA	NA	NA	NA
2019-nCoV	597	T	C	188	90	24	1	0	24	0.00529101	189	0.751989	FALSE	NA	NA	NA	NA	NA	NA
2019-nCoV	597	T	+G	188	90	24	2	0	20	0.010582	189	0.503979	FALSE	NA	NA	NA	NA	NA	NA
2019-nCoV	599	G	A	212	101	25	1	1	27	0.00469484	213	0.876763	FALSE	NA	NA	NA	NA	NA	NA
2019-nCoV	600	G	A	114	93	24	2	0	29	0.0172414	116	0.503261	FALSE	NA	NA	NA	NA	NA	NA
2019-nCoV	600	G	-C	114	93	24	1	0	20	0.00862069	116	0.751092	FALSE	NA	NA	NA	NA	NA	NA
2019-nCoV	602	G	-A	186	93	23	2	0	20	0.0107527	186	0.506048	FALSE	NA	NA	NA	NA	NA	NA
2019-nCoV	602	G	+GA	186	93	23	1	0	20	0.00537634	186	0.753355	FALSE	NA	NA	NA	NA	NA	NA
2019-nCoV	602	G	+A	186	93	23	15	0	20	0.0806452	186	3.66969e-4	TRUE	NA	NA	NA	NA	NA	NA
2019-nCoV	605	A	G	129	93	24	1	0	23	0.00769231	130	0.752896	FALSE	NA	NA	NA	NA	NA	NA
2019-nCoV	606	T	C	171	90	24	2	0	24	0.0115607	173	0.50218	FALSE	NA	NA	NA	NA	NA	NA
2019-nCoV	606	T	-A	171	90	24	1	0	20	0.00578035	173	0.750729	FALSE	NA	NA	NA	NA	NA	NA
2019-nCoV	607	A	T	191	93	24	1	0	20	0.00520833	192	0.750653	FALSE	NA	NA	NA	NA	NA	NA
2019-nCoV	608	C	T	169	68	23	1	0	23	0.00588235	170	0.752212	FALSE	NA	NA	NA	NA	NA	NA
2019-nCoV	610	A	+G	184	101	24	2	0	20	0.0108696	184	0.506114	FALSE	NA	NA	NA	NA	NA	NA
2019-nCoV	615	C	T	178	91	24	1	0	23	0.00558659	179	0.752101	FALSE	NA	NA	NA	NA	NA	NA
2019-nCoV	615	C	+T	178	91	24	2	0	20	0.0111732	179	0.504202	FALSE	NA	NA	NA	NA	NA	NA
2019-nCoV	615	C	+G	178	91	24	2	0	20	0.0111732	179	0.504202	FALSE	NA	NA	NA	NA	NA	NA
2019-nCoV	616	T	C	153	62	23	1	0	20	0.00649351	154	0.752443	FALSE	NA	NA	NA	NA	NA	NA
2019-nCoV	617	T	C	151	98	24	1	0	22	0.00653595	153	0.750825	FALSE	NA	NA	NA	NA	NA	NA
2019-nCoV	617	T	A	151	98	24	1	0	23	0.00653595	153	0.750825	FALSE	NA	NA	NA	NA	NA	NA
2019-nCoV	619	C	T	167	72	24	2	1	24	0.0118343	169	0.502232	FALSE	NA	NA	NA	NA	NA	NA
2019-nCoV	621	G	+C	173	87	25	1	0	20	0.00578035	173	0.753606	FALSE	NA	NA	NA	NA	NA	NA
2019-nCoV	622	C	+TA	168	79	24	1	0	20	0.00595238	168	0.753714	FALSE	NA	NA	NA	NA	NA	NA
2019-nCoV	622	C	+A	168	79	24	1	0	20	0.00595238	168	0.753714	FALSE	NA	NA	NA	NA	NA	NA
2019-nCoV	624	A	-G	141	90	24	2	0	20	0.0141844	141	0.507979	FALSE	NA	NA	NA	NA	NA	NA
2019-nCoV	624	A	+G	141	90	24	1	0	20	0.0070922	141	0.754423	FALSE	NA	NA	NA	NA	NA	NA
2019-nCoV	626	G	+T	134	85	24	1	0	20	0.00746269	134	0.754654	FALSE	NA	NA	NA	NA	NA	NA
2019-nCoV	627	T	C	144	53	24	1	0	29	0.00689655	145	0.752595	FALSE	NA	NA	NA	NA	NA	NA
2019-nCoV	628	T	C	148	96	24	2	2	23	0.0133333	150	0.502517	FALSE	NA	NA	NA	NA	NA	NA
2019-nCoV	632	C	+T	181	96	24	2	0	20	0.0110497	181	0.506215	FALSE	NA	NA	NA	NA	NA	NA
2019-nCoV	634	T	A	138	99	24	1	0	20	0.00719424	139	0.752708	FALSE	NA	NA	NA	NA	NA	NA
2019-nCoV	635	C	+TG	186	99	24	1	0	20	0.00537634	186	0.753355	FALSE	NA	NA	NA	NA	NA	NA
2019-nCoV	636	G	-T	182	86	24	5	0	20	0.0274725	182	0.115244	FALSE	NA	NA	NA	NA	NA	NA
2019-nCoV	636	G	+T	182	86	24	1	0	20	0.00549451	182	0.753428	FALSE	NA	NA	NA	NA	NA	NA
2019-nCoV	637	T	+G	179	84	24	1	0	20	0.00555556	180	0.752089	FALSE	NA	NA	NA	NA	NA	NA
2019-nCoV	637	T	+A	179	84	24	2	0	20	0.0111111	180	0.504178	FALSE	NA	NA	NA	NA	NA	NA
2019-nCoV	639	A	G	160	96	23	2	0	28	0.0123457	162	0.502329	FALSE	NA	NA	NA	NA	NA	NA
2019-nCoV	640	G	+A	190	97	24	3	0	20	0.0157895	190	0.319427	FALSE	NA	NA	NA	NA	NA	NA
2019-nCoV	642	A	G	157	105	24	1	1	23	0.00632911	158	0.752381	FALSE	NA	NA	NA	NA	NA	NA
2019-nCoV	645	G	A	163	102	24	1	0	28	0.00609756	164	0.752294	FALSE	NA	NA	NA	NA	NA	NA
2019-nCoV	645	G	+T	163	102	24	1	0	20	0.00609756	164	0.752294	FALSE	NA	NA	NA	NA	NA	NA
2019-nCoV	647	A	G	156	67	23	1	1	26	0.00636943	157	0.752396	FALSE	NA	NA	NA	NA	NA	NA
2019-nCoV	649	T	-A	195	102	24	6	0	20	0.0307692	195	0.0667844	FALSE	NA	NA	NA	NA	NA	NA
2019-nCoV	649	T	+A	195	102	24	3	0	20	0.0153846	195	0.319249	FALSE	NA	NA	NA	NA	NA	NA
2019-nCoV	652	A	C	136	105	23	1	0	23	0.00729927	137	0.752747	FALSE	NA	NA	NA	NA	NA	NA
2019-nCoV	652	A	+G	136	105	23	1	0	20	0.00729927	137	0.752747	FALSE	NA	NA	NA	NA	NA	NA
2019-nCoV	652	A	+C	136	105	23	1	0	20	0.00729927	137	0.752747	FALSE	NA	NA	NA	NA	NA	NA
2019-nCoV	655	A	G	196	111	24	1	1	30	0.00507614	197	0.501272	FALSE	NA	NA	NA	NA	NA	NA
2019-nCoV	656	G	T	195	109	24	1	0	25	0.00510204	196	0.751918	FALSE	NA	NA	NA	NA	NA	NA
2019-nCoV	658	T	+G	184	99	24	1	0	20	0.00543478	184	0.753391	FALSE	NA	NA	NA	NA	NA	NA
2019-nCoV	659	G	A	164	76	23	1	1	24	0.00606061	165	0.75228	FALSE	NA	NA	NA	NA	NA	NA
2019-nCoV	660	G	+C	120	67	22	1	0	20	0.00833333	120	0.755195	FALSE	NA	NA	NA	NA	NA	NA
2019-nCoV	661	T	+A	144	66	23	1	0	20	0.00694444	144	0.754331	FALSE	NA	NA	NA	NA	NA	NA
2019-nCoV	665	C	-A	134	95	23	4	0	20	0.0298507	134	0.196919	FALSE	NA	NA	NA	NA	NA	NA
2019-nCoV	665	C	+G	134	95	23	1	0	20	0.00746269	134	0.754654	FALSE	NA	NA	NA	NA	NA	NA
2019-nCoV	666	A	G	157	89	23	1	1	25	0.00632911	158	0.746062	FALSE	NA	NA	NA	NA	NA	NA
2019-nCoV	666	A	+T	157	89	23	1	0	20	0.00617284	162	0.746062	FALSE	NA	NA	NA	NA	NA	NA
2019-nCoV	668	A	+G	182	98	24	1	0	20	0.00549451	182	0.753428	FALSE	NA	NA	NA	NA	NA	NA
2019-nCoV	668	A	+C	182	98	24	1	0	20	0.00549451	182	0.753428	FALSE	NA	NA	NA	NA	NA	NA
2019-nCoV	669	G	A	154	68	23	3	3	26	0.0191083	157	0.3137	FALSE	NA	NA	NA	NA	NA	NA
2019-nCoV	669	G	+GT	154	68	23	1	0	20	0.00636943	157	0.749196	FALSE	NA	NA	NA	NA	NA	NA
2019-nCoV	670	T	G	0	0	0	164	107	23	1	164	1.37089e-95	TRUE	NA	NA	NA	NA	NA	NA
2019-nCoV	672	A	-C	172	107	23	13	0	20	0.075581400000000007	172	0.00122252	TRUE	NA	NA	NA	NA	NA	NA
2019-nCoV	672	A	+C	172	107	23	1	0	20	0.00581395	172	0.753627	FALSE	NA	NA	NA	NA	NA	NA
2019-nCoV	673	C	T	162	110	23	1	0	21	0.00613497	163	0.732674	FALSE	NA	NA	NA	NA	NA	NA
2019-nCoV	673	C	+G	162	110	23	2	0	20	0.0113636	176	0.4756	FALSE	NA	NA	NA	NA	NA	NA
2019-nCoV	674	G	A	134	72	22	1	1	24	0.00740741	135	0.752788	FALSE	NA	NA	NA	NA	NA	NA
2019-nCoV	676	C	+G	191	112	24	1	0	20	0.0052356	191	0.753267	FALSE	NA	NA	NA	NA	NA	NA
2019-nCoV	676	C	+A	191	112	24	1	0	20	0.0052356	191	0.753267	FALSE	NA	NA	NA	NA	NA	NA
2019-nCoV	677	G	+C	191	112	24	2	0	20	0.0104712	191	0.50589	FALSE	NA	NA	NA	NA	NA	NA
2019-nCoV	679	C	T	149	115	24	1	1	27	0.00666667	150	0.752508	FALSE	NA	NA	NA	NA	NA	NA
2019-nCoV	679	C	-G	149	115	24	1	0	20	0.00666667	150	0.752508	FALSE	NA	NA	NA	NA	NA	NA
2019-nCoV	680	G	A	193	111	24	1	1	22	0.00515464	194	0.750646	FALSE	NA	NA	NA	NA	NA	NA
2019-nCoV	682	T	+A	188	115	25	1	0	20	0.00531915	188	0.753319	FALSE	NA	NA	NA	NA	NA	NA
2019-nCoV	683	C	+T	190	116	24	1	0	20	0.00526316	190	0.753284	FALSE	NA	NA	NA	NA	NA	NA
2019-nCoV	683	C	+G	190	116	24	1	0	20	0.00526316	190	0.753284	FALSE	NA	NA	NA	NA	NA	NA
2019-nCoV	684	T	-A	185	114	24	5	0	20	0.027027	185	0.115148	FALSE	NA	NA	NA	NA	NA	NA
2019-nCoV	684	T	+A	185	114	24	4	0	20	0.0216216	185	0.194304	FALSE	NA	NA	NA	NA	NA	NA
2019-nCoV	689	T	C	179	105	23	1	1	26	0.00555556	180	0.752089	FALSE	NA	NA	NA	NA	NA	NA
2019-nCoV	689	T	-C	179	105	23	1	0	20	0.00555556	180	0.752089	FALSE	NA	NA	NA	NA	NA	NA
2019-nCoV	690	C	T	177	103	23	1	1	27	0.00561798	178	0.750704	FALSE	NA	NA	NA	NA	NA	NA
2019-nCoV	690	C	-A	177	103	23	2	0	20	0.0111732	179	0.502107	FALSE	NA	NA	NA	NA	NA	NA
2019-nCoV	691	A	-T	176	103	23	4	0	20	0.0227273	176	0.194655	FALSE	NA	NA	NA	NA	NA	NA
2019-nCoV	691	A	+T	176	103	23	2	0	20	0.0113636	176	0.506392	FALSE	NA	NA	NA	NA	NA	NA
2019-nCoV	695	G	-A	183	104	24	2	0	20	0.010929	183	0.506147	FALSE	NA	NA	NA	NA	NA	NA
2019-nCoV	696	A	-C	173	100	23	1	0	20	0.00578035	173	0.753606	FALSE	NA	NA	NA	NA	NA	NA
2019-nCoV	706	C	-G	28	13	24	1	0	20	0.0357143	28	0.517857	FALSE	NA	NA	NA	NA	NA	NA
2019-nCoV	707	G	+A	26	11	24	1	0	20	0.037037	27	0.509434	FALSE	NA	NA	NA	NA	NA	NA
2019-nCoV	716	A	G	29	12	24	1	1	22	0.0333333	30	0.508475	FALSE	NA	NA	NA	NA	NA	NA
2019-nCoV	725	T	+TA	22	17	24	1	0	20	0.0454545	22	0.522727	FALSE	NA	NA	NA	NA	NA	NA
2019-nCoV	728	G	+A	29	13	23	3	0	20	0.103448	29	0.144944	FALSE	NA	NA	NA	NA	NA	NA
2019-nCoV	732	A	-T	34	16	24	2	0	20	0.0588235	34	0.268542	FALSE	NA	NA	NA	NA	NA	NA
2019-nCoV	734	T	C	91	36	25	1	0	27	0.0108696	92	0.502732	FALSE	NA	NA	NA	NA	NA	NA
2019-nCoV	737	C	+G	87	36	23	1	0	20	0.0114943	87	0.505747	FALSE	NA	NA	NA	NA	NA	NA
2019-nCoV	739	A	-GA	76	39	23	1	0	20	0.0131579	76	0.506579	FALSE	NA	NA	NA	NA	NA	NA
2019-nCoV	740	G	-A	90	35	23	2	0	20	0.021978	91	0.254144	FALSE	NA	NA	NA	NA	NA	NA
2019-nCoV	740	G	+A	90	35	23	6	0	20	0.0659341	91	0.0174876	FALSE	NA	NA	NA	NA	NA	NA
2019-nCoV	748	G	+A	71	39	24	1	0	20	0.0140845	71	0.507042	FALSE	NA	NA	NA	NA	NA	NA
2019-nCoV	749	A	G	91	31	24	1	1	27	0.0108696	92	0.502732	FALSE	NA	NA	NA	NA	NA	NA
2019-nCoV	752	A	+C	95	37	25	1	0	20	0.0105263	95	0.505263	FALSE	NA	NA	NA	NA	NA	NA
2019-nCoV	753	C	+T	91	37	25	2	0	20	0.021978	91	0.256891	FALSE	NA	NA	NA	NA	NA	NA
2019-nCoV	754	T	-A	92	37	24	5	0	20	0.0543478	92	0.0347436	FALSE	NA	NA	NA	NA	NA	NA
2019-nCoV	754	T	+TA	92	37	24	2	0	20	0.0217391	92	0.256816	FALSE	NA	NA	NA	NA	NA	NA
2019-nCoV	758	C	+A	92	38	24	2	0	20	0.0217391	92	0.256816	FALSE	NA	NA	NA	NA	NA	NA
2019-nCoV	760	T	+A	91	38	25	1	0	20	0.010989	91	0.505495	FALSE	NA	NA	NA	NA	NA	NA
2019-nCoV	764	A	G	91	36	25	1	1	22	0.0108696	92	0.502732	FALSE	NA	NA	NA	NA	NA	NA
2019-nCoV	769	T	C	87	36	25	1	0	28	0.0113636	88	0.502857	FALSE	NA	NA	NA	NA	NA	NA
2019-nCoV	773	A	G	77	35	24	1	1	22	0.0128205	78	0.503226	FALSE	NA	NA	NA	NA	NA	NA
2019-nCoV	773	A	+C	77	35	24	1	0	20	0.0128205	78	0.503226	FALSE	NA	NA	NA	NA	NA	NA
2019-nCoV	777	G	T	87	38	25	1	0	22	0.0113636	88	0.502857	FALSE	NA	NA	NA	NA	NA	NA
2019-nCoV	778	T	G	88	39	26	1	0	22	0.011236	89	0.502825	FALSE	NA	NA	NA	NA	NA	NA
2019-nCoV	779	G	A	86	38	25	1	0	22	0.0114943	87	0.50289	FALSE	NA	NA	NA	NA	NA	NA
2019-nCoV	779	G	+A	86	38	25	1	0	20	0.0114943	87	0.50289	FALSE	NA	NA	NA	NA	NA	NA
2019-nCoV	781	A	-C	70	38	24	1	0	20	0.0142857	70	0.507143	FALSE	NA	NA	NA	NA	NA	NA
2019-nCoV	782	C	T	86	37	25	1	0	27	0.0114943	87	0.5	FALSE	NA	NA	NA	NA	NA	NA
2019-nCoV	785	A	G	93	37	25	1	1	25	0.0106383	94	0.502674	FALSE	NA	NA	NA	NA	NA	NA
2019-nCoV	786	T	+G	97	40	24	1	0	20	0.0103093	97	0.505155	FALSE	NA	NA	NA	NA	NA	NA
2019-nCoV	786	T	+C	97	40	24	1	0	20	0.0103093	97	0.505155	FALSE	NA	NA	NA	NA	NA	NA
2019-nCoV	787	G	A	96	39	25	1	0	28	0.0103093	97	0.502591	FALSE	NA	NA	NA	NA	NA	NA
2019-nCoV	793	G	+A	93	37	25	1	0	20	0.0107527	93	0.505376	FALSE	NA	NA	NA	NA	NA	NA
2019-nCoV	796	T	+TA	43	18	24	1	0	20	0.0232558	43	0.511628	FALSE	NA	NA	NA	NA	NA	NA
2019-nCoV	799	C	+G	55	17	24	1	0	20	0.0181818	55	0.509091	FALSE	NA	NA	NA	NA	NA	NA
2019-nCoV	801	G	-A	50	18	23	1	0	20	0.02	50	0.51	FALSE	NA	NA	NA	NA	NA	NA
2019-nCoV	801	G	+GA	50	18	23	1	0	20	0.02	50	0.51	FALSE	NA	NA	NA	NA	NA	NA
2019-nCoV	802	A	-G	53	17	24	4	0	20	0.0740741	54	0.0684215	FALSE	NA	NA	NA	NA	NA	NA
2019-nCoV	806	G	+GC	25	17	24	1	0	20	0.04	25	0.52	FALSE	NA	NA	NA	NA	NA	NA
2019-nCoV	812	A	G	58	17	25	1	1	27	0.0169492	59	0.504274	FALSE	NA	NA	NA	NA	NA	NA
2019-nCoV	815	C	T	56	17	25	1	1	28	0.0175439	57	0.504425	FALSE	NA	NA	NA	NA	NA	NA
2019-nCoV	823	C	+G	60	18	26	1	0	20	0.0166667	60	0.508333	FALSE	NA	NA	NA	NA	NA	NA
2019-nCoV	824	G	-A	61	18	25	1	0	20	0.0163934	61	0.508197	FALSE	NA	NA	NA	NA	NA	NA
2019-nCoV	828	A	G	44	18	23	1	0	26	0.0222222	45	0.505618	FALSE	NA	NA	NA	NA	NA	NA
2019-nCoV	829	C	+A	56	16	24	3	0	20	0.0535714	56	0.135193	FALSE	NA	NA	NA	NA	NA	NA
2019-nCoV	833	T	C	53	9	24	1	1	27	0.0185185	54	0.504673	FALSE	NA	NA	NA	NA	NA	NA
2019-nCoV	844	T	C	112	31	24	1	1	34	0.00884956	113	0.502222	FALSE	NA	NA	NA	NA	NA	NA
2019-nCoV	850	C	T	123	30	25	1	1	21	0.00806452	124	0.753036	FALSE	NA	NA	NA	NA	NA	NA
2019-nCoV	852	A	-C	121	31	24	2	0	20	0.0165289	121	0.509297	FALSE	NA	NA	NA	NA	NA	NA
2019-nCoV	852	A	+C	121	31	24	6	0	20	0.0495868	121	0.0694813	FALSE	NA	NA	NA	NA	NA	NA
2019-nCoV	853	C	T	101	11	24	1	1	28	0.00980392	102	0.753695	FALSE	NA	NA	NA	NA	NA	NA
2019-nCoV	858	T	+TG	116	21	25	1	0	20	0.00862069	116	0.755374	FALSE	NA	NA	NA	NA	NA	NA
2019-nCoV	861	A	G	111	30	25	2	2	25	0.0176991	113	0.503348	FALSE	NA	NA	NA	NA	NA	NA
2019-nCoV	863	T	C	114	31	25	1	1	27	0.00869565	115	0.753275	FALSE	NA	NA	NA	NA	NA	NA
2019-nCoV	866	A	+T	117	30	25	1	0	20	0.00854701	117	0.755328	FALSE	NA	NA	NA	NA	NA	NA
2019-nCoV	868	T	C	69	29	22	1	1	26	0.0142857	70	0.503597	FALSE	NA	NA	NA	NA	NA	NA
2019-nCoV	868	T	+TA	69	29	22	1	0	20	0.0142857	70	0.503597	FALSE	NA	NA	NA	NA	NA	NA
2019-nCoV	868	T	+A	69	29	22	8	0	20	0.114286	70	0.00499504	TRUE	NA	NA	NA	NA	NA	NA
2019-nCoV	872	G	+C	104	29	23	1	0	20	0.00961538	104	0.755992	FALSE	NA	NA	NA	NA	NA	NA
2019-nCoV	875	C	+CT	78	29	22	1	0	20	0.0128205	78	0.50641	FALSE	NA	NA	NA	NA	NA	NA
2019-nCoV	875	C	+CG	78	29	22	1	0	20	0.0128205	78	0.50641	FALSE	NA	NA	NA	NA	NA	NA
2019-nCoV	877	T	+TC	83	31	22	1	0	20	0.0120482	83	0.506024	FALSE	NA	NA	NA	NA	NA	NA
2019-nCoV	879	T	C	119	32	23	1	1	26	0.00833333	120	0.753138	FALSE	NA	NA	NA	NA	NA	NA
2019-nCoV	879	T	+AG	119	32	23	1	0	20	0.00833333	120	0.753138	FALSE	NA	NA	NA	NA	NA	NA
2019-nCoV	880	A	-G	91	24	23	4	0	20	0.043956	91	0.0673923	FALSE	NA	NA	NA	NA	NA	NA
2019-nCoV	884	C	-G	99	22	24	1	0	20	0.010101	99	0.505051	FALSE	NA	NA	NA	NA	NA	NA
2019-nCoV	888	C	+T	106	28	24	1	0	20	0.00943396	106	0.755879	FALSE	NA	NA	NA	NA	NA	NA
2019-nCoV	892	T	-A	106	25	24	2	0	20	0.0188679	106	0.510613	FALSE	NA	NA	NA	NA	NA	NA
2019-nCoV	896	G	+A	104	26	24	2	0	20	0.0192308	104	0.510817	FALSE	NA	NA	NA	NA	NA	NA
2019-nCoV	897	C	A	0	0	0	104	29	24	1	104	9.23834e-60	TRUE	NA	NA	NA	NA	NA	NA
2019-nCoV	899	T	-C	89	27	22	1	0	20	0.011236	89	0.505618	FALSE	NA	NA	NA	NA	NA	NA
2019-nCoV	900	C	+A	98	24	24	1	0	20	0.010101	99	0.502538	FALSE	NA	NA	NA	NA	NA	NA
2019-nCoV	901	A	+T	108	30	24	1	0	20	0.00925926	108	0.755771	FALSE	NA	NA	NA	NA	NA	NA
2019-nCoV	903	G	+T	119	35	25	1	0	20	0.00840336	119	0.755239	FALSE	NA	NA	NA	NA	NA	NA
2019-nCoV	904	C	+CA	119	38	24	1	0	20	0.00840336	119	0.755239	FALSE	NA	NA	NA	NA	NA	NA
2019-nCoV	906	C	+T	106	32	24	1	0	20	0.00943396	106	0.755879	FALSE	NA	NA	NA	NA	NA	NA
2019-nCoV	906	C	+A	106	32	24	1	0	20	0.00943396	106	0.755879	FALSE	NA	NA	NA	NA	NA	NA
2019-nCoV	909	T	C	67	37	23	1	0	27	0.0147059	68	0.503704	FALSE	NA	NA	NA	NA	NA	NA
2019-nCoV	910	G	C	114	36	24	1	1	27	0.00869565	115	0.753275	FALSE	NA	NA	NA	NA	NA	NA
2019-nCoV	911	T	C	123	34	24	1	1	23	0.00806452	124	0.753036	FALSE	NA	NA	NA	NA	NA	NA
2019-nCoV	914	G	-A	119	32	24	1	0	20	0.00840336	119	0.755239	FALSE	NA	NA	NA	NA	NA	NA
2019-nCoV	914	G	+A	119	32	24	1	0	20	0.00840336	119	0.755239	FALSE	NA	NA	NA	NA	NA	NA
2019-nCoV	917	C	-A	99	24	24	1	0	20	0.010101	99	0.505051	FALSE	NA	NA	NA	NA	NA	NA
2019-nCoV	919	A	G	89	32	23	2	0	24	0.021978	91	0.251381	FALSE	NA	NA	NA	NA	NA	NA
2019-nCoV	919	A	+TC	89	32	23	1	0	20	0.010989	91	0.5	FALSE	NA	NA	NA	NA	NA	NA
2019-nCoV	919	A	+AC	89	32	23	1	0	20	0.010989	91	0.5	FALSE	NA	NA	NA	NA	NA	NA
2019-nCoV	920	C	G	108	31	23	1	0	20	0.00917431	109	0.753456	FALSE	NA	NA	NA	NA	NA	NA
2019-nCoV	920	C	+T	108	31	23	1	0	20	0.00917431	109	0.753456	FALSE	NA	NA	NA	NA	NA	NA
2019-nCoV	924	A	G	115	30	24	1	1	24	0.00862069	116	0.753247	FALSE	NA	NA	NA	NA	NA	NA
2019-nCoV	925	C	-T	106	32	23	2	0	20	0.0188679	106	0.510613	FALSE	NA	NA	NA	NA	NA	NA
2019-nCoV	925	C	+T	106	32	23	3	0	20	0.0283019	106	0.324944	FALSE	NA	NA	NA	NA	NA	NA
2019-nCoV	934	C	+G	115	36	25	1	0	20	0.00869565	115	0.755421	FALSE	NA	NA	NA	NA	NA	NA
2019-nCoV	937	T	+A	125	39	25	2	0	20	0.016	125	0.509	FALSE	NA	NA	NA	NA	NA	NA
2019-nCoV	939	A	C	89	39	23	1	1	27	0.0111111	90	0.502793	FALSE	NA	NA	NA	NA	NA	NA
2019-nCoV	941	A	-G	120	37	23	18	0	20	0.15	120	7.92071e-5	TRUE	NA	NA	NA	NA	NA	NA
2019-nCoV	941	A	+G	120	37	23	3	0	20	0.025	120	0.323486	FALSE	NA	NA	NA	NA	NA	NA
2019-nCoV	946	T	C	109	36	23	1	0	27	0.00909091	110	0.753425	FALSE	NA	NA	NA	NA	NA	NA
2019-nCoV	949	A	+G	112	38	24	2	0	20	0.0178571	112	0.510044	FALSE	NA	NA	NA	NA	NA	NA
2019-nCoV	951	A	+T	118	33	24	1	0	20	0.00847458	118	0.755283	FALSE	NA	NA	NA	NA	NA	NA
2019-nCoV	952	C	T	116	33	24	1	1	23	0.00854701	117	0.753219	FALSE	NA	NA	NA	NA	NA	NA
2019-nCoV	952	C	+G	116	33	24	1	0	20	0.00854701	117	0.753219	FALSE	NA	NA	NA	NA	NA	NA
2019-nCoV	953	T	C	122	35	24	1	1	20	0.00813008	123	0.753061	FALSE	NA	NA	NA	NA	NA	NA
2019-nCoV	954	G	A	125	36	24	1	1	29	0.00793651	126	0.752988	FALSE	NA	NA	NA	NA	NA	NA
2019-nCoV	956	T	A	121	35	25	1	0	25	0.00819672	122	0.753086	FALSE	NA	NA	NA	NA	NA	NA
2019-nCoV	960	G	A	61	15	25	1	0	23	0.016129	62	0.504065	FALSE	NA	NA	NA	NA	NA	NA
2019-nCoV	969	A	G	64	18	24	1	1	21	0.0153846	65	0.503876	FALSE	NA	NA	NA	NA	NA	NA
2019-nCoV	974	G	+A	59	15	23	1	0	20	0.0169492	59	0.508475	FALSE	NA	NA	NA	NA	NA	NA
2019-nCoV	975	A	G	54	8	23	1	0	20	0.0181818	55	0.504587	FALSE	NA	NA	NA	NA	NA	NA
2019-nCoV	977	A	G	26	15	23	1	0	20	0.037037	27	0.509434	FALSE	NA	NA	NA	NA	NA	NA
2019-nCoV	977	A	+T	26	15	23	1	0	20	0.037037	27	0.509434	FALSE	NA	NA	NA	NA	NA	NA
2019-nCoV	979	T	C	45	18	22	1	0	22	0.0217391	46	0.505495	FALSE	NA	NA	NA	NA	NA	NA
2019-nCoV	981	C	G	60	14	24	1	0	20	0.0163934	61	0.504132	FALSE	NA	NA	NA	NA	NA	NA
2019-nCoV	982	T	C	55	9	24	1	0	20	0.0178571	56	0.504505	FALSE	NA	NA	NA	NA	NA	NA
2019-nCoV	985	G	+GT	53	21	23	1	0	20	0.0188679	53	0.509434	FALSE	NA	NA	NA	NA	NA	NA
2019-nCoV	986	T	C	61	20	24	1	0	23	0.015873	63	0.5	FALSE	NA	NA	NA	NA	NA	NA
2019-nCoV	986	T	A	61	20	24	1	0	20	0.015873	63	0.5	FALSE	NA	NA	NA	NA	NA	NA
2019-nCoV	990	C	T	62	19	24	1	0	20	0.015873	63	0.504	FALSE	NA	NA	NA	NA	NA	NA
2019-nCoV	996	G	+T	64	19	25	1	0	20	0.015625	64	0.507813	FALSE	NA	NA	NA	NA	NA	NA
2019-nCoV	999	C	T	67	22	24	1	0	25	0.0147059	68	0.503704	FALSE	NA	NA	NA	NA	NA	NA
2019-nCoV	1001	G	-A	69	23	23	7	0	20	0.101449	69	0.00995154	TRUE	NA	NA	NA	NA	NA	NA
2019-nCoV	1013	G	+A	71	28	24	7	0	20	0.0985915	71	0.00988691	TRUE	NA	NA	NA	NA	NA	NA
2019-nCoV	1017	T	C	48	28	23	1	0	21	0.0204082	49	0.505155	FALSE	NA	NA	NA	NA	NA	NA
2019-nCoV	1021	G	+A	74	31	25	1	0	20	0.0135135	74	0.506757	FALSE	NA	NA	NA	NA	NA	NA
2019-nCoV	1023	C	+A	71	32	25	1	0	20	0.0140845	71	0.507042	FALSE	NA	NA	NA	NA	NA	NA
2019-nCoV	1024	A	G	73	31	24	1	1	23	0.0135135	74	0.503401	FALSE	NA	NA	NA	NA	NA	NA
2019-nCoV	1024	A	+C	73	31	24	2	0	20	0.027027	74	0.255102	FALSE	NA	NA	NA	NA	NA	NA
2019-nCoV	1026	C	-T	46	30	23	3	0	20	0.0652174	46	0.137447	FALSE	NA	NA	NA	NA	NA	NA
2019-nCoV	1027	T	C	32	5	23	1	1	27	0.030303	33	0.445946	FALSE	NA	NA	NA	NA	NA	NA
2019-nCoV	1029	T	A	69	32	24	1	0	21	0.0142857	70	0.503597	FALSE	NA	NA	NA	NA	NA	NA
2019-nCoV	1031	G	-A	63	28	22	1	0	20	0.015873	63	0.507937	FALSE	NA	NA	NA	NA	NA	NA
2019-nCoV	1031	G	+A	63	28	22	2	0	20	0.031746	63	0.259968	FALSE	NA	NA	NA	NA	NA	NA
2019-nCoV	1033	A	G	69	30	24	1	0	23	0.0142857	70	0.503597	FALSE	NA	NA	NA	NA	NA	NA
2019-nCoV	1034	A	+T	31	28	24	1	0	20	0.0322581	31	0.516129	FALSE	NA	NA	NA	NA	NA	NA
2019-nCoV	1036	T	-A	47	28	23	1	0	20	0.0212766	47	0.510638	FALSE	NA	NA	NA	NA	NA	NA
2019-nCoV	1036	T	+TA	47	28	23	2	0	20	0.0425532	47	0.263382	FALSE	NA	NA	NA	NA	NA	NA
2019-nCoV	1044	C	A	61	27	23	1	0	20	0.016129	62	0.504065	FALSE	NA	NA	NA	NA	NA	NA
2019-nCoV	1045	A	C	49	11	23	1	0	20	0.02	50	0.505051	FALSE	NA	NA	NA	NA	NA	NA
2019-nCoV	1048	G	+A	65	28	23	1	0	20	0.0153846	65	0.507692	FALSE	NA	NA	NA	NA	NA	NA
2019-nCoV	1051	A	+T	39	29	23	1	0	20	0.025641	39	0.512821	FALSE	NA	NA	NA	NA	NA	NA
2019-nCoV	1056	A	+C	66	30	24	1	0	20	0.0151515	66	0.507576	FALSE	NA	NA	NA	NA	NA	NA
2019-nCoV	1172	G	+T	7	5	24	1	0	20	0.142857	7	0.571429	FALSE	NA	NA	NA	NA	NA	NA
2019-nCoV	1190	C	T	3	2	20	3	3	25	0.5	6	0.121212	FALSE	NA	NA	NA	NA	NA	NA
2019-nCoV	1237	T	C	52	16	24	1	0	27	0.0188679	53	0.5	FALSE	NA	NA	NA	NA	NA	NA
2019-nCoV	1239	A	-T	43	16	23	2	0	20	0.0465116	43	0.264635	FALSE	NA	NA	NA	NA	NA	NA
2019-nCoV	1246	T	-G	54	16	24	1	0	20	0.0185185	54	0.509259	FALSE	NA	NA	NA	NA	NA	NA
2019-nCoV	1246	T	+G	54	16	24	2	0	20	0.037037	54	0.261638	FALSE	NA	NA	NA	NA	NA	NA
2019-nCoV	1247	G	T	48	16	23	1	0	22	0.0204082	49	0.505155	FALSE	NA	NA	NA	NA	NA	NA
2019-nCoV	1247	G	-A	48	16	23	1	0	20	0.0204082	49	0.505155	FALSE	NA	NA	NA	NA	NA	NA
2019-nCoV	1250	A	-C	29	19	22	1	0	20	0.0344828	29	0.517241	FALSE	NA	NA	NA	NA	NA	NA
2019-nCoV	1255	A	+C	53	17	23	1	0	20	0.0188679	53	0.509434	FALSE	NA	NA	NA	NA	NA	NA
2019-nCoV	1259	C	+A	51	16	24	1	0	20	0.0196078	51	0.509804	FALSE	NA	NA	NA	NA	NA	NA
2019-nCoV	1265	G	T	59	22	25	1	0	25	0.0166667	60	0.504202	FALSE	NA	NA	NA	NA	NA	NA
2019-nCoV	1269	A	G	47	14	24	1	0	21	0.0208333	48	0.505263	FALSE	NA	NA	NA	NA	NA	NA
2019-nCoV	1269	A	-T	47	14	24	1	0	20	0.0208333	48	0.505263	FALSE	NA	NA	NA	NA	NA	NA
2019-nCoV	1271	T	C	56	20	26	1	0	28	0.0175439	57	0.504425	FALSE	NA	NA	NA	NA	NA	NA
2019-nCoV	1274	G	+T	51	17	24	1	0	20	0.0196078	51	0.509804	FALSE	NA	NA	NA	NA	NA	NA
2019-nCoV	1276	T	C	42	22	23	1	1	25	0.0232558	43	0.505882	FALSE	NA	NA	NA	NA	NA	NA
2019-nCoV	1276	T	-A	42	22	23	1	0	20	0.0232558	43	0.505882	FALSE	NA	NA	NA	NA	NA	NA
2019-nCoV	1283	A	+T	57	22	24	2	0	20	0.0350877	57	0.261022	FALSE	NA	NA	NA	NA	NA	NA
2019-nCoV	1284	C	+T	53	17	24	1	0	20	0.0188679	53	0.509434	FALSE	NA	NA	NA	NA	NA	NA
2019-nCoV	1289	G	-A	49	18	24	1	0	20	0.0204082	49	0.510204	FALSE	NA	NA	NA	NA	NA	NA
2019-nCoV	1291	A	-T	31	18	22	1	0	20	0.0322581	31	0.516129	FALSE	NA	NA	NA	NA	NA	NA
2019-nCoV	1291	A	+T	31	18	22	1	0	20	0.0322581	31	0.516129	FALSE	NA	NA	NA	NA	NA	NA
2019-nCoV	1294	T	C	54	23	24	1	1	27	0.0181818	55	0.504587	FALSE	NA	NA	NA	NA	NA	NA
2019-nCoV	1301	A	+C	63	27	24	1	0	20	0.015873	63	0.507937	FALSE	NA	NA	NA	NA	NA	NA
2019-nCoV	1303	T	C	59	29	25	1	0	23	0.0166667	60	0.504202	FALSE	NA	NA	NA	NA	NA	NA
2019-nCoV	1306	G	-A	55	20	24	1	0	20	0.0181818	55	0.509091	FALSE	NA	NA	NA	NA	NA	NA
2019-nCoV	1315	T	+A	52	22	23	1	0	20	0.0192308	52	0.509615	FALSE	NA	NA	NA	NA	NA	NA
2019-nCoV	1320	A	G	31	1	25	1	1	21	0.03125	32	0.507937	FALSE	NA	NA	NA	NA	NA	NA
2019-nCoV	1328	A	G	43	14	24	1	1	23	0.0227273	44	0.505747	FALSE	NA	NA	NA	NA	NA	NA
2019-nCoV	1328	A	-C	43	14	24	2	0	20	0.0454545	44	0.258621	FALSE	NA	NA	NA	NA	NA	NA
2019-nCoV	1332	C	-T	58	31	24	1	0	20	0.0172414	58	0.508621	FALSE	NA	NA	NA	NA	NA	NA
2019-nCoV	1339	T	C	37	7	25	1	0	27	0.0263158	38	0.506667	FALSE	NA	NA	NA	NA	NA	NA
2019-nCoV	1345	A	T	45	26	22	1	1	23	0.0217391	46	0.5	FALSE	NA	NA	NA	NA	NA	NA
2019-nCoV	1346	C	A	25	3	23	1	1	21	0.0384615	26	0.509804	FALSE	NA	NA	NA	NA	NA	NA
2019-nCoV	1349	C	+A	23	21	21	9	0	20	0.391304	23	0.00527438	TRUE	NA	NA	NA	NA	NA	NA
2019-nCoV	1358	G	-T	94	34	24	1	0	20	0.0106383	94	0.505319	FALSE	NA	NA	NA	NA	NA	NA
2019-nCoV	1360	T	C	85	50	23	1	1	20	0.0116279	86	0.502924	FALSE	NA	NA	NA	NA	NA	NA
2019-nCoV	1363	T	-A	88	54	22	5	0	20	0.0568182	88	0.0349071	FALSE	NA	NA	NA	NA	NA	NA
2019-nCoV	1363	T	+A	88	54	22	2	0	20	0.0227273	88	0.257126	FALSE	NA	NA	NA	NA	NA	NA
2019-nCoV	1367	A	-T	66	56	23	2	0	20	0.030303	66	0.259512	FALSE	NA	NA	NA	NA	NA	NA
2019-nCoV	1370	T	+A	79	60	23	1	0	20	0.0126582	79	0.506329	FALSE	NA	NA	NA	NA	NA	NA
2019-nCoV	1373	T	-G	83	58	24	1	0	20	0.0120482	83	0.506024	FALSE	NA	NA	NA	NA	NA	NA
2019-nCoV	1375	T	A	117	63	24	1	1	20	0.00847458	118	0.753191	FALSE	NA	NA	NA	NA	NA	NA
2019-nCoV	1378	A	-G	117	62	25	1	0	20	0.00854701	117	0.755328	FALSE	NA	NA	NA	NA	NA	NA
2019-nCoV	1380	C	T	118	62	24	2	2	23	0.0166667	120	0.503151	FALSE	NA	NA	NA	NA	NA	NA
2019-nCoV	1381	A	G	119	62	24	1	1	26	0.00833333	120	0.753138	FALSE	NA	NA	NA	NA	NA	NA
2019-nCoV	1382	T	C	114	65	24	1	0	20	0.00869565	115	0.753275	FALSE	NA	NA	NA	NA	NA	NA
2019-nCoV	1383	G	-T	116	62	24	1	0	20	0.00862069	116	0.755374	FALSE	NA	NA	NA	NA	NA	NA
2019-nCoV	1385	C	+A	122	63	24	1	0	20	0.00819672	122	0.75511	FALSE	NA	NA	NA	NA	NA	NA
2019-nCoV	1386	A	G	106	50	23	2	1	24	0.0185185	108	0.503505	FALSE	NA	NA	NA	NA	NA	NA
2019-nCoV	1387	C	A	108	49	23	1	1	20	0.00917431	109	0.753456	FALSE	NA	NA	NA	NA	NA	NA
2019-nCoV	1387	C	+A	108	49	23	1	0	20	0.00917431	109	0.753456	FALSE	NA	NA	NA	NA	NA	NA
2019-nCoV	1388	A	G	82	22	24	1	1	20	0.0119048	84	0.5	FALSE	NA	NA	NA	NA	NA	NA
2019-nCoV	1388	A	C	82	22	24	1	1	20	0.0119048	84	0.5	FALSE	NA	NA	NA	NA	NA	NA
2019-nCoV	1393	A	C	124	64	24	1	0	23	0.008	125	0.753012	FALSE	NA	NA	NA	NA	NA	NA
2019-nCoV	1393	A	+G	124	64	24	1	0	20	0.008	125	0.753012	FALSE	NA	NA	NA	NA	NA	NA
2019-nCoV	1393	A	+C	124	64	24	1	0	20	0.008	125	0.753012	FALSE	NA	NA	NA	NA	NA	NA
2019-nCoV	1394	G	-A	116	55	24	2	0	20	0.0172414	116	0.509698	FALSE	NA	NA	NA	NA	NA	NA
2019-nCoV	1396	A	G	104	57	23	2	2	20	0.0188679	106	0.503572	FALSE	NA	NA	NA	NA	NA	NA
2019-nCoV	1397	G	+A	120	61	24	1	0	20	0.00833333	120	0.755195	FALSE	NA	NA	NA	NA	NA	NA
2019-nCoV	1398	T	+A	121	63	24	1	0	20	0.00826446	121	0.755152	FALSE	NA	NA	NA	NA	NA	NA
2019-nCoV	1399	A	+G	121	64	24	1	0	20	0.00826446	121	0.755152	FALSE	NA	NA	NA	NA	NA	NA
2019-nCoV	1400	G	A	99	42	24	1	0	22	0.01	100	0.751256	FALSE	NA	NA	NA	NA	NA	NA
2019-nCoV	1402	A	-C	127	70	24	1	0	20	0.00787402	127	0.75491	FALSE	NA	NA	NA	NA	NA	NA
2019-nCoV	1407	A	G	122	68	25	1	1	26	0.00813008	123	0.753061	FALSE	NA	NA	NA	NA	NA	NA
2019-nCoV	1413	G	+T	129	72	25	2	0	20	0.0155039	129	0.508721	FALSE	NA	NA	NA	NA	NA	NA
2019-nCoV	1415	C	+GT	131	72	24	1	0	20	0.00763359	131	0.75476	FALSE	NA	NA	NA	NA	NA	NA
2019-nCoV	1421	G	+A	46	15	25	1	0	20	0.0217391	46	0.51087	FALSE	NA	NA	NA	NA	NA	NA
2019-nCoV	1425	A	+T	42	13	26	1	0	20	0.0238095	42	0.511905	FALSE	NA	NA	NA	NA	NA	NA
2019-nCoV	1428	A	G	45	14	25	1	0	20	0.0217391	46	0.505495	FALSE	NA	NA	NA	NA	NA	NA
2019-nCoV	1433	G	-A	46	12	25	1	0	20	0.0217391	46	0.51087	FALSE	NA	NA	NA	NA	NA	NA
2019-nCoV	1442	T	A	41	9	24	1	0	20	0.0238095	42	0.506024	FALSE	NA	NA	NA	NA	NA	NA
2019-nCoV	1444	G	-A	44	14	23	15	0	20	0.340909	44	1.14372e-4	TRUE	NA	NA	NA	NA	NA	NA
2019-nCoV	1445	A	G	22	0	24	1	0	20	0.0434783	23	0.425926	FALSE	NA	NA	NA	NA	NA	NA
2019-nCoV	1448	A	C	17	13	22	1	1	21	0.0555556	18	0.514286	FALSE	NA	NA	NA	NA	NA	NA
2019-nCoV	1451	A	-T	47	15	24	1	0	20	0.0212766	47	0.510638	FALSE	NA	NA	NA	NA	NA	NA
2019-nCoV	1461	A	-G	151	84	23	1	0	20	0.00662252	151	0.754131	FALSE	NA	NA	NA	NA	NA	NA
2019-nCoV	1464	G	+GT	127	78	24	1	0	20	0.00787402	127	0.75491	FALSE	NA	NA	NA	NA	NA	NA
2019-nCoV	1465	T	+G	214	78	24	1	0	20	0.0046729	214	0.877618	FALSE	NA	NA	NA	NA	NA	NA
2019-nCoV	1470	G	+A	224	84	25	1	0	20	0.00446429	224	0.877502	FALSE	NA	NA	NA	NA	NA	NA
2019-nCoV	1473	C	T	222	82	25	1	1	22	0.0044843	223	0.876683	FALSE	NA	NA	NA	NA	NA	NA
2019-nCoV	1475	A	+T	218	78	25	1	0	20	0.00458716	218	0.87757	FALSE	NA	NA	NA	NA	NA	NA
2019-nCoV	1477	T	C	178	83	23	2	0	27	0.0111111	180	0.502095	FALSE	NA	NA	NA	NA	NA	NA
2019-nCoV	1478	G	A	223	79	25	2	1	23	0.00888889	225	0.690012	FALSE	NA	NA	NA	NA	NA	NA
2019-nCoV	1478	G	+C	223	79	25	1	0	20	0.00444444	225	0.875839	FALSE	NA	NA	NA	NA	NA	NA
2019-nCoV	1479	C	T	199	54	24	1	0	23	0.005	200	0.87594	FALSE	NA	NA	NA	NA	NA	NA
2019-nCoV	1480	C	+T	171	85	23	2	0	20	0.0116959	171	0.506579	FALSE	NA	NA	NA	NA	NA	NA
2019-nCoV	1480	C	+CT	171	85	23	1	0	20	0.00584795	171	0.753649	FALSE	NA	NA	NA	NA	NA	NA
2019-nCoV	1483	T	-G	149	84	23	1	0	20	0.00671141	149	0.754186	FALSE	NA	NA	NA	NA	NA	NA
2019-nCoV	1483	T	+TG	149	84	23	1	0	20	0.00671141	149	0.754186	FALSE	NA	NA	NA	NA	NA	NA
2019-nCoV	1483	T	+G	149	84	23	1	0	20	0.00671141	149	0.754186	FALSE	NA	NA	NA	NA	NA	NA
2019-nCoV	1485	G	+A	182	86	23	1	0	20	0.00549451	182	0.753428	FALSE	NA	NA	NA	NA	NA	NA
2019-nCoV	1486	A	G	231	86	24	1	0	22	0.00431034	232	0.876618	FALSE	NA	NA	NA	NA	NA	NA
2019-nCoV	1486	A	+G	231	86	24	2	0	20	0.00862069	232	0.691545	FALSE	NA	NA	NA	NA	NA	NA
2019-nCoV	1489	C	-T	234	89	24	1	0	20	0.0042735	234	0.877395	FALSE	NA	NA	NA	NA	NA	NA
2019-nCoV	1489	C	+T	234	89	24	1	0	20	0.0042735	234	0.877395	FALSE	NA	NA	NA	NA	NA	NA
2019-nCoV	1490	T	+G	232	90	25	1	0	20	0.00429185	233	0.876611	FALSE	NA	NA	NA	NA	NA	NA
2019-nCoV	1491	G	+T	231	87	25	1	0	20	0.004329	231	0.877426	FALSE	NA	NA	NA	NA	NA	NA
2019-nCoV	1492	T	C	232	87	25	2	0	28	0.00854701	234	0.689915	FALSE	NA	NA	NA	NA	NA	NA
2019-nCoV	1492	T	+G	232	87	25	2	0	20	0.00854701	234	0.689915	FALSE	NA	NA	NA	NA	NA	NA
2019-nCoV	1495	G	A	234	88	25	1	1	28	0.00425532	235	0.876597	FALSE	NA	NA	NA	NA	NA	NA
2019-nCoV	1495	G	+T	234	88	25	4	0	20	0.0170213	235	0.350761	FALSE	NA	NA	NA	NA	NA	NA
2019-nCoV	1496	T	C	228	78	24	1	1	26	0.00436681	229	0.876639	FALSE	NA	NA	NA	NA	NA	NA
2019-nCoV	1497	T	+AC	204	92	24	1	0	20	0.00490196	204	0.877746	FALSE	NA	NA	NA	NA	NA	NA
2019-nCoV	1498	C	G	234	90	25	1	1	20	0.00425532	235	0.876597	FALSE	NA	NA	NA	NA	NA	NA
2019-nCoV	1498	C	+G	234	90	25	1	0	20	0.00425532	235	0.876597	FALSE	NA	NA	NA	NA	NA	NA
2019-nCoV	1500	C	+T	233	89	25	4	0	20	0.0171674	233	0.352833	FALSE	NA	NA	NA	NA	NA	NA
2019-nCoV	1503	A	+T	233	89	25	2	0	20	0.00858369	233	0.69312	FALSE	NA	NA	NA	NA	NA	NA
2019-nCoV	1503	A	+C	233	89	25	1	0	20	0.00429185	233	0.877406	FALSE	NA	NA	NA	NA	NA	NA
2019-nCoV	1504	T	C	228	89	25	1	0	20	0.00436681	229	0.876639	FALSE	NA	NA	NA	NA	NA	NA
2019-nCoV	1504	T	+G	228	89	25	1	0	20	0.00436681	229	0.876639	FALSE	NA	NA	NA	NA	NA	NA
2019-nCoV	1505	G	+T	225	88	25	3	0	20	0.0133333	225	0.508333	FALSE	NA	NA	NA	NA	NA	NA
2019-nCoV	1506	T	C	204	67	24	2	0	22	0.00970874	206	0.690245	FALSE	NA	NA	NA	NA	NA	NA
2019-nCoV	1507	T	C	178	89	23	1	1	25	0.00558659	179	0.752101	FALSE	NA	NA	NA	NA	NA	NA
2019-nCoV	1509	G	+T	188	89	23	1	0	20	0.00531915	188	0.753319	FALSE	NA	NA	NA	NA	NA	NA
2019-nCoV	1510	T	C	205	62	24	1	0	28	0.00485437	206	0.875912	FALSE	NA	NA	NA	NA	NA	NA
2019-nCoV	1511	T	C	192	91	23	1	1	23	0.00518135	193	0.751948	FALSE	NA	NA	NA	NA	NA	NA
2019-nCoV	1513	C	T	205	61	25	6	2	25	0.028436	211	0.143734	FALSE	NA	NA	NA	NA	NA	NA
2019-nCoV	1515	A	G	231	84	25	1	1	28	0.00431034	232	0.876618	FALSE	NA	NA	NA	NA	NA	NA
2019-nCoV	1516	T	+A	229	87	25	1	0	20	0.00436681	229	0.877447	FALSE	NA	NA	NA	NA	NA	NA
2019-nCoV	1518	A	G	207	90	24	1	1	24	0.00480769	208	0.876805	FALSE	NA	NA	NA	NA	NA	NA
2019-nCoV	1521	A	+G	204	90	24	1	0	20	0.00490196	204	0.877746	FALSE	NA	NA	NA	NA	NA	NA
2019-nCoV	1523	T	C	226	86	26	1	1	26	0.00438596	228	0.875828	FALSE	NA	NA	NA	NA	NA	NA
2019-nCoV	1523	T	A	226	86	26	1	1	22	0.00438596	228	0.875828	FALSE	NA	NA	NA	NA	NA	NA
2019-nCoV	1524	G	+T	225	87	25	2	0	20	0.00888889	225	0.693319	FALSE	NA	NA	NA	NA	NA	NA
2019-nCoV	1526	G	+T	227	89	25	1	0	20	0.00440529	227	0.877469	FALSE	NA	NA	NA	NA	NA	NA
2019-nCoV	1527	C	T	211	66	24	1	1	28	0.00471698	212	0.876771	FALSE	NA	NA	NA	NA	NA	NA
2019-nCoV	1528	C	+T	200	90	23	2	0	20	0.01	200	0.69217	FALSE	NA	NA	NA	NA	NA	NA
2019-nCoV	1529	T	+G	225	84	24	1	0	20	0.00444444	225	0.877491	FALSE	NA	NA	NA	NA	NA	NA
2019-nCoV	1530	A	-T	207	85	24	7	0	20	0.0338164	207	0.0971348	FALSE	NA	NA	NA	NA	NA	NA
2019-nCoV	1530	A	+T	207	85	24	3	0	20	0.0144928	207	0.509058	FALSE	NA	NA	NA	NA	NA	NA
2019-nCoV	1531	T	C	179	67	23	2	0	23	0.0110497	181	0.483742	FALSE	NA	NA	NA	NA	NA	NA
2019-nCoV	1534	G	A	228	92	25	1	0	20	0.00436681	229	0.876639	FALSE	NA	NA	NA	NA	NA	NA
2019-nCoV	1537	T	C	171	93	23	1	1	21	0.00581395	172	0.752187	FALSE	NA	NA	NA	NA	NA	NA
2019-nCoV	1537	T	+TC	171	93	23	1	0	20	0.00581395	172	0.752187	FALSE	NA	NA	NA	NA	NA	NA
2019-nCoV	1538	C	+CT	189	58	24	1	0	20	0.00529101	189	0.753302	FALSE	NA	NA	NA	NA	NA	NA
2019-nCoV	1539	C	T	174	95	24	1	0	20	0.00571429	175	0.752149	FALSE	NA	NA	NA	NA	NA	NA
2019-nCoV	1544	G	A	221	91	25	1	0	22	0.0045045	222	0.876691	FALSE	NA	NA	NA	NA	NA	NA
2019-nCoV	1545	C	+T	220	88	25	1	0	20	0.00454545	220	0.877547	FALSE	NA	NA	NA	NA	NA	NA
2019-nCoV	1545	C	+G	220	88	25	1	0	20	0.00454545	220	0.877547	FALSE	NA	NA	NA	NA	NA	NA
2019-nCoV	1547	A	G	226	88	26	1	1	22	0.00440529	227	0.876654	FALSE	NA	NA	NA	NA	NA	NA
2019-nCoV	1547	A	+T	226	88	26	1	0	20	0.00440529	227	0.876654	FALSE	NA	NA	NA	NA	NA	NA
2019-nCoV	1547	A	+C	226	88	26	1	0	20	0.00440529	227	0.876654	FALSE	NA	NA	NA	NA	NA	NA
2019-nCoV	1549	C	T	223	91	26	1	0	27	0.00446429	224	0.876676	FALSE	NA	NA	NA	NA	NA	NA
2019-nCoV	1554	A	G	212	95	24	1	0	26	0.00469484	213	0.876763	FALSE	NA	NA	NA	NA	NA	NA
2019-nCoV	1555	C	+A	227	91	26	2	0	20	0.00881057	227	0.693268	FALSE	NA	NA	NA	NA	NA	NA
2019-nCoV	1556	A	G	221	87	25	5	3	23	0.0221239	226	0.226554	FALSE	NA	NA	NA	NA	NA	NA
2019-nCoV	1557	T	C	219	89	25	2	0	21	0.00904977	221	0.690058	FALSE	NA	NA	NA	NA	NA	NA
2019-nCoV	1557	T	+G	219	89	25	1	0	20	0.00452489	221	0.875854	FALSE	NA	NA	NA	NA	NA	NA
2019-nCoV	1558	A	G	217	87	25	1	0	23	0.00458716	218	0.876722	FALSE	NA	NA	NA	NA	NA	NA
2019-nCoV	1560	G	A	182	85	24	1	0	27	0.00546448	183	0.752055	FALSE	NA	NA	NA	NA	NA	NA
2019-nCoV	1560	G	+T	182	85	24	1	0	20	0.00546448	183	0.752055	FALSE	NA	NA	NA	NA	NA	NA
2019-nCoV	1562	T	C	189	86	23	2	1	25	0.0104712	191	0.501974	FALSE	NA	NA	NA	NA	NA	NA
2019-nCoV	1563	G	+A	210	80	25	1	0	20	0.0047619	210	0.877668	FALSE	NA	NA	NA	NA	NA	NA
2019-nCoV	1566	A	G	194	87	23	2	0	21	0.0102041	196	0.501923	FALSE	NA	NA	NA	NA	NA	NA
2019-nCoV	1568	C	G	194	91	23	1	1	28	0.00512821	195	0.751928	FALSE	NA	NA	NA	NA	NA	NA
2019-nCoV	1569	A	+T	216	86	25	1	0	20	0.00462963	216	0.877594	FALSE	NA	NA	NA	NA	NA	NA
2019-nCoV	1570	T	C	169	70	25	1	1	24	0.00588235	170	0.752212	FALSE	NA	NA	NA	NA	NA	NA
2019-nCoV	1572	C	+G	171	68	25	1	0	20	0.00584795	171	0.753649	FALSE	NA	NA	NA	NA	NA	NA
2019-nCoV	1573	A	G	175	71	25	2	0	27	0.011236	178	0.5	FALSE	NA	NA	NA	NA	NA	NA
2019-nCoV	1573	A	C	175	71	25	1	1	21	0.00561798	178	0.749292	FALSE	NA	NA	NA	NA	NA	NA
2019-nCoV	1573	A	+G	175	71	25	1	0	20	0.00561798	178	0.749292	FALSE	NA	NA	NA	NA	NA	NA
2019-nCoV	1575	G	+T	163	68	23	1	0	20	0.00613497	163	0.753827	FALSE	NA	NA	NA	NA	NA	NA
2019-nCoV	1576	T	C	171	65	25	1	1	25	0.00581395	172	0.752187	FALSE	NA	NA	NA	NA	NA	NA
2019-nCoV	1577	G	-T	155	52	24	4	0	20	0.0258065	155	0.195632	FALSE	NA	NA	NA	NA	NA	NA
2019-nCoV	1577	G	+T	155	52	24	2	0	20	0.0129032	155	0.507258	FALSE	NA	NA	NA	NA	NA	NA
2019-nCoV	1579	T	C	135	58	23	1	0	27	0.00735294	136	0.752768	FALSE	NA	NA	NA	NA	NA	NA
2019-nCoV	1580	G	+T	156	55	24	2	0	20	0.0128205	156	0.507211	FALSE	NA	NA	NA	NA	NA	NA
2019-nCoV	1580	G	+A	156	55	24	1	0	20	0.00641026	156	0.753999	FALSE	NA	NA	NA	NA	NA	NA
2019-nCoV	1582	T	+G	152	69	23	1	0	20	0.00657895	152	0.754104	FALSE	NA	NA	NA	NA	NA	NA
2019-nCoV	1584	G	+GT	159	73	24	1	0	20	0.00628931	159	0.753923	FALSE	NA	NA	NA	NA	NA	NA
2019-nCoV	1585	A	G	169	69	25	1	1	31	0.00588235	170	0.501475	FALSE	NA	NA	NA	NA	NA	NA
2019-nCoV	1585	A	+G	169	69	25	1	0	20	0.00588235	170	0.752212	FALSE	NA	NA	NA	NA	NA	NA
2019-nCoV	1587	A	G	160	58	24	1	0	20	0.00621118	161	0.752336	FALSE	NA	NA	NA	NA	NA	NA
2019-nCoV	1592	T	C	148	79	23	1	0	29	0.00671141	149	0.752525	FALSE	NA	NA	NA	NA	NA	NA
2019-nCoV	1595	G	-A	164	70	24	3	0	20	0.0182927	164	0.320529	FALSE	NA	NA	NA	NA	NA	NA
2019-nCoV	1595	G	+T	164	70	24	2	0	20	0.0121951	164	0.50686	FALSE	NA	NA	NA	NA	NA	NA
2019-nCoV	1597	A	+G	134	72	23	1	0	20	0.00746269	134	0.754654	FALSE	NA	NA	NA	NA	NA	NA
2019-nCoV	1600	T	C	164	73	25	1	0	30	0.00606061	165	0.50152	FALSE	NA	NA	NA	NA	NA	NA
2019-nCoV	1601	C	+T	155	74	24	8	0	20	0.0516129	155	0.022375	FALSE	NA	NA	NA	NA	NA	NA
2019-nCoV	1602	T	C	137	57	23	1	0	20	0.00724638	138	0.752727	FALSE	NA	NA	NA	NA	NA	NA
2019-nCoV	1603	T	+A	116	75	24	2	0	20	0.0172414	116	0.509698	FALSE	NA	NA	NA	NA	NA	NA
2019-nCoV	1604	A	G	131	56	23	1	1	22	0.00757576	132	0.752852	FALSE	NA	NA	NA	NA	NA	NA
2019-nCoV	1605	A	+AT	129	76	23	2	0	20	0.0155039	129	0.508721	FALSE	NA	NA	NA	NA	NA	NA
2019-nCoV	1606	T	G	163	75	24	1	0	20	0.00609756	164	0.752294	FALSE	NA	NA	NA	NA	NA	NA
2019-nCoV	1606	T	+G	163	75	24	1	0	20	0.00609756	164	0.752294	FALSE	NA	NA	NA	NA	NA	NA
2019-nCoV	1609	C	-A	135	54	23	2	0	20	0.0148148	135	0.508333	FALSE	NA	NA	NA	NA	NA	NA
2019-nCoV	1613	C	+T	111	68	23	1	0	20	0.00900901	111	0.755615	FALSE	NA	NA	NA	NA	NA	NA
2019-nCoV	1614	T	C	143	32	24	1	1	23	0.00694444	144	0.750871	FALSE	NA	NA	NA	NA	NA	NA
2019-nCoV	1615	T	+C	158	72	23	1	0	20	0.00632911	158	0.753948	FALSE	NA	NA	NA	NA	NA	NA
2019-nCoV	1616	C	+T	188	72	25	1	0	20	0.00531915	188	0.753319	FALSE	NA	NA	NA	NA	NA	NA
2019-nCoV	1618	T	C	174	80	23	2	0	24	0.0113636	176	0.502143	FALSE	NA	NA	NA	NA	NA	NA
2019-nCoV	1618	T	+C	174	80	23	1	0	20	0.00568182	176	0.750716	FALSE	NA	NA	NA	NA	NA	NA
2019-nCoV	1619	G	-A	199	79	24	5	0	20	0.0251256	199	0.114737	FALSE	NA	NA	NA	NA	NA	NA
2019-nCoV	1619	G	+A	199	79	24	2	0	20	0.0100503	199	0.505653	FALSE	NA	NA	NA	NA	NA	NA
2019-nCoV	1623	T	+AA	201	81	24	1	0	20	0.00497512	201	0.877787	FALSE	NA	NA	NA	NA	NA	NA
2019-nCoV	1625	C	+T	201	78	25	1	0	20	0.00497512	201	0.877787	FALSE	NA	NA	NA	NA	NA	NA
2019-nCoV	1626	T	C	202	79	25	1	1	27	0.00492611	203	0.87685	FALSE	NA	NA	NA	NA	NA	NA
2019-nCoV	1628	C	-AA	119	78	22	1	0	20	0.00840336	119	0.755239	FALSE	NA	NA	NA	NA	NA	NA
2019-nCoV	1628	C	-A	119	78	22	47	0	20	0.394958	119	1.09937e-11	TRUE	NA	NA	NA	NA	NA	NA
2019-nCoV	1629	A	G	73	0	23	1	0	26	0.0135135	74	0.62106	FALSE	NA	NA	NA	NA	NA	NA
2019-nCoV	1633	A	G	85	77	23	2	1	21	0.0229885	87	0.251445	FALSE	NA	NA	NA	NA	NA	NA
2019-nCoV	1633	A	+G	85	77	23	1	0	20	0.0114943	87	0.5	FALSE	NA	NA	NA	NA	NA	NA
2019-nCoV	1634	G	A	194	77	23	1	0	20	0.00512821	195	0.751928	FALSE	NA	NA	NA	NA	NA	NA
2019-nCoV	1634	G	+A	194	77	23	1	0	20	0.00512821	195	0.751928	FALSE	NA	NA	NA	NA	NA	NA
2019-nCoV	1636	G	A	193	76	24	1	1	25	0.00515464	194	0.751938	FALSE	NA	NA	NA	NA	NA	NA
2019-nCoV	1636	G	+GA	193	76	24	1	0	20	0.00515464	194	0.751938	FALSE	NA	NA	NA	NA	NA	NA
2019-nCoV	1636	G	+A	193	76	24	2	0	20	0.0103093	194	0.503876	FALSE	NA	NA	NA	NA	NA	NA
2019-nCoV	1637	A	G	134	17	25	2	1	22	0.0147059	136	0.502778	FALSE	NA	NA	NA	NA	NA	NA
2019-nCoV	1638	A	T	199	81	25	1	1	25	0.00497512	201	0.87594	FALSE	NA	NA	NA	NA	NA	NA
2019-nCoV	1638	A	G	199	81	25	1	0	27	0.00497512	201	0.87594	FALSE	NA	NA	NA	NA	NA	NA
2019-nCoV	1639	A	G	149	81	23	1	0	23	0.00666667	150	0.752508	FALSE	NA	NA	NA	NA	NA	NA
2019-nCoV	1640	G	A	196	80	25	1	0	23	0.00507614	197	0.751908	FALSE	NA	NA	NA	NA	NA	NA
2019-nCoV	1640	G	-T	196	80	25	1	0	20	0.00507614	197	0.751908	FALSE	NA	NA	NA	NA	NA	NA
2019-nCoV	1640	G	+A	196	80	25	3	0	20	0.0152284	197	0.317277	FALSE	NA	NA	NA	NA	NA	NA
2019-nCoV	1642	C	+A	198	80	25	2	0	20	0.010101	198	0.505682	FALSE	NA	NA	NA	NA	NA	NA
2019-nCoV	1644	A	C	171	86	23	1	0	25	0.00581395	172	0.752187	FALSE	NA	NA	NA	NA	NA	NA
2019-nCoV	1645	C	-A	196	85	25	1	0	20	0.00510204	196	0.753184	FALSE	NA	NA	NA	NA	NA	NA
2019-nCoV	1645	C	+A	196	85	25	1	0	20	0.00510204	196	0.753184	FALSE	NA	NA	NA	NA	NA	NA
2019-nCoV	1646	A	+T	192	85	25	1	0	20	0.00518135	193	0.751948	FALSE	NA	NA	NA	NA	NA	NA
2019-nCoV	1648	C	+G	192	83	25	2	0	20	0.0104167	192	0.505859	FALSE	NA	NA	NA	NA	NA	NA
2019-nCoV	1653	T	C	158	42	24	1	1	22	0.00628931	159	0.752366	FALSE	NA	NA	NA	NA	NA	NA
2019-nCoV	1656	T	C	167	54	24	1	1	22	0.00595238	168	0.752239	FALSE	NA	NA	NA	NA	NA	NA
2019-nCoV	1657	T	+G	146	88	23	1	0	20	0.00684932	146	0.754272	FALSE	NA	NA	NA	NA	NA	NA
2019-nCoV	1658	G	A	159	52	23	1	1	20	0.00625	160	0.752351	FALSE	NA	NA	NA	NA	NA	NA
2019-nCoV	1659	G	A	137	89	23	1	1	23	0.00724638	138	0.752727	FALSE	NA	NA	NA	NA	NA	NA
2019-nCoV	1659	G	+GT	137	89	23	1	0	20	0.00724638	138	0.752727	FALSE	NA	NA	NA	NA	NA	NA
2019-nCoV	1660	T	C	183	87	24	2	2	22	0.0108108	185	0.502038	FALSE	NA	NA	NA	NA	NA	NA
2019-nCoV	1660	T	+G	183	87	24	1	0	20	0.00540541	185	0.750681	FALSE	NA	NA	NA	NA	NA	NA
2019-nCoV	1663	C	-T	157	80	23	1	0	20	0.00636943	157	0.753973	FALSE	NA	NA	NA	NA	NA	NA
2019-nCoV	1664	T	C	117	24	23	1	1	26	0.00847458	118	0.751064	FALSE	NA	NA	NA	NA	NA	NA
2019-nCoV	1665	T	C	188	91	25	2	2	26	0.0105263	190	0.501984	FALSE	NA	NA	NA	NA	NA	NA
2019-nCoV	1666	T	C	100	88	23	1	0	25	0.00980392	102	0.751244	FALSE	NA	NA	NA	NA	NA	NA
2019-nCoV	1666	T	A	100	88	23	1	0	21	0.00980392	102	0.751244	FALSE	NA	NA	NA	NA	NA	NA
2019-nCoV	1666	T	-A	100	88	23	1	0	20	0.00980392	102	0.751244	FALSE	NA	NA	NA	NA	NA	NA
2019-nCoV	1666	T	+TC	100	88	23	1	0	20	0.00980392	102	0.751244	FALSE	NA	NA	NA	NA	NA	NA
2019-nCoV	1666	T	+A	100	88	23	4	0	20	0.0392157	102	0.193696	FALSE	NA	NA	NA	NA	NA	NA
2019-nCoV	1669	A	G	125	97	23	1	1	23	0.00793651	126	0.752988	FALSE	NA	NA	NA	NA	NA	NA
2019-nCoV	1670	C	+T	184	89	23	2	0	20	0.0108696	184	0.506114	FALSE	NA	NA	NA	NA	NA	NA
2019-nCoV	1672	T	-A	137	71	22	2	0	20	0.0145985	137	0.508211	FALSE	NA	NA	NA	NA	NA	NA
2019-nCoV	1672	T	+A	137	71	22	1	0	20	0.00729927	137	0.754552	FALSE	NA	NA	NA	NA	NA	NA
2019-nCoV	1676	G	+A	198	90	24	2	0	20	0.010101	198	0.505682	FALSE	NA	NA	NA	NA	NA	NA
2019-nCoV	1677	A	G	162	50	24	1	1	24	0.00613497	163	0.752308	FALSE	NA	NA	NA	NA	NA	NA
2019-nCoV	1681	G	+A	25	12	23	3	0	20	0.12	25	0.148235	FALSE	NA	NA	NA	NA	NA	NA
2019-nCoV	1682	A	-T	21	11	23	2	0	20	0.0952381	21	0.280177	FALSE	NA	NA	NA	NA	NA	NA
2019-nCoV	1688	A	-T	13	5	23	1	0	20	0.0769231	13	0.538462	FALSE	NA	NA	NA	NA	NA	NA
2019-nCoV	1688	A	+T	13	5	23	3	0	20	0.230769	13	0.17094	FALSE	NA	NA	NA	NA	NA	NA
2019-nCoV	1691	A	-T	10	6	22	1	0	20	0.1	10	0.55	FALSE	NA	NA	NA	NA	NA	NA
2019-nCoV	1700	T	+C	24	10	23	1	0	20	0.0416667	24	0.520833	FALSE	NA	NA	NA	NA	NA	NA
2019-nCoV	1701	C	-T	22	11	23	3	0	20	0.136364	22	0.151515	FALSE	NA	NA	NA	NA	NA	NA
2019-nCoV	1701	C	+T	22	11	23	2	0	20	0.0909091	22	0.278788	FALSE	NA	NA	NA	NA	NA	NA
2019-nCoV	1711	T	C	24	12	23	1	1	26	0.04	25	0.510204	FALSE	NA	NA	NA	NA	NA	NA
2019-nCoV	1711	T	-TC	24	12	23	1	0	20	0.04	25	0.510204	FALSE	NA	NA	NA	NA	NA	NA
2019-nCoV	1712	T	-C	20	14	23	1	0	20	0.05	20	0.525	FALSE	NA	NA	NA	NA	NA	NA
2019-nCoV	1714	C	+T	16	11	23	1	0	20	0.0625	16	0.53125	FALSE	NA	NA	NA	NA	NA	NA
2019-nCoV	1716	C	-A	16	9	23	1	0	20	0.0625	16	0.53125	FALSE	NA	NA	NA	NA	NA	NA
2019-nCoV	1721	G	+A	17	14	23	2	0	20	0.117647	17	0.287395	FALSE	NA	NA	NA	NA	NA	NA
2019-nCoV	1730	G	+A	26	20	24	1	0	20	0.0384615	26	0.519231	FALSE	NA	NA	NA	NA	NA	NA
2019-nCoV	1731	A	G	23	8	23	1	1	21	0.0416667	24	0.510638	FALSE	NA	NA	NA	NA	NA	NA
2019-nCoV	1738	G	A	36	21	24	1	1	20	0.027027	37	0.506849	FALSE	NA	NA	NA	NA	NA	NA
2019-nCoV	1739	A	G	21	4	24	1	1	20	0.0454545	22	0.511628	FALSE	NA	NA	NA	NA	NA	NA
2019-nCoV	1746	T	+G	26	21	23	1	0	20	0.0384615	26	0.519231	FALSE	NA	NA	NA	NA	NA	NA
2019-nCoV	1751	T	+A	31	21	23	2	0	20	0.0645161	31	0.270353	FALSE	NA	NA	NA	NA	NA	NA
2019-nCoV	1753	T	+A	30	16	24	1	0	20	0.0333333	30	0.516667	FALSE	NA	NA	NA	NA	NA	NA
2019-nCoV	1758	C	T	32	16	24	1	1	21	0.030303	33	0.507692	FALSE	NA	NA	NA	NA	NA	NA
2019-nCoV	1758	C	+A	32	16	24	1	0	20	0.030303	33	0.507692	FALSE	NA	NA	NA	NA	NA	NA
2019-nCoV	1762	C	+A	36	22	24	1	0	20	0.0277778	36	0.513889	FALSE	NA	NA	NA	NA	NA	NA
2019-nCoV	1764	A	G	39	25	26	1	0	28	0.025	40	0.506329	FALSE	NA	NA	NA	NA	NA	NA
2019-nCoV	1766	C	-A	35	20	24	1	0	20	0.0285714	35	0.514286	FALSE	NA	NA	NA	NA	NA	NA
2019-nCoV	1766	C	+A	35	20	24	2	0	20	0.0571429	35	0.268008	FALSE	NA	NA	NA	NA	NA	NA
2019-nCoV	1775	G	-A	38	24	24	1	0	20	0.0263158	38	0.513158	FALSE	NA	NA	NA	NA	NA	NA
2019-nCoV	1778	T	+C	31	19	24	1	0	20	0.0322581	31	0.516129	FALSE	NA	NA	NA	NA	NA	NA
2019-nCoV	1781	T	+G	36	24	24	2	0	20	0.0555556	36	0.267504	FALSE	NA	NA	NA	NA	NA	NA
2019-nCoV	1782	G	+T	35	24	24	1	0	20	0.0285714	35	0.514286	FALSE	NA	NA	NA	NA	NA	NA
2019-nCoV	1786	T	+A	41	27	24	2	0	20	0.0487805	41	0.265354	FALSE	NA	NA	NA	NA	NA	NA
2019-nCoV	1788	A	-T	36	29	23	4	0	20	0.111111	36	0.0751903	FALSE	NA	NA	NA	NA	NA	NA
2019-nCoV	1788	A	+T	36	29	23	1	0	20	0.0277778	36	0.513889	FALSE	NA	NA	NA	NA	NA	NA
2019-nCoV	1792	T	C	28	27	22	1	0	23	0.0344828	29	0.508772	FALSE	NA	NA	NA	NA	NA	NA
2019-nCoV	1792	T	-A	28	27	22	3	0	20	0.103448	29	0.138269	FALSE	NA	NA	NA	NA	NA	NA
2019-nCoV	1800	C	+A	40	30	22	2	0	20	0.05	40	0.265741	FALSE	NA	NA	NA	NA	NA	NA
2019-nCoV	1806	G	-A	33	30	22	3	0	20	0.0909091	33	0.142469	FALSE	NA	NA	NA	NA	NA	NA
2019-nCoV	1810	A	+G	28	28	21	1	0	20	0.0357143	28	0.517857	FALSE	NA	NA	NA	NA	NA	NA
2019-nCoV	1813	T	-A	40	30	22	15	0	20	0.375	40	1.28026e-4	TRUE	NA	NA	NA	NA	NA	NA
2019-nCoV	1828	G	-A	33	27	24	1	0	20	0.030303	33	0.515152	FALSE	NA	NA	NA	NA	NA	NA
2019-nCoV	1828	G	+A	33	27	24	1	0	20	0.030303	33	0.515152	FALSE	NA	NA	NA	NA	NA	NA
2019-nCoV	1843	G	+A	17	5	25	1	0	20	0.0588235	17	0.529412	FALSE	NA	NA	NA	NA	NA	NA
2019-nCoV	1854	T	+A	17	5	26	1	0	20	0.0588235	17	0.529412	FALSE	NA	NA	NA	NA	NA	NA
2019-nCoV	1862	C	+T	16	4	24	1	0	20	0.0625	16	0.53125	FALSE	NA	NA	NA	NA	NA	NA
2019-nCoV	1894	T	C	32	15	23	1	0	27	0.030303	33	0.507692	FALSE	NA	NA	NA	NA	NA	NA
2019-nCoV	1896	T	+C	43	18	25	1	0	20	0.0232558	43	0.511628	FALSE	NA	NA	NA	NA	NA	NA
2019-nCoV	1898	C	+CA	43	18	25	1	0	20	0.0232558	43	0.511628	FALSE	NA	NA	NA	NA	NA	NA
2019-nCoV	1899	G	-A	42	17	25	1	0	20	0.0238095	42	0.511905	FALSE	NA	NA	NA	NA	NA	NA
2019-nCoV	1902	C	+G	42	17	24	1	0	20	0.0238095	42	0.511905	FALSE	NA	NA	NA	NA	NA	NA
2019-nCoV	1904	A	-T	28	19	24	1	0	20	0.0357143	28	0.517857	FALSE	NA	NA	NA	NA	NA	NA
2019-nCoV	1904	A	+AT	28	19	24	1	0	20	0.0357143	28	0.517857	FALSE	NA	NA	NA	NA	NA	NA
2019-nCoV	1910	T	+C	62	49	23	2	0	20	0.0322581	62	0.260129	FALSE	NA	NA	NA	NA	NA	NA
2019-nCoV	1913	C	+CG	56	52	24	1	0	20	0.0178571	56	0.508929	FALSE	NA	NA	NA	NA	NA	NA
2019-nCoV	1917	C	+T	59	47	23	1	0	20	0.0169492	59	0.508475	FALSE	NA	NA	NA	NA	NA	NA
2019-nCoV	1918	T	+C	60	48	23	2	0	20	0.0333333	60	0.260468	FALSE	NA	NA	NA	NA	NA	NA
2019-nCoV	1922	G	C	65	51	23	1	0	20	0.0151515	66	0.503817	FALSE	NA	NA	NA	NA	NA	NA
2019-nCoV	1922	G	-A	65	51	23	2	0	20	0.030303	66	0.255725	FALSE	NA	NA	NA	NA	NA	NA
2019-nCoV	1923	A	G	20	9	22	2	1	20	0.0909091	22	0.223188	FALSE	NA	NA	NA	NA	NA	NA
2019-nCoV	1931	C	-A	25	10	23	2	0	20	0.08	25	0.275294	FALSE	NA	NA	NA	NA	NA	NA
2019-nCoV	1931	C	+A	25	10	23	2	0	20	0.08	25	0.275294	FALSE	NA	NA	NA	NA	NA	NA
2019-nCoV	1939	T	+G	23	9	24	1	0	20	0.0434783	23	0.521739	FALSE	NA	NA	NA	NA	NA	NA
2019-nCoV	1946	G	-T	73	37	23	3	0	20	0.0410959	73	0.132793	FALSE	NA	NA	NA	NA	NA	NA
2019-nCoV	1953	A	+C	83	45	24	1	0	20	0.0120482	83	0.506024	FALSE	NA	NA	NA	NA	NA	NA
2019-nCoV	1954	G	+GA	83	45	25	1	0	20	0.0120482	83	0.506024	FALSE	NA	NA	NA	NA	NA	NA
2019-nCoV	1959	C	T	68	30	24	1	0	22	0.0144928	69	0.50365	FALSE	NA	NA	NA	NA	NA	NA
2019-nCoV	1964	A	T	83	45	25	1	0	22	0.0119048	84	0.502994	FALSE	NA	NA	NA	NA	NA	NA
2019-nCoV	1967	A	G	68	44	24	1	0	28	0.0144928	69	0.50365	FALSE	NA	NA	NA	NA	NA	NA
2019-nCoV	1972	A	-C	68	34	24	1	0	20	0.0147059	68	0.507353	FALSE	NA	NA	NA	NA	NA	NA
2019-nCoV	1977	A	+T	75	37	24	1	0	20	0.0133333	75	0.506667	FALSE	NA	NA	NA	NA	NA	NA
2019-nCoV	1978	T	C	84	46	24	1	0	25	0.0117647	85	0.502959	FALSE	NA	NA	NA	NA	NA	NA
2019-nCoV	1987	A	G	83	43	24	1	0	26	0.0119048	84	0.502994	FALSE	NA	NA	NA	NA	NA	NA
2019-nCoV	1987	A	+T	83	43	24	3	0	20	0.0357143	84	0.129504	FALSE	NA	NA	NA	NA	NA	NA
2019-nCoV	1995	C	+A	87	50	25	1	0	20	0.0114943	87	0.505747	FALSE	NA	NA	NA	NA	NA	NA
2019-nCoV	1998	T	C	86	49	26	1	1	28	0.0114943	87	0.50289	FALSE	NA	NA	NA	NA	NA	NA
2019-nCoV	1998	T	+G	86	49	26	1	0	20	0.0114943	87	0.50289	FALSE	NA	NA	NA	NA	NA	NA
2019-nCoV	1999	G	+A	85	50	26	1	0	20	0.0117647	85	0.505882	FALSE	NA	NA	NA	NA	NA	NA
2019-nCoV	2010	A	G	81	47	25	1	1	25	0.0121951	82	0.503067	FALSE	NA	NA	NA	NA	NA	NA
2019-nCoV	2014	T	+A	85	48	25	1	0	20	0.0117647	85	0.505882	FALSE	NA	NA	NA	NA	NA	NA
2019-nCoV	2018	A	G	80	45	25	1	1	24	0.0123457	81	0.503106	FALSE	NA	NA	NA	NA	NA	NA
2019-nCoV	2018	A	+G	80	45	25	1	0	20	0.0123457	81	0.503106	FALSE	NA	NA	NA	NA	NA	NA
2019-nCoV	2019	T	C	77	45	24	1	0	27	0.0128205	78	0.503226	FALSE	NA	NA	NA	NA	NA	NA
2019-nCoV	2020	G	+T	76	42	24	1	0	20	0.0131579	76	0.506579	FALSE	NA	NA	NA	NA	NA	NA
2019-nCoV	2023	C	+T	83	44	24	1	0	20	0.0120482	83	0.506024	FALSE	NA	NA	NA	NA	NA	NA
2019-nCoV	2031	A	+T	86	49	24	1	0	20	0.0116279	86	0.505814	FALSE	NA	NA	NA	NA	NA	NA
2019-nCoV	2035	G	A	64	27	23	1	0	22	0.0153846	65	0.503876	FALSE	NA	NA	NA	NA	NA	NA
2019-nCoV	2039	A	-C	90	51	25	1	0	20	0.0111111	90	0.505556	FALSE	NA	NA	NA	NA	NA	NA
2019-nCoV	2040	C	G	88	51	25	1	0	28	0.011236	89	0.5	FALSE	NA	NA	NA	NA	NA	NA
2019-nCoV	2041	T	+A	86	50	25	1	0	20	0.0116279	86	0.505814	FALSE	NA	NA	NA	NA	NA	NA
2019-nCoV	2044	C	+T	85	50	25	1	0	20	0.0117647	85	0.505882	FALSE	NA	NA	NA	NA	NA	NA
2019-nCoV	2049	T	C	87	51	25	1	0	22	0.0113636	88	0.502857	FALSE	NA	NA	NA	NA	NA	NA
2019-nCoV	2049	T	+A	87	51	25	1	0	20	0.0113636	88	0.502857	FALSE	NA	NA	NA	NA	NA	NA
2019-nCoV	2051	G	-T	79	42	24	1	0	20	0.0126582	79	0.506329	FALSE	NA	NA	NA	NA	NA	NA
2019-nCoV	2052	T	C	55	19	24	1	1	28	0.0178571	56	0.5	FALSE	NA	NA	NA	NA	NA	NA
2019-nCoV	2053	T	C	68	45	23	1	1	23	0.0144928	69	0.50365	FALSE	NA	NA	NA	NA	NA	NA
2019-nCoV	2053	T	+G	68	45	23	1	0	20	0.0144928	69	0.50365	FALSE	NA	NA	NA	NA	NA	NA
2019-nCoV	2054	G	+T	75	42	24	1	0	20	0.0133333	75	0.506667	FALSE	NA	NA	NA	NA	NA	NA
2019-nCoV	2055	T	+A	82	48	24	1	0	20	0.0121951	82	0.506098	FALSE	NA	NA	NA	NA	NA	NA
2019-nCoV	2057	A	G	71	45	23	1	0	24	0.0138889	72	0.503497	FALSE	NA	NA	NA	NA	NA	NA
2019-nCoV	2060	G	+C	77	49	23	1	0	20	0.012987	77	0.506494	FALSE	NA	NA	NA	NA	NA	NA
2019-nCoV	2062	C	+T	81	50	23	1	0	20	0.0123457	81	0.506173	FALSE	NA	NA	NA	NA	NA	NA
2019-nCoV	2065	C	+T	91	54	24	1	0	20	0.010989	91	0.505495	FALSE	NA	NA	NA	NA	NA	NA
2019-nCoV	2066	A	+T	90	53	24	1	0	20	0.0111111	90	0.505556	FALSE	NA	NA	NA	NA	NA	NA
2019-nCoV	2069	A	+G	86	52	25	1	0	20	0.0116279	86	0.505814	FALSE	NA	NA	NA	NA	NA	NA
2019-nCoV	2071	A	G	87	50	25	1	1	20	0.011236	89	0.5	FALSE	NA	NA	NA	NA	NA	NA
2019-nCoV	2071	A	C	87	50	25	1	0	20	0.011236	89	0.5	FALSE	NA	NA	NA	NA	NA	NA
2019-nCoV	2071	A	+G	87	50	25	1	0	20	0.011236	89	0.5	FALSE	NA	NA	NA	NA	NA	NA
2019-nCoV	2078	G	-T	86	51	24	1	0	20	0.0116279	86	0.505814	FALSE	NA	NA	NA	NA	NA	NA
2019-nCoV	2078	G	+GT	86	51	24	1	0	20	0.0116279	86	0.505814	FALSE	NA	NA	NA	NA	NA	NA
2019-nCoV	2081	G	+T	84	52	24	1	0	20	0.0119048	84	0.505952	FALSE	NA	NA	NA	NA	NA	NA
2019-nCoV	2082	T	C	73	37	23	1	1	25	0.0135135	74	0.503401	FALSE	NA	NA	NA	NA	NA	NA
2019-nCoV	2083	T	G	81	53	24	1	0	20	0.0120482	83	0.5	FALSE	NA	NA	NA	NA	NA	NA
2019-nCoV	2083	T	A	81	53	24	1	1	24	0.0120482	83	0.5	FALSE	NA	NA	NA	NA	NA	NA
2019-nCoV	2086	G	+T	86	52	25	1	0	20	0.0116279	86	0.505814	FALSE	NA	NA	NA	NA	NA	NA
2019-nCoV	2087	T	C	67	33	24	1	0	25	0.0147059	68	0.503704	FALSE	NA	NA	NA	NA	NA	NA
2019-nCoV	2088	T	+TG	81	52	24	1	0	20	0.0123457	81	0.506173	FALSE	NA	NA	NA	NA	NA	NA
2019-nCoV	2091	C	+T	75	42	24	1	0	20	0.0133333	75	0.506667	FALSE	NA	NA	NA	NA	NA	NA
2019-nCoV	2099	T	+G	54	33	24	1	0	20	0.0185185	54	0.509259	FALSE	NA	NA	NA	NA	NA	NA
2019-nCoV	2103	T	G	53	32	24	1	1	20	0.0185185	54	0.504673	FALSE	NA	NA	NA	NA	NA	NA
2019-nCoV	2103	T	+TA	53	32	24	1	0	20	0.0185185	54	0.504673	FALSE	NA	NA	NA	NA	NA	NA
2019-nCoV	2104	A	T	46	24	23	1	1	25	0.0212766	47	0.505376	FALSE	NA	NA	NA	NA	NA	NA
2019-nCoV	2106	C	+T	53	32	24	1	0	20	0.0188679	53	0.509434	FALSE	NA	NA	NA	NA	NA	NA
2019-nCoV	2111	A	+T	51	33	24	1	0	20	0.0196078	51	0.509804	FALSE	NA	NA	NA	NA	NA	NA
2019-nCoV	2111	A	+G	51	33	24	1	0	20	0.0196078	51	0.509804	FALSE	NA	NA	NA	NA	NA	NA
2019-nCoV	2112	T	+C	51	32	24	1	0	20	0.0196078	51	0.509804	FALSE	NA	NA	NA	NA	NA	NA
2019-nCoV	2113	C	+T	48	30	24	1	0	20	0.0208333	48	0.510417	FALSE	NA	NA	NA	NA	NA	NA
2019-nCoV	2119	C	T	48	28	24	2	1	24	0.04	50	0.252525	FALSE	NA	NA	NA	NA	NA	NA
2019-nCoV	2119	C	-A	48	28	24	1	0	20	0.02	50	0.5	FALSE	NA	NA	NA	NA	NA	NA
2019-nCoV	2120	A	T	47	28	24	1	0	26	0.0208333	48	0.5	FALSE	NA	NA	NA	NA	NA	NA
2019-nCoV	2121	C	+T	54	32	24	1	0	20	0.0185185	54	0.509259	FALSE	NA	NA	NA	NA	NA	NA
2019-nCoV	2123	G	-T	53	33	24	1	0	20	0.0188679	53	0.509434	FALSE	NA	NA	NA	NA	NA	NA
2019-nCoV	2123	G	+T	53	33	24	1	0	20	0.0188679	53	0.509434	FALSE	NA	NA	NA	NA	NA	NA
2019-nCoV	2123	G	+A	53	33	24	1	0	20	0.0188679	53	0.509434	FALSE	NA	NA	NA	NA	NA	NA
2019-nCoV	2126	T	+TA	35	32	23	1	0	20	0.0285714	35	0.514286	FALSE	NA	NA	NA	NA	NA	NA
2019-nCoV	2127	A	+G	46	31	23	1	0	20	0.0217391	46	0.51087	FALSE	NA	NA	NA	NA	NA	NA
2019-nCoV	2129	G	-A	47	33	22	8	0	20	0.170213	47	0.00602471	TRUE	NA	NA	NA	NA	NA	NA
2019-nCoV	2129	G	+A	47	33	22	1	0	20	0.0212766	47	0.510638	FALSE	NA	NA	NA	NA	NA	NA
2019-nCoV	2136	T	-C	49	34	23	1	0	20	0.0204082	49	0.510204	FALSE	NA	NA	NA	NA	NA	NA
2019-nCoV	2136	T	+C	49	34	23	1	0	20	0.0204082	49	0.510204	FALSE	NA	NA	NA	NA	NA	NA
2019-nCoV	2137	C	-A	150	80	23	4	0	20	0.0264901	151	0.19376	FALSE	NA	NA	NA	NA	NA	NA
2019-nCoV	2140	A	+AC	98	83	23	1	0	20	0.010101	99	0.502538	FALSE	NA	NA	NA	NA	NA	NA
2019-nCoV	2145	T	+A	163	96	24	3	0	20	0.0184049	163	0.320578	FALSE	NA	NA	NA	NA	NA	NA
2019-nCoV	2148	T	A	147	76	23	1	0	20	0.00675676	148	0.752542	FALSE	NA	NA	NA	NA	NA	NA
2019-nCoV	2149	T	+TG	142	95	24	1	0	20	0.00704225	142	0.754392	FALSE	NA	NA	NA	NA	NA	NA
2019-nCoV	2151	A	-T	159	90	25	1	0	20	0.00628931	159	0.753923	FALSE	NA	NA	NA	NA	NA	NA
2019-nCoV	2151	A	+C	159	90	25	1	0	20	0.00628931	159	0.753923	FALSE	NA	NA	NA	NA	NA	NA
2019-nCoV	2151	A	+AT	159	90	25	1	0	20	0.00628931	159	0.753923	FALSE	NA	NA	NA	NA	NA	NA
2019-nCoV	2153	T	C	137	90	24	2	1	25	0.0143885	139	0.502717	FALSE	NA	NA	NA	NA	NA	NA
2019-nCoV	2153	T	+G	137	90	24	1	0	20	0.00719424	139	0.750909	FALSE	NA	NA	NA	NA	NA	NA
2019-nCoV	2155	G	+C	136	90	24	1	0	20	0.00735294	136	0.754585	FALSE	NA	NA	NA	NA	NA	NA
2019-nCoV	2156	C	+T	155	86	25	1	0	20	0.00645161	155	0.754024	FALSE	NA	NA	NA	NA	NA	NA
2019-nCoV	2159	G	-A	149	86	24	1	0	20	0.00671141	149	0.754186	FALSE	NA	NA	NA	NA	NA	NA
2019-nCoV	2161	A	T	115	93	25	1	1	31	0.00854701	117	0.5	FALSE	NA	NA	NA	NA	NA	NA
2019-nCoV	2161	A	G	115	93	25	1	1	20	0.00854701	117	0.751082	FALSE	NA	NA	NA	NA	NA	NA
2019-nCoV	2162	G	+A	105	59	24	1	0	20	0.00952381	105	0.755935	FALSE	NA	NA	NA	NA	NA	NA
2019-nCoV	2164	G	+A	108	60	25	2	0	20	0.0185185	108	0.510416	FALSE	NA	NA	NA	NA	NA	NA
2019-nCoV	2167	G	+T	112	61	24	1	0	20	0.00892857	112	0.755565	FALSE	NA	NA	NA	NA	NA	NA
2019-nCoV	2182	A	+G	100	58	24	1	0	20	0.01	100	0.753731	FALSE	NA	NA	NA	NA	NA	NA
2019-nCoV	2185	G	-T	105	56	23	6	0	20	0.0571429	105	0.0705805	FALSE	NA	NA	NA	NA	NA	NA
2019-nCoV	2190	T	C	87	38	23	1	1	22	0.0113636	88	0.502857	FALSE	NA	NA	NA	NA	NA	NA
2019-nCoV	2191	T	+TA	91	58	24	1	0	20	0.010989	91	0.505495	FALSE	NA	NA	NA	NA	NA	NA
2019-nCoV	2192	A	G	106	56	24	1	0	25	0.00934579	107	0.753521	FALSE	NA	NA	NA	NA	NA	NA
2019-nCoV	2192	A	+G	106	56	24	1	0	20	0.00934579	107	0.753521	FALSE	NA	NA	NA	NA	NA	NA
2019-nCoV	2193	G	+A	106	56	25	1	0	20	0.00943396	106	0.755879	FALSE	NA	NA	NA	NA	NA	NA
2019-nCoV	2204	G	-A	57	54	24	1	0	20	0.0175439	57	0.508772	FALSE	NA	NA	NA	NA	NA	NA
2019-nCoV	2207	A	T	62	55	24	1	0	22	0.015873	63	0.504	FALSE	NA	NA	NA	NA	NA	NA
2019-nCoV	2207	A	+T	62	55	24	1	0	20	0.015873	63	0.504	FALSE	NA	NA	NA	NA	NA	NA
2019-nCoV	2208	T	C	76	33	22	1	0	20	0.012987	77	0.503268	FALSE	NA	NA	NA	NA	NA	NA
2019-nCoV	2212	T	-A	82	57	23	1	0	20	0.0121951	82	0.506098	FALSE	NA	NA	NA	NA	NA	NA
2019-nCoV	2212	T	+G	82	57	23	1	0	20	0.0121951	82	0.506098	FALSE	NA	NA	NA	NA	NA	NA
2019-nCoV	2213	A	G	62	16	23	1	1	27	0.015873	63	0.504	FALSE	NA	NA	NA	NA	NA	NA
2019-nCoV	2219	A	+AT	84	56	23	1	0	20	0.0119048	84	0.505952	FALSE	NA	NA	NA	NA	NA	NA
2019-nCoV	2227	C	T	85	55	23	1	1	23	0.0116279	86	0.502924	FALSE	NA	NA	NA	NA	NA	NA
2019-nCoV	2229	G	A	98	56	25	1	0	27	0.010101	99	0.502538	FALSE	NA	NA	NA	NA	NA	NA
2019-nCoV	2230	T	C	105	59	25	1	0	23	0.00943396	106	0.753555	FALSE	NA	NA	NA	NA	NA	NA
2019-nCoV	2230	T	+G	105	59	25	1	0	20	0.00943396	106	0.753555	FALSE	NA	NA	NA	NA	NA	NA
2019-nCoV	2237	G	-A	88	57	23	2	0	20	0.0227273	88	0.257126	FALSE	NA	NA	NA	NA	NA	NA
2019-nCoV	2251	A	G	97	54	24	2	2	27	0.020202	99	0.251269	FALSE	NA	NA	NA	NA	NA	NA
2019-nCoV	2252	C	+A	101	58	24	1	0	20	0.00990099	101	0.75617	FALSE	NA	NA	NA	NA	NA	NA
2019-nCoV	2258	G	C	97	49	25	1	1	20	0.0102041	98	0.502564	FALSE	NA	NA	NA	NA	NA	NA
2019-nCoV	2260	C	+G	106	59	25	1	0	20	0.00943396	106	0.755879	FALSE	NA	NA	NA	NA	NA	NA
2019-nCoV	2260	C	+A	106	59	25	1	0	20	0.00943396	106	0.755879	FALSE	NA	NA	NA	NA	NA	NA
2019-nCoV	2263	C	T	85	53	23	2	0	28	0.0229885	87	0.251445	FALSE	NA	NA	NA	NA	NA	NA
2019-nCoV	2264	T	C	96	50	24	1	1	21	0.0103093	97	0.502591	FALSE	NA	NA	NA	NA	NA	NA
2019-nCoV	2267	G	+A	102	56	24	1	0	20	0.00980392	102	0.756109	FALSE	NA	NA	NA	NA	NA	NA
2019-nCoV	2268	C	-A	98	54	24	1	0	20	0.0102041	98	0.505102	FALSE	NA	NA	NA	NA	NA	NA
2019-nCoV	2273	G	+A	71	60	24	1	0	20	0.0140845	71	0.507042	FALSE	NA	NA	NA	NA	NA	NA
2019-nCoV	2283	A	+G	102	59	25	1	0	20	0.00980392	102	0.756109	FALSE	NA	NA	NA	NA	NA	NA
2019-nCoV	2284	G	+C	101	58	24	1	0	20	0.00990099	101	0.75617	FALSE	NA	NA	NA	NA	NA	NA
2019-nCoV	2284	G	+A	101	58	24	1	0	20	0.00990099	101	0.75617	FALSE	NA	NA	NA	NA	NA	NA
2019-nCoV	2288	G	-T	103	55	24	1	0	20	0.00970874	103	0.75605	FALSE	NA	NA	NA	NA	NA	NA
2019-nCoV	2289	T	C	96	50	24	2	0	23	0.0204082	98	0.248718	FALSE	NA	NA	NA	NA	NA	NA
2019-nCoV	2293	G	-A	103	57	24	1	0	20	0.00970874	103	0.75605	FALSE	NA	NA	NA	NA	NA	NA
2019-nCoV	2294	A	C	102	55	24	1	1	24	0.00970874	103	0.75122	FALSE	NA	NA	NA	NA	NA	NA
2019-nCoV	2296	A	+T	103	56	25	1	0	20	0.00970874	103	0.75605	FALSE	NA	NA	NA	NA	NA	NA
2019-nCoV	2299	C	-T	104	58	24	2	0	20	0.0192308	104	0.510817	FALSE	NA	NA	NA	NA	NA	NA
2019-nCoV	2299	C	+T	104	58	24	1	0	20	0.00961538	104	0.755992	FALSE	NA	NA	NA	NA	NA	NA
2019-nCoV	2304	A	+T	89	57	23	1	0	20	0.011236	89	0.505618	FALSE	NA	NA	NA	NA	NA	NA
2019-nCoV	2304	A	+G	89	57	23	1	0	20	0.011236	89	0.505618	FALSE	NA	NA	NA	NA	NA	NA
2019-nCoV	2308	T	+G	83	59	23	1	0	20	0.0120482	83	0.506024	FALSE	NA	NA	NA	NA	NA	NA
2019-nCoV	2309	G	T	106	61	24	1	1	23	0.00934579	107	0.753521	FALSE	NA	NA	NA	NA	NA	NA
2019-nCoV	2310	T	G	105	60	23	1	1	23	0.00943396	106	0.753555	FALSE	NA	NA	NA	NA	NA	NA
2019-nCoV	2310	T	-A	105	60	23	5	0	20	0.0471698	106	0.11726	FALSE	NA	NA	NA	NA	NA	NA
2019-nCoV	2311	A	T	53	9	24	1	1	20	0.0185185	54	0.495413	FALSE	NA	NA	NA	NA	NA	NA
2019-nCoV	2314	T	-A	99	59	22	1	0	20	0.010101	99	0.505051	FALSE	NA	NA	NA	NA	NA	NA
2019-nCoV	2314	T	+A	99	59	22	2	0	20	0.020202	99	0.256332	FALSE	NA	NA	NA	NA	NA	NA
2019-nCoV	2316	A	G	107	61	25	1	1	20	0.00925926	108	0.753488	FALSE	NA	NA	NA	NA	NA	NA
2019-nCoV	2316	A	-AT	107	61	25	1	0	20	0.00925926	108	0.753488	FALSE	NA	NA	NA	NA	NA	NA
2019-nCoV	2317	A	-T	69	61	22	26	0	20	0.376812	69	1.50972e-7	TRUE	NA	NA	NA	NA	NA	NA
2019-nCoV	2317	A	+T	69	61	22	1	0	20	0.0144928	69	0.507246	FALSE	NA	NA	NA	NA	NA	NA
2019-nCoV	2317	A	+GT	69	61	22	1	0	20	0.0144928	69	0.507246	FALSE	NA	NA	NA	NA	NA	NA
2019-nCoV	2327	T	C	107	62	25	1	0	28	0.00925926	108	0.753488	FALSE	NA	NA	NA	NA	NA	NA
2019-nCoV	2334	C	+T	91	47	25	1	0	20	0.010989	91	0.505495	FALSE	NA	NA	NA	NA	NA	NA
2019-nCoV	2337	A	-C	111	65	25	1	0	20	0.00900901	111	0.755615	FALSE	NA	NA	NA	NA	NA	NA
2019-nCoV	2337	A	+C	111	65	25	1	0	20	0.00900901	111	0.755615	FALSE	NA	NA	NA	NA	NA	NA
2019-nCoV	2340	C	T	102	56	25	1	1	31	0.00970874	103	0.502439	FALSE	NA	NA	NA	NA	NA	NA
2019-nCoV	2340	C	+G	102	56	25	1	0	20	0.00970874	103	0.753659	FALSE	NA	NA	NA	NA	NA	NA
2019-nCoV	2402	T	C	24	18	25	1	0	24	0.04	25	0.510204	FALSE	NA	NA	NA	NA	NA	NA
2019-nCoV	2410	A	G	24	17	25	1	1	22	0.04	25	0.510204	FALSE	NA	NA	NA	NA	NA	NA
2019-nCoV	2413	G	+A	25	18	25	1	0	20	0.04	25	0.52	FALSE	NA	NA	NA	NA	NA	NA
2019-nCoV	2415	A	+T	25	18	25	1	0	20	0.04	25	0.52	FALSE	NA	NA	NA	NA	NA	NA
2019-nCoV	2428	T	-A	19	16	25	1	0	20	0.0526316	19	0.526316	FALSE	NA	NA	NA	NA	NA	NA
2019-nCoV	2431	A	+G	18	16	25	1	0	20	0.0555556	18	0.527778	FALSE	NA	NA	NA	NA	NA	NA
2019-nCoV	2434	C	+A	23	18	25	1	0	20	0.0434783	23	0.521739	FALSE	NA	NA	NA	NA	NA	NA
2019-nCoV	2440	A	T	22	17	25	2	2	26	0.0833333	24	0.255319	FALSE	NA	NA	NA	NA	NA	NA
2019-nCoV	2448	G	+C	21	18	25	1	0	20	0.047619	21	0.52381	FALSE	NA	NA	NA	NA	NA	NA
2019-nCoV	2451	T	C	23	18	25	1	1	22	0.0416667	24	0.510638	FALSE	NA	NA	NA	NA	NA	NA
2019-nCoV	2456	A	G	23	17	24	1	1	23	0.0416667	24	0.510638	FALSE	NA	NA	NA	NA	NA	NA
2019-nCoV	2457	T	+A	24	18	25	1	0	20	0.0416667	24	0.520833	FALSE	NA	NA	NA	NA	NA	NA
2019-nCoV	2460	C	+T	20	17	25	1	0	20	0.05	20	0.525	FALSE	NA	NA	NA	NA	NA	NA
2019-nCoV	2463	T	-A	22	17	23	4	0	20	0.181818	22	0.0838169	FALSE	NA	NA	NA	NA	NA	NA
2019-nCoV	2468	G	-C	20	17	23	1	0	20	0.05	20	0.525	FALSE	NA	NA	NA	NA	NA	NA
2019-nCoV	2468	G	+C	20	17	23	1	0	20	0.05	20	0.525	FALSE	NA	NA	NA	NA	NA	NA
2019-nCoV	2477	G	+GA	21	16	24	1	0	20	0.047619	21	0.52381	FALSE	NA	NA	NA	NA	NA	NA
2019-nCoV	2477	G	+A	21	16	24	1	0	20	0.047619	21	0.52381	FALSE	NA	NA	NA	NA	NA	NA
2019-nCoV	2485	C	+T	25	19	24	1	0	20	0.04	25	0.52	FALSE	NA	NA	NA	NA	NA	NA
2019-nCoV	2488	C	+T	26	19	24	1	0	20	0.0384615	26	0.519231	FALSE	NA	NA	NA	NA	NA	NA
2019-nCoV	2498	G	-A	24	18	24	1	0	20	0.0416667	24	0.520833	FALSE	NA	NA	NA	NA	NA	NA
2019-nCoV	2505	T	C	19	12	22	1	1	23	0.05	20	0.512821	FALSE	NA	NA	NA	NA	NA	NA
2019-nCoV	2516	G	+A	25	18	23	1	0	20	0.04	25	0.52	FALSE	NA	NA	NA	NA	NA	NA
2019-nCoV	2525	G	+A	28	20	24	1	0	20	0.0357143	28	0.517857	FALSE	NA	NA	NA	NA	NA	NA
2019-nCoV	2539	G	-A	27	20	23	3	0	20	0.111111	27	0.146465	FALSE	NA	NA	NA	NA	NA	NA
2019-nCoV	2548	T	+C	25	18	25	1	0	20	0.04	25	0.52	FALSE	NA	NA	NA	NA	NA	NA
2019-nCoV	2550	A	-T	26	20	24	1	0	20	0.0384615	26	0.519231	FALSE	NA	NA	NA	NA	NA	NA
2019-nCoV	2555	C	+A	26	19	25	1	0	20	0.0384615	26	0.519231	FALSE	NA	NA	NA	NA	NA	NA
2019-nCoV	2560	A	G	23	18	24	1	1	26	0.0416667	24	0.510638	FALSE	NA	NA	NA	NA	NA	NA
2019-nCoV	2560	A	+T	23	18	24	1	0	20	0.0416667	24	0.510638	FALSE	NA	NA	NA	NA	NA	NA
2019-nCoV	2563	A	+G	26	19	24	1	0	20	0.0384615	26	0.519231	FALSE	NA	NA	NA	NA	NA	NA
2019-nCoV	2575	T	+A	24	17	25	1	0	20	0.0416667	24	0.520833	FALSE	NA	NA	NA	NA	NA	NA
2019-nCoV	2577	G	A	19	14	25	4	3	25	0.173913	23	0.0594315	FALSE	NA	NA	NA	NA	NA	NA
2019-nCoV	2595	C	+G	27	20	24	1	0	20	0.037037	27	0.518519	FALSE	NA	NA	NA	NA	NA	NA
2019-nCoV	2596	A	-T	25	19	24	1	0	20	0.04	25	0.52	FALSE	NA	NA	NA	NA	NA	NA
2019-nCoV	2598	T	+G	23	17	23	1	0	20	0.0434783	23	0.521739	FALSE	NA	NA	NA	NA	NA	NA
2019-nCoV	2600	G	+T	20	15	23	3	0	20	0.15	20	0.154268	FALSE	NA	NA	NA	NA	NA	NA
2019-nCoV	2612	G	-T	26	18	24	1	0	20	0.0384615	26	0.519231	FALSE	NA	NA	NA	NA	NA	NA
2019-nCoV	2612	G	+T	26	18	24	1	0	20	0.0384615	26	0.519231	FALSE	NA	NA	NA	NA	NA	NA
2019-nCoV	2613	T	C	13	5	24	1	1	27	0.0714286	14	0.518519	FALSE	NA	NA	NA	NA	NA	NA
2019-nCoV	2636	C	T	2	1	24	2	0	24	0.5	4	0.285714	FALSE	NA	NA	NA	NA	NA	NA
2019-nCoV	2653	A	G	9	1	24	1	0	26	0.1	10	0.526316	FALSE	NA	NA	NA	NA	NA	NA
2019-nCoV	2666	G	A	98	42	24	1	0	29	0.010101	99	0.502538	FALSE	NA	NA	NA	NA	NA	NA
2019-nCoV	2666	G	+C	98	42	24	1	0	20	0.010101	99	0.502538	FALSE	NA	NA	NA	NA	NA	NA
2019-nCoV	2667	C	T	79	24	24	1	0	25	0.0125	80	0.503145	FALSE	NA	NA	NA	NA	NA	NA
2019-nCoV	2670	T	A	83	30	23	1	0	23	0.0119048	84	0.502994	FALSE	NA	NA	NA	NA	NA	NA
2019-nCoV	2673	C	T	94	39	25	1	1	28	0.0105263	95	0.502646	FALSE	NA	NA	NA	NA	NA	NA
2019-nCoV	2674	A	+C	95	40	25	1	0	20	0.0105263	95	0.505263	FALSE	NA	NA	NA	NA	NA	NA
2019-nCoV	2677	T	+A	95	41	25	3	0	20	0.0315789	95	0.130973	FALSE	NA	NA	NA	NA	NA	NA
2019-nCoV	2681	A	+C	93	41	25	1	0	20	0.0107527	93	0.505376	FALSE	NA	NA	NA	NA	NA	NA
2019-nCoV	2691	C	+A	90	41	25	1	0	20	0.0111111	90	0.505556	FALSE	NA	NA	NA	NA	NA	NA
2019-nCoV	2695	C	-A	88	42	24	1	0	20	0.0113636	88	0.505682	FALSE	NA	NA	NA	NA	NA	NA
2019-nCoV	2695	C	+A	88	42	24	2	0	20	0.0227273	88	0.257126	FALSE	NA	NA	NA	NA	NA	NA
2019-nCoV	2703	T	C	65	40	23	2	0	27	0.0298507	67	0.25188	FALSE	NA	NA	NA	NA	NA	NA
2019-nCoV	2704	C	+A	88	40	24	1	0	20	0.0113636	88	0.505682	FALSE	NA	NA	NA	NA	NA	NA
2019-nCoV	2707	A	G	88	38	25	1	1	27	0.011236	89	0.502825	FALSE	NA	NA	NA	NA	NA	NA
2019-nCoV	2710	C	T	93	42	25	1	0	22	0.0106383	94	0.502674	FALSE	NA	NA	NA	NA	NA	NA
2019-nCoV	2715	G	-C	174	101	24	1	0	20	0.00574713	174	0.753586	FALSE	NA	NA	NA	NA	NA	NA
2019-nCoV	2716	C	T	194	97	25	2	0	25	0.0102041	196	0.5	FALSE	NA	NA	NA	NA	NA	NA
2019-nCoV	2720	G	+A	193	94	25	1	0	20	0.00518135	193	0.753233	FALSE	NA	NA	NA	NA	NA	NA
2019-nCoV	2722	A	-C	179	83	24	3	0	20	0.0167598	179	0.319854	FALSE	NA	NA	NA	NA	NA	NA
2019-nCoV	2724	C	+CA	129	84	23	1	0	20	0.00775194	129	0.754834	FALSE	NA	NA	NA	NA	NA	NA
2019-nCoV	2724	C	+A	129	84	23	2	0	20	0.0155039	129	0.508721	FALSE	NA	NA	NA	NA	NA	NA
2019-nCoV	2727	C	-A	175	91	24	2	0	20	0.0114286	175	0.506428	FALSE	NA	NA	NA	NA	NA	NA
2019-nCoV	2727	C	+A	175	91	24	6	0	20	0.0342857	175	0.067284	FALSE	NA	NA	NA	NA	NA	NA
2019-nCoV	2734	T	-A	162	99	23	1	0	20	0.00617284	162	0.753851	FALSE	NA	NA	NA	NA	NA	NA
2019-nCoV	2736	C	-T	189	98	23	12	0	20	0.0634921	189	0.00214825	TRUE	NA	NA	NA	NA	NA	NA
2019-nCoV	2736	C	+T	189	98	23	2	0	20	0.010582	189	0.505952	FALSE	NA	NA	NA	NA	NA	NA
2019-nCoV	2738	T	C	191	95	24	1	1	28	0.00520833	192	0.751958	FALSE	NA	NA	NA	NA	NA	NA
2019-nCoV	2740	T	+TA	105	100	24	1	0	20	0.00952381	105	0.755935	FALSE	NA	NA	NA	NA	NA	NA
2019-nCoV	2741	G	T	127	34	23	2	2	23	0.0155039	129	0.50293	FALSE	NA	NA	NA	NA	NA	NA
2019-nCoV	2744	G	+GA	194	100	25	1	0	20	0.00515464	194	0.753217	FALSE	NA	NA	NA	NA	NA	NA
2019-nCoV	2746	T	C	191	100	25	1	1	22	0.00520833	192	0.751958	FALSE	NA	NA	NA	NA	NA	NA
2019-nCoV	2746	T	-G	191	100	25	1	0	20	0.00520833	192	0.751958	FALSE	NA	NA	NA	NA	NA	NA
2019-nCoV	2747	G	-A	193	97	25	1	0	20	0.00515464	194	0.751938	FALSE	NA	NA	NA	NA	NA	NA
2019-nCoV	2749	C	+A	190	99	25	1	0	20	0.00526316	190	0.753284	FALSE	NA	NA	NA	NA	NA	NA
2019-nCoV	2750	A	+G	193	101	24	1	0	20	0.00518135	193	0.753233	FALSE	NA	NA	NA	NA	NA	NA
2019-nCoV	2751	C	-T	195	101	25	1	0	20	0.00512821	195	0.7532	FALSE	NA	NA	NA	NA	NA	NA
2019-nCoV	2751	C	+T	195	101	25	1	0	20	0.00512821	195	0.7532	FALSE	NA	NA	NA	NA	NA	NA
2019-nCoV	2754	T	C	194	103	25	1	0	22	0.00512821	195	0.751928	FALSE	NA	NA	NA	NA	NA	NA
2019-nCoV	2755	G	+C	198	102	25	1	0	20	0.00505051	198	0.753152	FALSE	NA	NA	NA	NA	NA	NA
2019-nCoV	2756	A	C	194	103	25	1	1	20	0.00512821	195	0.751928	FALSE	NA	NA	NA	NA	NA	NA
2019-nCoV	2758	A	G	196	102	25	1	0	25	0.00507614	197	0.751908	FALSE	NA	NA	NA	NA	NA	NA
2019-nCoV	2759	G	+T	197	99	25	1	0	20	0.00507614	197	0.753168	FALSE	NA	NA	NA	NA	NA	NA
2019-nCoV	2762	G	+CA	188	93	25	1	0	20	0.00531915	188	0.753319	FALSE	NA	NA	NA	NA	NA	NA
2019-nCoV	2762	G	+A	188	93	25	7	0	20	0.037234	188	0.0384434	FALSE	NA	NA	NA	NA	NA	NA
2019-nCoV	2763	T	A	182	83	25	1	1	25	0.00546448	183	0.752055	FALSE	NA	NA	NA	NA	NA	NA
2019-nCoV	2763	T	+TG	182	83	25	1	0	20	0.00546448	183	0.752055	FALSE	NA	NA	NA	NA	NA	NA
2019-nCoV	2764	G	+T	177	79	24	2	0	20	0.0112994	177	0.506356	FALSE	NA	NA	NA	NA	NA	NA
2019-nCoV	2770	T	C	136	39	24	1	0	27	0.00729927	137	0.752747	FALSE	NA	NA	NA	NA	NA	NA
2019-nCoV	2773	C	+A	166	76	24	1	0	20	0.0060241	166	0.753758	FALSE	NA	NA	NA	NA	NA	NA
2019-nCoV	2774	A	G	126	35	24	1	1	25	0.00787402	127	0.750988	FALSE	NA	NA	NA	NA	NA	NA
2019-nCoV	2775	A	+G	141	91	23	1	0	20	0.0070922	141	0.754423	FALSE	NA	NA	NA	NA	NA	NA
2019-nCoV	2777	A	G	191	94	24	1	0	23	0.00520833	192	0.751958	FALSE	NA	NA	NA	NA	NA	NA
2019-nCoV	2779	T	+G	196	98	25	1	0	20	0.00510204	196	0.753184	FALSE	NA	NA	NA	NA	NA	NA
2019-nCoV	2780	G	A	188	93	25	1	0	27	0.00529101	189	0.751989	FALSE	NA	NA	NA	NA	NA	NA
2019-nCoV	2780	G	+C	188	93	25	1	0	20	0.00529101	189	0.751989	FALSE	NA	NA	NA	NA	NA	NA
2019-nCoV	2780	G	+A	188	93	25	3	0	20	0.015873	189	0.31748	FALSE	NA	NA	NA	NA	NA	NA
2019-nCoV	2781	T	C	194	95	25	1	0	23	0.00512821	195	0.751928	FALSE	NA	NA	NA	NA	NA	NA
2019-nCoV	2781	T	-G	194	95	25	1	0	20	0.00512821	195	0.751928	FALSE	NA	NA	NA	NA	NA	NA
2019-nCoV	2782	G	+T	198	98	25	1	0	20	0.00505051	198	0.753152	FALSE	NA	NA	NA	NA	NA	NA
2019-nCoV	2782	G	+A	198	98	25	2	0	20	0.010101	198	0.505682	FALSE	NA	NA	NA	NA	NA	NA
2019-nCoV	2783	A	G	163	63	24	1	1	20	0.00609756	164	0.752294	FALSE	NA	NA	NA	NA	NA	NA
2019-nCoV	2786	A	+C	191	91	25	1	0	20	0.0052356	191	0.753267	FALSE	NA	NA	NA	NA	NA	NA
2019-nCoV	2787	T	A	178	78	25	1	1	20	0.00558659	179	0.752101	FALSE	NA	NA	NA	NA	NA	NA
2019-nCoV	2787	T	-C	178	78	25	1	0	20	0.00558659	179	0.752101	FALSE	NA	NA	NA	NA	NA	NA
2019-nCoV	2787	T	+C	178	78	25	1	0	20	0.00558659	179	0.752101	FALSE	NA	NA	NA	NA	NA	NA
2019-nCoV	2789	A	-CT	156	66	23	2	0	20	0.0128205	156	0.507211	FALSE	NA	NA	NA	NA	NA	NA
2019-nCoV	2789	A	-C	156	66	23	97	0	20	0.621795	156	5.01661e-23	TRUE	NA	NA	NA	NA	NA	NA
2019-nCoV	2790	C	T	0	0	0	24	1	22	0.96	25	1.80788e-25	TRUE	NA	NA	NA	NA	NA	NA
2019-nCoV	2790	C	A	0	0	0	1	1	20	0.04	25	0.0106383	FALSE	NA	NA	NA	NA	NA	NA
2019-nCoV	2791	T	C	128	44	24	2	1	28	0.0153846	130	0.497115	FALSE	NA	NA	NA	NA	NA	NA
2019-nCoV	2795	G	-A	163	93	23	2	0	20	0.0122699	163	0.506902	FALSE	NA	NA	NA	NA	NA	NA
2019-nCoV	2796	A	G	132	62	22	2	2	24	0.0149254	134	0.497201	FALSE	NA	NA	NA	NA	NA	NA
2019-nCoV	2798	C	+T	176	106	23	8	0	20	0.0454545	176	0.0220228	FALSE	NA	NA	NA	NA	NA	NA
2019-nCoV	2798	C	+A	176	106	23	1	0	20	0.00568182	176	0.753545	FALSE	NA	NA	NA	NA	NA	NA
2019-nCoV	2799	T	C	144	61	22	1	0	21	0.00689655	145	0.752595	FALSE	NA	NA	NA	NA	NA	NA
2019-nCoV	2804	G	-A	198	112	24	6	0	20	0.030303	198	0.0667183	FALSE	NA	NA	NA	NA	NA	NA
2019-nCoV	2804	G	+A	198	112	24	2	0	20	0.010101	198	0.505682	FALSE	NA	NA	NA	NA	NA	NA
2019-nCoV	2806	A	G	208	115	24	1	1	27	0.00478469	209	0.876796	FALSE	NA	NA	NA	NA	NA	NA
2019-nCoV	2811	T	C	141	66	22	1	1	25	0.00704225	142	0.75265	FALSE	NA	NA	NA	NA	NA	NA
2019-nCoV	2812	T	A	157	125	24	1	0	27	0.00632911	158	0.752381	FALSE	NA	NA	NA	NA	NA	NA
2019-nCoV	2812	T	+TG	157	125	24	1	0	20	0.00632911	158	0.752381	FALSE	NA	NA	NA	NA	NA	NA
2019-nCoV	2813	G	T	215	124	24	1	1	20	0.00462963	216	0.876738	FALSE	NA	NA	NA	NA	NA	NA
2019-nCoV	2815	T	-A	212	120	24	1	0	20	0.00471698	212	0.877643	FALSE	NA	NA	NA	NA	NA	NA
2019-nCoV	2815	T	+A	212	120	24	4	0	20	0.0188679	212	0.353736	FALSE	NA	NA	NA	NA	NA	NA
2019-nCoV	2817	A	G	228	130	25	1	1	26	0.00436681	229	0.876639	FALSE	NA	NA	NA	NA	NA	NA
2019-nCoV	2818	A	C	159	120	23	1	1	28	0.00625	160	0.752351	FALSE	NA	NA	NA	NA	NA	NA
2019-nCoV	2819	G	C	217	118	24	1	1	20	0.00458716	218	0.876722	FALSE	NA	NA	NA	NA	NA	NA
2019-nCoV	2819	G	+T	217	118	24	5	0	20	0.0229358	218	0.234149	FALSE	NA	NA	NA	NA	NA	NA
2019-nCoV	2820	T	C	212	116	24	3	2	22	0.0139535	215	0.502196	FALSE	NA	NA	NA	NA	NA	NA
2019-nCoV	2821	A	G	219	124	24	1	0	23	0.00454545	220	0.876706	FALSE	NA	NA	NA	NA	NA	NA
2019-nCoV	2821	A	-C	219	124	24	2	0	20	0.00909091	220	0.691766	FALSE	NA	NA	NA	NA	NA	NA
2019-nCoV	2822	C	+T	226	131	24	2	0	20	0.00877193	228	0.689979	FALSE	NA	NA	NA	NA	NA	NA
2019-nCoV	2824	T	+G	204	132	24	2	0	20	0.00980392	204	0.693917	FALSE	NA	NA	NA	NA	NA	NA
2019-nCoV	2827	T	+G	220	124	25	1	0	20	0.00454545	220	0.877547	FALSE	NA	NA	NA	NA	NA	NA
2019-nCoV	2828	G	T	221	125	25	1	0	21	0.0045045	222	0.876691	FALSE	NA	NA	NA	NA	NA	NA
2019-nCoV	2829	A	G	216	122	25	3	3	26	0.0136986	219	0.502155	FALSE	NA	NA	NA	NA	NA	NA
2019-nCoV	2830	G	+A	221	123	25	1	0	20	0.00452489	221	0.877536	FALSE	NA	NA	NA	NA	NA	NA
2019-nCoV	2833	G	+T	224	123	25	1	0	20	0.00446429	224	0.877502	FALSE	NA	NA	NA	NA	NA	NA
2019-nCoV	2835	G	+C	230	131	25	1	0	20	0.00434783	230	0.877437	FALSE	NA	NA	NA	NA	NA	NA
2019-nCoV	2836	C	+G	221	125	25	1	0	20	0.00452489	221	0.877536	FALSE	NA	NA	NA	NA	NA	NA
2019-nCoV	2837	T	+C	216	125	25	2	0	20	0.00925926	216	0.693561	FALSE	NA	NA	NA	NA	NA	NA
2019-nCoV	2839	T	C	215	121	25	1	0	23	0.00462963	216	0.876738	FALSE	NA	NA	NA	NA	NA	NA
2019-nCoV	2840	G	-C	221	126	25	1	0	20	0.00452489	221	0.877536	FALSE	NA	NA	NA	NA	NA	NA
2019-nCoV	2843	T	+A	223	128	25	1	0	20	0.0044843	223	0.877513	FALSE	NA	NA	NA	NA	NA	NA
2019-nCoV	2844	A	+T	231	131	25	2	0	20	0.00865801	231	0.693169	FALSE	NA	NA	NA	NA	NA	NA
2019-nCoV	2844	A	+G	231	131	25	1	0	20	0.004329	231	0.877426	FALSE	NA	NA	NA	NA	NA	NA
2019-nCoV	2847	C	+A	106	62	24	2	0	20	0.0188679	106	0.510613	FALSE	NA	NA	NA	NA	NA	NA
2019-nCoV	2848	A	G	104	62	25	1	0	22	0.00952381	105	0.753589	FALSE	NA	NA	NA	NA	NA	NA
2019-nCoV	2849	G	+T	104	64	24	6	0	20	0.0576923	104	0.0706608	FALSE	NA	NA	NA	NA	NA	NA
2019-nCoV	2852	G	+A	97	62	24	2	0	20	0.0206186	97	0.256463	FALSE	NA	NA	NA	NA	NA	NA
2019-nCoV	2856	T	+C	107	62	25	1	0	20	0.00934579	107	0.755825	FALSE	NA	NA	NA	NA	NA	NA
2019-nCoV	2865	A	G	76	28	24	1	1	22	0.012987	77	0.503268	FALSE	NA	NA	NA	NA	NA	NA
2019-nCoV	2866	A	G	106	62	24	1	1	20	0.00934579	107	0.753521	FALSE	NA	NA	NA	NA	NA	NA
2019-nCoV	2868	T	+A	98	49	24	7	0	20	0.0714286	98	0.00928536	TRUE	NA	NA	NA	NA	NA	NA
2019-nCoV	2874	A	G	107	62	25	1	1	28	0.00925926	108	0.753488	FALSE	NA	NA	NA	NA	NA	NA
2019-nCoV	2875	G	+T	112	65	25	2	0	20	0.0178571	112	0.510044	FALSE	NA	NA	NA	NA	NA	NA
2019-nCoV	2877	T	+TC	108	65	24	1	0	20	0.00925926	108	0.755771	FALSE	NA	NA	NA	NA	NA	NA
2019-nCoV	2877	T	+G	108	65	24	1	0	20	0.00925926	108	0.755771	FALSE	NA	NA	NA	NA	NA	NA
2019-nCoV	2877	T	+A	108	65	24	1	0	20	0.00925926	108	0.755771	FALSE	NA	NA	NA	NA	NA	NA
2019-nCoV	2881	C	-T	101	62	24	1	0	20	0.00990099	101	0.75617	FALSE	NA	NA	NA	NA	NA	NA
2019-nCoV	2884	T	+G	108	61	25	1	0	20	0.00925926	108	0.755771	FALSE	NA	NA	NA	NA	NA	NA
2019-nCoV	2885	G	-T	88	53	24	24	0	20	0.272727	88	3.03555e-7	TRUE	NA	NA	NA	NA	NA	NA
2019-nCoV	2885	G	+T	88	53	24	1	0	20	0.0113636	88	0.505682	FALSE	NA	NA	NA	NA	NA	NA
2019-nCoV	2886	T	C	37	26	23	3	3	22	0.075	40	0.0558662	FALSE	NA	NA	NA	NA	NA	NA
2019-nCoV	2887	T	G	87	54	24	1	0	22	0.011236	89	0.5	FALSE	NA	NA	NA	NA	NA	NA
2019-nCoV	2887	T	C	87	54	24	1	1	20	0.011236	89	0.5	FALSE	NA	NA	NA	NA	NA	NA
2019-nCoV	2888	G	T	75	42	24	1	0	22	0.0131579	76	0.503311	FALSE	NA	NA	NA	NA	NA	NA
2019-nCoV	2891	G	A	199	125	24	1	1	27	0.005	200	0.87594	FALSE	NA	NA	NA	NA	NA	NA
2019-nCoV	2892	C	T	226	123	25	1	1	23	0.00440529	227	0.876654	FALSE	NA	NA	NA	NA	NA	NA
2019-nCoV	2893	A	+G	233	134	25	1	0	20	0.00429185	233	0.877406	FALSE	NA	NA	NA	NA	NA	NA
2019-nCoV	2895	A	-T	229	130	25	1	0	20	0.00436681	229	0.877447	FALSE	NA	NA	NA	NA	NA	NA
2019-nCoV	2896	T	C	230	129	25	2	2	24	0.00862069	232	0.688313	FALSE	NA	NA	NA	NA	NA	NA
2019-nCoV	2896	T	+G	230	129	25	1	0	20	0.00429185	233	0.875002	FALSE	NA	NA	NA	NA	NA	NA
2019-nCoV	2896	T	+A	230	129	25	1	0	20	0.00429185	233	0.875002	FALSE	NA	NA	NA	NA	NA	NA
2019-nCoV	2897	G	A	233	130	26	1	0	26	0.0042735	234	0.876604	FALSE	NA	NA	NA	NA	NA	NA
2019-nCoV	2898	C	+T	238	134	25	1	0	20	0.00420168	238	0.877355	FALSE	NA	NA	NA	NA	NA	NA
2019-nCoV	2899	T	C	242	135	25	1	0	21	0.00411523	243	0.876545	FALSE	NA	NA	NA	NA	NA	NA
2019-nCoV	2901	T	C	243	136	24	1	1	20	0.00409836	244	0.876538	FALSE	NA	NA	NA	NA	NA	NA
2019-nCoV	2902	C	+A	246	139	24	1	0	20	0.00406504	246	0.877279	FALSE	NA	NA	NA	NA	NA	NA
2019-nCoV	2903	A	G	247	139	24	1	0	27	0.00403226	248	0.876514	FALSE	NA	NA	NA	NA	NA	NA
2019-nCoV	2904	T	-A	246	138	23	48	0	20	0.195122	246	1.09258e-11	TRUE	NA	NA	NA	NA	NA	NA
2019-nCoV	2904	T	+A	246	138	23	12	0	20	0.0487805	246	0.00769743	TRUE	NA	NA	NA	NA	NA	NA
2019-nCoV	2905	A	G	89	13	23	1	1	27	0.0111111	90	0.660853	FALSE	NA	NA	NA	NA	NA	NA
2019-nCoV	2908	A	G	249	140	24	2	2	26	0.00796813	251	0.689751	FALSE	NA	NA	NA	NA	NA	NA
2019-nCoV	2909	A	G	140	140	23	1	1	22	0.0070922	141	0.752669	FALSE	NA	NA	NA	NA	NA	NA
2019-nCoV	2910	C	-T	225	137	23	2	0	20	0.00888889	225	0.693319	FALSE	NA	NA	NA	NA	NA	NA
2019-nCoV	2910	C	+T	225	137	23	2	0	20	0.00888889	225	0.693319	FALSE	NA	NA	NA	NA	NA	NA
2019-nCoV	2910	C	+G	225	137	23	1	0	20	0.00444444	225	0.877491	FALSE	NA	NA	NA	NA	NA	NA
2019-nCoV	2914	G	C	234	140	24	1	1	20	0.00425532	235	0.876597	FALSE	NA	NA	NA	NA	NA	NA
2019-nCoV	2915	C	-A	225	130	24	1	0	20	0.00444444	225	0.877491	FALSE	NA	NA	NA	NA	NA	NA
2019-nCoV	2915	C	+A	225	130	24	2	0	20	0.00888889	225	0.693319	FALSE	NA	NA	NA	NA	NA	NA
2019-nCoV	2916	A	G	167	66	23	3	3	26	0.0176471	170	0.311389	FALSE	NA	NA	NA	NA	NA	NA
2019-nCoV	2917	A	+C	195	133	24	1	0	20	0.00512821	195	0.7532	FALSE	NA	NA	NA	NA	NA	NA
2019-nCoV	2917	A	+AC	195	133	24	1	0	20	0.00512821	195	0.7532	FALSE	NA	NA	NA	NA	NA	NA
2019-nCoV	2919	C	+G	211	134	24	1	0	20	0.00473934	211	0.877655	FALSE	NA	NA	NA	NA	NA	NA
2019-nCoV	2920	A	+C	230	134	25	1	0	20	0.00434783	230	0.877437	FALSE	NA	NA	NA	NA	NA	NA
2019-nCoV	2921	G	+A	228	133	25	1	0	20	0.00438596	228	0.877458	FALSE	NA	NA	NA	NA	NA	NA
2019-nCoV	2922	T	C	232	132	25	1	1	23	0.00429185	233	0.876611	FALSE	NA	NA	NA	NA	NA	NA
2019-nCoV	2923	A	+T	224	125	25	1	0	20	0.00446429	224	0.877502	FALSE	NA	NA	NA	NA	NA	NA
2019-nCoV	2924	T	+C	232	137	25	1	0	20	0.00431034	232	0.877416	FALSE	NA	NA	NA	NA	NA	NA
2019-nCoV	2924	T	+A	232	137	25	1	0	20	0.00431034	232	0.877416	FALSE	NA	NA	NA	NA	NA	NA
2019-nCoV	2926	T	C	131	80	25	1	1	26	0.00757576	132	0.752852	FALSE	NA	NA	NA	NA	NA	NA
2019-nCoV	2926	T	+G	131	80	25	1	0	20	0.00757576	132	0.752852	FALSE	NA	NA	NA	NA	NA	NA
2019-nCoV	2927	G	+A	135	81	25	1	0	20	0.00740741	135	0.754619	FALSE	NA	NA	NA	NA	NA	NA
2019-nCoV	2929	A	G	115	79	25	1	0	28	0.00862069	116	0.753247	FALSE	NA	NA	NA	NA	NA	NA
2019-nCoV	2932	A	+T	124	73	25	1	0	20	0.00806452	124	0.755028	FALSE	NA	NA	NA	NA	NA	NA
2019-nCoV	2932	A	+G	124	73	25	1	0	20	0.00806452	124	0.755028	FALSE	NA	NA	NA	NA	NA	NA
2019-nCoV	2933	C	+A	120	68	25	1	0	20	0.00833333	120	0.755195	FALSE	NA	NA	NA	NA	NA	NA
2019-nCoV	2938	A	G	118	62	24	1	1	20	0.00840336	119	0.753165	FALSE	NA	NA	NA	NA	NA	NA
2019-nCoV	2941	A	G	119	65	24	1	1	27	0.00833333	120	0.753138	FALSE	NA	NA	NA	NA	NA	NA
2019-nCoV	2943	T	-G	120	64	23	3	0	20	0.025	120	0.323486	FALSE	NA	NA	NA	NA	NA	NA
2019-nCoV	2950	T	C	110	78	24	2	2	26	0.0178571	112	0.503378	FALSE	NA	NA	NA	NA	NA	NA
2019-nCoV	2952	A	-T	128	79	24	5	0	20	0.0390625	128	0.117764	FALSE	NA	NA	NA	NA	NA	NA
2019-nCoV	2958	A	G	131	75	25	2	2	25	0.0150376	133	0.502841	FALSE	NA	NA	NA	NA	NA	NA
2019-nCoV	2958	A	+G	131	75	25	1	0	20	0.0075188	133	0.750951	FALSE	NA	NA	NA	NA	NA	NA
2019-nCoV	2959	T	C	131	78	25	1	0	27	0.00757576	132	0.752852	FALSE	NA	NA	NA	NA	NA	NA
2019-nCoV	2960	G	+C	132	76	25	1	0	20	0.00757576	132	0.754724	FALSE	NA	NA	NA	NA	NA	NA
2019-nCoV	2961	A	G	129	74	25	1	1	28	0.00769231	130	0.752896	FALSE	NA	NA	NA	NA	NA	NA
2019-nCoV	2963	T	+C	126	68	25	1	0	20	0.00793651	126	0.754948	FALSE	NA	NA	NA	NA	NA	NA
2019-nCoV	2965	G	A	112	70	24	1	0	24	0.00884956	113	0.753333	FALSE	NA	NA	NA	NA	NA	NA
2019-nCoV	2970	T	-G	196	91	25	1	0	20	0.00510204	196	0.753184	FALSE	NA	NA	NA	NA	NA	NA
2019-nCoV	2972	G	A	169	93	24	1	1	22	0.00588235	170	0.752212	FALSE	NA	NA	NA	NA	NA	NA
2019-nCoV	2972	G	-C	169	93	24	1	0	20	0.00588235	170	0.752212	FALSE	NA	NA	NA	NA	NA	NA
2019-nCoV	2972	G	+C	169	93	24	1	0	20	0.00588235	170	0.752212	FALSE	NA	NA	NA	NA	NA	NA
2019-nCoV	2973	C	+G	202	95	25	1	0	20	0.00492611	203	0.87685	FALSE	NA	NA	NA	NA	NA	NA
2019-nCoV	2977	A	+G	199	100	25	1	0	20	0.00502513	199	0.753136	FALSE	NA	NA	NA	NA	NA	NA
2019-nCoV	2977	A	+C	199	100	25	1	0	20	0.00502513	199	0.753136	FALSE	NA	NA	NA	NA	NA	NA
2019-nCoV	2978	T	C	202	100	25	1	1	28	0.00492611	203	0.87685	FALSE	NA	NA	NA	NA	NA	NA
2019-nCoV	2978	T	+A	202	100	25	1	0	20	0.00492611	203	0.87685	FALSE	NA	NA	NA	NA	NA	NA
2019-nCoV	2979	A	G	201	98	25	1	0	22	0.0049505	202	0.876859	FALSE	NA	NA	NA	NA	NA	NA
2019-nCoV	2979	A	+T	201	98	25	1	0	20	0.0049505	202	0.876859	FALSE	NA	NA	NA	NA	NA	NA
2019-nCoV	2979	A	+C	201	98	25	1	0	20	0.0049505	202	0.876859	FALSE	NA	NA	NA	NA	NA	NA
2019-nCoV	2981	T	A	193	93	25	1	0	27	0.00515464	194	0.751938	FALSE	NA	NA	NA	NA	NA	NA
2019-nCoV	2981	T	+G	193	93	25	2	0	20	0.0103093	194	0.503876	FALSE	NA	NA	NA	NA	NA	NA
2019-nCoV	2981	T	+A	193	93	25	1	0	20	0.00515464	194	0.751938	FALSE	NA	NA	NA	NA	NA	NA
2019-nCoV	2982	A	-C	192	93	25	1	0	20	0.00520833	192	0.75325	FALSE	NA	NA	NA	NA	NA	NA
2019-nCoV	2983	C	+T	190	94	25	2	0	20	0.0105263	190	0.505921	FALSE	NA	NA	NA	NA	NA	NA
2019-nCoV	2985	T	+A	169	104	24	1	0	20	0.00591716	169	0.753692	FALSE	NA	NA	NA	NA	NA	NA
2019-nCoV	2986	A	-T	193	104	24	6	0	20	0.0310881	193	0.0668296	FALSE	NA	NA	NA	NA	NA	NA
2019-nCoV	2986	A	+T	193	104	24	1	0	20	0.00518135	193	0.753233	FALSE	NA	NA	NA	NA	NA	NA
2019-nCoV	2988	T	C	203	106	24	4	1	24	0.0193237	207	0.344888	FALSE	NA	NA	NA	NA	NA	NA
2019-nCoV	2991	A	+T	201	100	25	1	0	20	0.00497512	201	0.877787	FALSE	NA	NA	NA	NA	NA	NA
2019-nCoV	2992	T	+G	198	96	24	1	0	20	0.00505051	198	0.753152	FALSE	NA	NA	NA	NA	NA	NA
2019-nCoV	2995	G	-T	204	97	25	1	0	20	0.00490196	204	0.877746	FALSE	NA	NA	NA	NA	NA	NA
2019-nCoV	2995	G	+C	204	97	25	1	0	20	0.00490196	204	0.877746	FALSE	NA	NA	NA	NA	NA	NA
2019-nCoV	2996	T	C	196	95	25	2	1	22	0.010101	198	0.5	FALSE	NA	NA	NA	NA	NA	NA
2019-nCoV	2996	T	+C	196	95	25	1	0	20	0.00502513	199	0.749367	FALSE	NA	NA	NA	NA	NA	NA
2019-nCoV	2998	T	+G	192	95	25	1	0	20	0.00520833	192	0.75325	FALSE	NA	NA	NA	NA	NA	NA
2019-nCoV	2999	G	A	173	73	24	1	1	24	0.00574713	174	0.752161	FALSE	NA	NA	NA	NA	NA	NA
2019-nCoV	3001	T	+A	187	92	25	1	0	20	0.00534759	187	0.753337	FALSE	NA	NA	NA	NA	NA	NA
2019-nCoV	3002	G	+T	196	101	25	1	0	20	0.00510204	196	0.753184	FALSE	NA	NA	NA	NA	NA	NA
2019-nCoV	3002	G	+A	196	101	25	1	0	20	0.00510204	196	0.753184	FALSE	NA	NA	NA	NA	NA	NA
2019-nCoV	3003	A	G	194	99	25	1	1	25	0.00512821	195	0.751928	FALSE	NA	NA	NA	NA	NA	NA
2019-nCoV	3003	A	-G	194	99	25	1	0	20	0.00512821	195	0.751928	FALSE	NA	NA	NA	NA	NA	NA
2019-nCoV	3003	A	+G	194	99	25	1	0	20	0.00512821	195	0.751928	FALSE	NA	NA	NA	NA	NA	NA
2019-nCoV	3005	T	G	138	42	24	2	2	22	0.0140845	142	0.497321	FALSE	NA	NA	NA	NA	NA	NA
2019-nCoV	3005	T	C	138	42	24	2	1	29	0.0140845	142	0.497321	FALSE	NA	NA	NA	NA	NA	NA
2019-nCoV	3006	T	C	206	107	26	1	0	27	0.00483092	207	0.876814	FALSE	NA	NA	NA	NA	NA	NA
2019-nCoV	3007	T	-A	143	104	24	1	0	20	0.00699301	143	0.754361	FALSE	NA	NA	NA	NA	NA	NA
2019-nCoV	3007	T	+TA	143	104	24	1	0	20	0.00699301	143	0.754361	FALSE	NA	NA	NA	NA	NA	NA
2019-nCoV	3008	A	G	128	33	24	1	1	27	0.00775194	129	0.750973	FALSE	NA	NA	NA	NA	NA	NA
2019-nCoV	3009	A	G	209	109	25	1	0	24	0.0047619	210	0.876788	FALSE	NA	NA	NA	NA	NA	NA
2019-nCoV	3010	A	+T	142	108	23	3	0	20	0.0211268	142	0.321777	FALSE	NA	NA	NA	NA	NA	NA
2019-nCoV	3010	A	+GC	142	108	23	1	0	20	0.00704225	142	0.754392	FALSE	NA	NA	NA	NA	NA	NA
2019-nCoV	3010	A	+AT	142	108	23	3	0	20	0.0211268	142	0.321777	FALSE	NA	NA	NA	NA	NA	NA
2019-nCoV	3010	A	+AGT	142	108	23	1	0	20	0.00704225	142	0.754392	FALSE	NA	NA	NA	NA	NA	NA
2019-nCoV	3012	T	+G	158	106	24	1	0	20	0.00632911	158	0.753948	FALSE	NA	NA	NA	NA	NA	NA
2019-nCoV	3014	G	-C	168	110	24	1	0	20	0.00595238	168	0.753714	FALSE	NA	NA	NA	NA	NA	NA
2019-nCoV	3014	G	+C	168	110	24	1	0	20	0.00595238	168	0.753714	FALSE	NA	NA	NA	NA	NA	NA
2019-nCoV	3014	G	+A	168	110	24	1	0	20	0.00595238	168	0.753714	FALSE	NA	NA	NA	NA	NA	NA
2019-nCoV	3015	C	A	198	102	24	1	0	20	0.00502513	199	0.875002	FALSE	NA	NA	NA	NA	NA	NA
2019-nCoV	3015	C	-T	198	102	24	3	0	20	0.015	200	0.50235	FALSE	NA	NA	NA	NA	NA	NA
2019-nCoV	3015	C	+T	198	102	24	2	0	20	0.01	200	0.688443	FALSE	NA	NA	NA	NA	NA	NA
2019-nCoV	3017	T	C	165	106	24	1	0	25	0.0060241	166	0.752266	FALSE	NA	NA	NA	NA	NA	NA
2019-nCoV	3017	T	+C	165	106	24	1	0	20	0.0060241	166	0.752266	FALSE	NA	NA	NA	NA	NA	NA
2019-nCoV	3019	A	+T	211	108	25	3	0	20	0.014218	211	0.508886	FALSE	NA	NA	NA	NA	NA	NA
2019-nCoV	3020	C	-A	206	105	25	1	0	20	0.00485437	206	0.87772	FALSE	NA	NA	NA	NA	NA	NA
2019-nCoV	3021	A	+T	197	100	24	2	0	20	0.010101	198	0.503797	FALSE	NA	NA	NA	NA	NA	NA
2019-nCoV	3021	A	+C	197	100	24	1	0	20	0.00505051	198	0.751899	FALSE	NA	NA	NA	NA	NA	NA
2019-nCoV	3022	T	C	198	105	24	1	0	28	0.00502513	199	0.751889	FALSE	NA	NA	NA	NA	NA	NA
2019-nCoV	3022	T	+G	198	105	24	2	0	20	0.0100503	199	0.503778	FALSE	NA	NA	NA	NA	NA	NA
2019-nCoV	3024	T	+C	200	101	25	2	0	20	0.01	200	0.69217	FALSE	NA	NA	NA	NA	NA	NA
2019-nCoV	3025	G	+A	193	93	25	1	0	20	0.00518135	193	0.753233	FALSE	NA	NA	NA	NA	NA	NA
2019-nCoV	3026	T	C	186	90	25	1	0	28	0.00534759	187	0.752011	FALSE	NA	NA	NA	NA	NA	NA
2019-nCoV	3028	T	C	160	65	24	1	1	23	0.00621118	161	0.750779	FALSE	NA	NA	NA	NA	NA	NA
2019-nCoV	3030	G	+A	169	76	24	1	0	20	0.00591716	169	0.753692	FALSE	NA	NA	NA	NA	NA	NA
2019-nCoV	3033	C	+T	165	74	23	1	0	20	0.00606061	165	0.753781	FALSE	NA	NA	NA	NA	NA	NA
2019-nCoV	3034	T	C	93	1	24	2	0	21	0.0210526	95	0.251323	FALSE	NA	NA	NA	NA	NA	NA
2019-nCoV	3035	T	-TC	179	84	24	2	0	20	0.0111732	179	0.506285	FALSE	NA	NA	NA	NA	NA	NA
2019-nCoV	3036	T	-C	179	84	24	77	0	20	0.427778	180	2.67904e-19	TRUE	NA	NA	NA	NA	NA	NA
2019-nCoV	3037	C	T	0	0	0	99	53	23	1	99	2.16665e-67	TRUE	NA	NA	NA	NA	NA	NA
2019-nCoV	3038	T	C	94	87	22	1	0	27	0.0105263	95	0.502646	FALSE	NA	NA	NA	NA	NA	NA
2019-nCoV	3039	A	G	160	75	23	1	1	22	0.00621118	161	0.752336	FALSE	NA	NA	NA	NA	NA	NA
2019-nCoV	3039	A	-C	160	75	23	6	0	20	0.0372671	161	0.0666523	FALSE	NA	NA	NA	NA	NA	NA
2019-nCoV	3043	T	A	179	85	24	1	1	27	0.00555556	180	0.752089	FALSE	NA	NA	NA	NA	NA	NA
2019-nCoV	3043	T	+G	179	85	24	1	0	20	0.00555556	180	0.752089	FALSE	NA	NA	NA	NA	NA	NA
2019-nCoV	3044	C	T	159	64	24	1	1	27	0.00625	160	0.752351	FALSE	NA	NA	NA	NA	NA	NA
2019-nCoV	3055	T	+C	68	24	24	1	0	20	0.0147059	68	0.507353	FALSE	NA	NA	NA	NA	NA	NA
2019-nCoV	3057	A	G	58	17	24	1	0	20	0.0169492	59	0.504274	FALSE	NA	NA	NA	NA	NA	NA
2019-nCoV	3058	A	G	50	22	24	2	1	20	0.0384615	52	0.252427	FALSE	NA	NA	NA	NA	NA	NA
2019-nCoV	3068	G	A	61	18	25	1	1	24	0.016129	62	0.504065	FALSE	NA	NA	NA	NA	NA	NA
2019-nCoV	3071	T	C	32	16	23	1	0	23	0.030303	33	0.507692	FALSE	NA	NA	NA	NA	NA	NA
2019-nCoV	3074	G	T	61	16	24	1	0	20	0.016129	62	0.504065	FALSE	NA	NA	NA	NA	NA	NA
2019-nCoV	3085	G	-T	67	19	24	1	0	20	0.0149254	67	0.507463	FALSE	NA	NA	NA	NA	NA	NA
2019-nCoV	3085	G	+T	67	19	24	1	0	20	0.0149254	67	0.507463	FALSE	NA	NA	NA	NA	NA	NA
2019-nCoV	3097	A	G	61	10	26	1	0	27	0.016129	62	0.504065	FALSE	NA	NA	NA	NA	NA	NA
2019-nCoV	3099	C	+G	72	23	24	1	0	20	0.0138889	72	0.506944	FALSE	NA	NA	NA	NA	NA	NA
2019-nCoV	3102	A	G	70	18	24	1	0	21	0.0140845	71	0.503546	FALSE	NA	NA	NA	NA	NA	NA
2019-nCoV	3105	A	G	78	26	24	4	3	23	0.0487805	82	0.0617117	FALSE	NA	NA	NA	NA	NA	NA
2019-nCoV	3105	A	+T	78	26	24	1	0	20	0.0121951	82	0.49375	FALSE	NA	NA	NA	NA	NA	NA
2019-nCoV	3106	T	+G	82	26	25	1	0	20	0.0121951	82	0.506098	FALSE	NA	NA	NA	NA	NA	NA
2019-nCoV	3108	A	G	85	29	25	1	1	29	0.0116279	86	0.502924	FALSE	NA	NA	NA	NA	NA	NA
2019-nCoV	3112	T	-G	79	25	25	1	0	20	0.0126582	79	0.506329	FALSE	NA	NA	NA	NA	NA	NA
2019-nCoV	3123	A	G	74	21	25	1	1	23	0.0133333	75	0.503356	FALSE	NA	NA	NA	NA	NA	NA
2019-nCoV	3128	T	C	73	35	23	1	0	27	0.0135135	74	0.503401	FALSE	NA	NA	NA	NA	NA	NA
2019-nCoV	3139	A	C	45	35	23	1	0	30	0.0217391	46	0.505495	FALSE	NA	NA	NA	NA	NA	NA
2019-nCoV	3141	C	+T	61	34	23	1	0	20	0.0163934	61	0.508197	FALSE	NA	NA	NA	NA	NA	NA
2019-nCoV	3144	T	+G	48	33	23	1	0	20	0.0208333	48	0.510417	FALSE	NA	NA	NA	NA	NA	NA
2019-nCoV	3147	A	G	71	20	24	2	2	27	0.0273973	73	0.251724	FALSE	NA	NA	NA	NA	NA	NA
2019-nCoV	3148	A	G	55	36	23	1	0	20	0.0178571	56	0.504505	FALSE	NA	NA	NA	NA	NA	NA
2019-nCoV	3154	T	C	86	36	25	1	0	27	0.0114943	87	0.50289	FALSE	NA	NA	NA	NA	NA	NA
2019-nCoV	3159	C	+T	88	34	25	2	0	20	0.0227273	88	0.257126	FALSE	NA	NA	NA	NA	NA	NA
2019-nCoV	3163	T	C	90	34	26	1	1	20	0.010989	91	0.502762	FALSE	NA	NA	NA	NA	NA	NA
2019-nCoV	3172	T	-C	85	38	24	1	0	20	0.0117647	85	0.505882	FALSE	NA	NA	NA	NA	NA	NA
2019-nCoV	3175	A	G	75	36	23	1	0	23	0.0131579	76	0.503311	FALSE	NA	NA	NA	NA	NA	NA
2019-nCoV	3175	A	+C	75	36	23	1	0	20	0.0131579	76	0.503311	FALSE	NA	NA	NA	NA	NA	NA
2019-nCoV	3179	G	+A	91	36	25	1	0	20	0.010989	91	0.505495	FALSE	NA	NA	NA	NA	NA	NA
2019-nCoV	3188	C	T	14	4	24	1	1	24	0.0666667	15	0.517241	FALSE	NA	NA	NA	NA	NA	NA
2019-nCoV	3218	C	+G	18	8	25	1	0	20	0.0555556	18	0.527778	FALSE	NA	NA	NA	NA	NA	NA
2019-nCoV	3241	C	+G	25	13	24	1	0	20	0.04	25	0.52	FALSE	NA	NA	NA	NA	NA	NA
2019-nCoV	3245	A	-G	24	12	24	1	0	20	0.0416667	24	0.520833	FALSE	NA	NA	NA	NA	NA	NA
2019-nCoV	3265	T	-A	26	13	24	1	0	20	0.0384615	26	0.519231	FALSE	NA	NA	NA	NA	NA	NA
2019-nCoV	3266	A	+C	27	15	24	1	0	20	0.0357143	28	0.509091	FALSE	NA	NA	NA	NA	NA	NA
2019-nCoV	3284	G	A	24	12	25	1	1	20	0.04	25	0.510204	FALSE	NA	NA	NA	NA	NA	NA
2019-nCoV	3289	T	+TAC	22	15	24	1	0	20	0.0454545	22	0.522727	FALSE	NA	NA	NA	NA	NA	NA
2019-nCoV	3302	G	+T	9	6	25	1	0	20	0.111111	9	0.555556	FALSE	NA	NA	NA	NA	NA	NA
2019-nCoV	3323	G	+T	8	5	24	1	0	20	0.125	8	0.5625	FALSE	NA	NA	NA	NA	NA	NA
2019-nCoV	3338	G	+T	8	5	24	1	0	20	0.125	8	0.5625	FALSE	NA	NA	NA	NA	NA	NA
2019-nCoV	3345	G	+T	7	3	24	1	0	20	0.142857	7	0.571429	FALSE	NA	NA	NA	NA	NA	NA
2019-nCoV	3356	T	A	7	4	24	1	1	21	0.125	8	0.533333	FALSE	NA	NA	NA	NA	NA	NA
2019-nCoV	3385	T	-A	9	8	23	8	0	20	0.888889	9	0.0224765	FALSE	NA	NA	NA	NA	NA	NA
2019-nCoV	3396	A	T	8	5	23	1	1	22	0.111111	9	0.529412	FALSE	NA	NA	NA	NA	NA	NA
2019-nCoV	3405	A	G	6	3	23	1	1	25	0.142857	7	0.538462	FALSE	NA	NA	NA	NA	NA	NA
2019-nCoV	3407	G	+A	9	6	24	1	0	20	0.111111	9	0.555556	FALSE	NA	NA	NA	NA	NA	NA
2019-nCoV	3412	T	-A	10	7	23	4	0	20	0.4	10	0.113043	FALSE	NA	NA	NA	NA	NA	NA
2019-nCoV	3420	T	-A	11	9	23	2	0	20	0.181818	11	0.3083	FALSE	NA	NA	NA	NA	NA	NA
2019-nCoV	3424	A	+C	9	9	23	1	0	20	0.111111	9	0.555556	FALSE	NA	NA	NA	NA	NA	NA
2019-nCoV	3430	A	+T	9	8	24	1	0	20	0.111111	9	0.555556	FALSE	NA	NA	NA	NA	NA	NA
2019-nCoV	3431	G	T	0	0	0	8	7	22	1	8	1.554e-4	TRUE	NA	NA	NA	NA	NA	NA
2019-nCoV	3452	G	+T	11	8	24	1	0	20	0.0909091	11	0.545455	FALSE	NA	NA	NA	NA	NA	NA
2019-nCoV	3514	G	A	28	8	25	1	0	24	0.0344828	29	0.508772	FALSE	NA	NA	NA	NA	NA	NA
2019-nCoV	3516	A	G	26	7	25	1	1	33	0.037037	27	0.509434	FALSE	NA	NA	NA	NA	NA	NA
2019-nCoV	3531	A	-T	29	9	25	1	0	20	0.0344828	29	0.517241	FALSE	NA	NA	NA	NA	NA	NA
2019-nCoV	3551	C	T	23	7	24	1	1	27	0.0416667	24	0.510638	FALSE	NA	NA	NA	NA	NA	NA
2019-nCoV	3556	T	+A	21	8	23	1	0	20	0.047619	21	0.52381	FALSE	NA	NA	NA	NA	NA	NA
2019-nCoV	3565	T	C	1	1	20	25	7	24	0.961538	26	1.04856e-13	TRUE	NA	NA	NA	NA	NA	NA
2019-nCoV	3576	T	G	18	1	24	1	1	24	0.0526316	19	0.513514	FALSE	NA	NA	NA	NA	NA	NA
2019-nCoV	3589	C	+A	25	8	25	1	0	20	0.04	25	0.52	FALSE	NA	NA	NA	NA	NA	NA
2019-nCoV	3595	T	C	19	9	23	1	0	26	0.05	20	0.512821	FALSE	NA	NA	NA	NA	NA	NA
2019-nCoV	3608	C	+T	56	23	25	1	0	20	0.0178571	56	0.508929	FALSE	NA	NA	NA	NA	NA	NA
2019-nCoV	3624	C	+CA	32	23	24	1	0	20	0.03125	32	0.515625	FALSE	NA	NA	NA	NA	NA	NA
2019-nCoV	3631	T	+A	43	25	23	1	0	20	0.0232558	43	0.511628	FALSE	NA	NA	NA	NA	NA	NA
2019-nCoV	3633	A	G	47	24	23	2	1	21	0.0408163	49	0.252577	FALSE	NA	NA	NA	NA	NA	NA
2019-nCoV	3634	C	-A	57	25	23	2	0	20	0.0350877	57	0.261022	FALSE	NA	NA	NA	NA	NA	NA
2019-nCoV	3634	C	+A	57	25	23	6	0	20	0.105263	57	0.0195802	FALSE	NA	NA	NA	NA	NA	NA
2019-nCoV	3643	A	G	49	24	24	1	1	22	0.02	50	0.505051	FALSE	NA	NA	NA	NA	NA	NA
2019-nCoV	3666	C	+T	52	24	25	1	0	20	0.0192308	52	0.509615	FALSE	NA	NA	NA	NA	NA	NA
2019-nCoV	3671	G	-A	54	25	23	4	0	20	0.0740741	54	0.0708415	FALSE	NA	NA	NA	NA	NA	NA
2019-nCoV	3673	A	G	56	25	24	1	1	23	0.0175439	57	0.504425	FALSE	NA	NA	NA	NA	NA	NA
2019-nCoV	3675	A	-T	27	26	23	2	0	20	0.0666667	30	0.245614	FALSE	NA	NA	NA	NA	NA	NA
2019-nCoV	3675	A	+AT	27	26	23	2	0	20	0.0666667	30	0.245614	FALSE	NA	NA	NA	NA	NA	NA
2019-nCoV	3698	C	+T	50	22	25	1	0	20	0.02	50	0.51	FALSE	NA	NA	NA	NA	NA	NA
2019-nCoV	3701	G	A	50	24	25	1	0	27	0.0196078	51	0.50495	FALSE	NA	NA	NA	NA	NA	NA
2019-nCoV	3706	A	-T	27	15	24	1	0	20	0.037037	27	0.518519	FALSE	NA	NA	NA	NA	NA	NA
2019-nCoV	3716	G	A	18	7	24	1	1	28	0.0526316	19	0.513514	FALSE	NA	NA	NA	NA	NA	NA
2019-nCoV	3722	A	-T	13	3	24	2	0	20	0.153846	13	0.299145	FALSE	NA	NA	NA	NA	NA	NA
2019-nCoV	3735	A	+C	30	20	24	1	0	20	0.0333333	30	0.516667	FALSE	NA	NA	NA	NA	NA	NA
2019-nCoV	3753	G	+T	74	45	24	1	0	20	0.0135135	74	0.506757	FALSE	NA	NA	NA	NA	NA	NA
2019-nCoV	3755	G	+T	72	44	24	1	0	20	0.0138889	72	0.506944	FALSE	NA	NA	NA	NA	NA	NA
2019-nCoV	3761	G	A	65	40	25	1	1	28	0.0151515	66	0.503817	FALSE	NA	NA	NA	NA	NA	NA
2019-nCoV	3763	A	G	71	44	26	1	0	24	0.0138889	72	0.503497	FALSE	NA	NA	NA	NA	NA	NA
2019-nCoV	3764	G	+A	73	44	25	1	0	20	0.0136986	73	0.506849	FALSE	NA	NA	NA	NA	NA	NA
2019-nCoV	3765	A	+T	70	43	26	1	0	20	0.0142857	70	0.507143	FALSE	NA	NA	NA	NA	NA	NA
2019-nCoV	3767	A	-C	71	42	25	1	0	20	0.0140845	71	0.507042	FALSE	NA	NA	NA	NA	NA	NA
2019-nCoV	3770	G	-T	69	45	26	1	0	20	0.0144928	69	0.507246	FALSE	NA	NA	NA	NA	NA	NA
2019-nCoV	3777	C	+A	62	41	24	1	0	20	0.016129	62	0.508065	FALSE	NA	NA	NA	NA	NA	NA
2019-nCoV	3785	T	C	71	44	24	1	1	28	0.0138889	72	0.503497	FALSE	NA	NA	NA	NA	NA	NA
2019-nCoV	3785	T	-A	71	44	24	1	0	20	0.0138889	72	0.503497	FALSE	NA	NA	NA	NA	NA	NA
2019-nCoV	3788	T	A	61	32	23	1	1	22	0.016129	62	0.504065	FALSE	NA	NA	NA	NA	NA	NA
2019-nCoV	3791	G	+CCC	68	41	24	1	0	20	0.0147059	68	0.507353	FALSE	NA	NA	NA	NA	NA	NA
2019-nCoV	3793	T	C	69	43	24	1	1	26	0.0142857	70	0.503597	FALSE	NA	NA	NA	NA	NA	NA
2019-nCoV	3796	C	+T	65	40	24	2	0	20	0.0307692	65	0.259659	FALSE	NA	NA	NA	NA	NA	NA
2019-nCoV	3801	A	G	59	39	24	2	1	23	0.0327869	61	0.252066	FALSE	NA	NA	NA	NA	NA	NA
2019-nCoV	3802	T	-A	56	39	23	9	0	20	0.160714	56	0.00305709	TRUE	NA	NA	NA	NA	NA	NA
2019-nCoV	3802	T	+A	56	39	23	4	0	20	0.0714286	56	0.0705354	FALSE	NA	NA	NA	NA	NA	NA
2019-nCoV	3804	A	G	59	37	23	1	1	22	0.0166667	60	0.504202	FALSE	NA	NA	NA	NA	NA	NA
2019-nCoV	3805	A	G	61	40	24	1	1	29	0.016129	62	0.504065	FALSE	NA	NA	NA	NA	NA	NA
2019-nCoV	3810	T	C	66	41	25	1	1	35	0.0149254	67	0.503759	FALSE	NA	NA	NA	NA	NA	NA
2019-nCoV	3815	G	-A	72	45	25	1	0	20	0.0138889	72	0.506944	FALSE	NA	NA	NA	NA	NA	NA
2019-nCoV	3821	C	-T	63	40	24	1	0	20	0.015873	63	0.507937	FALSE	NA	NA	NA	NA	NA	NA
2019-nCoV	3832	C	-T	38	21	22	10	0	20	0.263158	38	0.00209024	TRUE	NA	NA	NA	NA	NA	NA
2019-nCoV	3836	T	-TG	40	23	24	1	0	20	0.025	40	0.5125	FALSE	NA	NA	NA	NA	NA	NA
2019-nCoV	3839	G	-A	30	23	23	1	0	20	0.0333333	30	0.516667	FALSE	NA	NA	NA	NA	NA	NA
2019-nCoV	3840	A	G	18	3	24	1	1	22	0.0526316	19	0.513514	FALSE	NA	NA	NA	NA	NA	NA
2019-nCoV	3843	T	C	36	22	23	1	1	27	0.027027	37	0.506849	FALSE	NA	NA	NA	NA	NA	NA
2019-nCoV	3845	A	G	32	14	23	1	1	29	0.030303	33	0.507692	FALSE	NA	NA	NA	NA	NA	NA
2019-nCoV	3846	A	G	34	22	24	1	1	21	0.0285714	35	0.507246	FALSE	NA	NA	NA	NA	NA	NA
2019-nCoV	3851	G	-A	36	23	23	3	0	20	0.0833333	36	0.140982	FALSE	NA	NA	NA	NA	NA	NA
2019-nCoV	3866	C	+A	39	24	23	1	0	20	0.025641	39	0.512821	FALSE	NA	NA	NA	NA	NA	NA
2019-nCoV	3886	T	-A	40	24	24	1	0	20	0.025	40	0.5125	FALSE	NA	NA	NA	NA	NA	NA
2019-nCoV	3886	T	+A	40	24	24	2	0	20	0.05	40	0.265741	FALSE	NA	NA	NA	NA	NA	NA
2019-nCoV	3891	A	+G	40	25	24	1	0	20	0.025	40	0.5125	FALSE	NA	NA	NA	NA	NA	NA
2019-nCoV	3903	C	+G	36	29	24	1	0	20	0.0277778	36	0.513889	FALSE	NA	NA	NA	NA	NA	NA
2019-nCoV	3904	A	-T	43	27	24	1	0	20	0.0232558	43	0.511628	FALSE	NA	NA	NA	NA	NA	NA
2019-nCoV	3904	A	+T	43	27	24	1	0	20	0.0232558	43	0.511628	FALSE	NA	NA	NA	NA	NA	NA
2019-nCoV	3906	T	A	47	27	25	1	1	23	0.0208333	48	0.505263	FALSE	NA	NA	NA	NA	NA	NA
2019-nCoV	3909	T	C	41	23	24	1	0	24	0.0238095	42	0.506024	FALSE	NA	NA	NA	NA	NA	NA
2019-nCoV	3909	T	+A	41	23	24	2	0	20	0.047619	42	0.259036	FALSE	NA	NA	NA	NA	NA	NA
2019-nCoV	3912	C	+T	45	27	24	1	0	20	0.0222222	45	0.511111	FALSE	NA	NA	NA	NA	NA	NA
2019-nCoV	3914	G	-A	45	23	23	1	0	20	0.0222222	45	0.511111	FALSE	NA	NA	NA	NA	NA	NA
2019-nCoV	3914	G	+A	45	23	23	3	0	20	0.0666667	45	0.137729	FALSE	NA	NA	NA	NA	NA	NA
2019-nCoV	3915	A	G	27	6	24	1	1	20	0.0357143	28	0.5	FALSE	NA	NA	NA	NA	NA	NA
2019-nCoV	3919	T	-A	48	26	24	2	0	20	0.0416667	48	0.263101	FALSE	NA	NA	NA	NA	NA	NA
2019-nCoV	3919	T	+A	48	26	24	1	0	20	0.0208333	48	0.510417	FALSE	NA	NA	NA	NA	NA	NA
2019-nCoV	3935	C	+A	49	28	24	1	0	20	0.0204082	49	0.510204	FALSE	NA	NA	NA	NA	NA	NA
2019-nCoV	3939	G	-A	41	20	23	3	0	20	0.0731707	41	0.138995	FALSE	NA	NA	NA	NA	NA	NA
2019-nCoV	3946	A	+G	36	26	23	1	0	20	0.0277778	36	0.513889	FALSE	NA	NA	NA	NA	NA	NA
2019-nCoV	3949	T	+A	44	23	24	1	0	20	0.0227273	44	0.511364	FALSE	NA	NA	NA	NA	NA	NA
2019-nCoV	3952	T	+A	41	24	24	2	0	20	0.0487805	41	0.265354	FALSE	NA	NA	NA	NA	NA	NA
2019-nCoV	3955	G	-A	46	27	23	2	0	20	0.0434783	46	0.263675	FALSE	NA	NA	NA	NA	NA	NA
2019-nCoV	3959	A	+T	32	30	23	1	0	20	0.03125	32	0.515625	FALSE	NA	NA	NA	NA	NA	NA
2019-nCoV	3959	A	+AT	32	30	23	1	0	20	0.03125	32	0.515625	FALSE	NA	NA	NA	NA	NA	NA
2019-nCoV	3961	C	+A	43	28	24	2	0	20	0.0465116	43	0.264635	FALSE	NA	NA	NA	NA	NA	NA
2019-nCoV	3971	G	+T	41	24	23	1	0	20	0.0243902	41	0.512195	FALSE	NA	NA	NA	NA	NA	NA
2019-nCoV	3980	G	+T	9	5	24	1	0	20	0.111111	9	0.555556	FALSE	NA	NA	NA	NA	NA	NA
2019-nCoV	3995	G	-A	8	5	23	1	0	20	0.125	8	0.5625	FALSE	NA	NA	NA	NA	NA	NA
2019-nCoV	4020	A	+AC	6	6	26	1	0	20	0.166667	6	0.583333	FALSE	NA	NA	NA	NA	NA	NA
2019-nCoV	4021	C	+GT	8	5	25	1	0	20	0.125	8	0.5625	FALSE	NA	NA	NA	NA	NA	NA
2019-nCoV	4031	T	+TA	7	7	26	1	0	20	0.142857	7	0.571429	FALSE	NA	NA	NA	NA	NA	NA
2019-nCoV	4067	G	+T	10	6	23	1	0	20	0.1	10	0.55	FALSE	NA	NA	NA	NA	NA	NA
2019-nCoV	4072	T	C	8	5	25	1	1	22	0.111111	9	0.529412	FALSE	NA	NA	NA	NA	NA	NA
2019-nCoV	4086	T	C	7	4	23	1	0	20	0.125	8	0.533333	FALSE	NA	NA	NA	NA	NA	NA
2019-nCoV	4093	C	+G	11	7	24	1	0	20	0.0909091	11	0.545455	FALSE	NA	NA	NA	NA	NA	NA
2019-nCoV	4108	A	G	6	4	23	1	1	21	0.142857	7	0.538462	FALSE	NA	NA	NA	NA	NA	NA
2019-nCoV	4114	T	-C	3	1	22	1	0	20	0.333333	3	0.666667	FALSE	NA	NA	NA	NA	NA	NA
2019-nCoV	4164	T	C	21	11	24	1	0	26	0.0454545	22	0.511628	FALSE	NA	NA	NA	NA	NA	NA
2019-nCoV	4165	T	+A	30	20	24	2	0	20	0.0666667	30	0.271038	FALSE	NA	NA	NA	NA	NA	NA
2019-nCoV	4172	A	T	35	24	24	1	1	26	0.0277778	36	0.507042	FALSE	NA	NA	NA	NA	NA	NA
2019-nCoV	4174	T	-A	36	24	24	7	0	20	0.194444	36	0.0121973	FALSE	NA	NA	NA	NA	NA	NA
2019-nCoV	4174	T	+A	36	24	24	1	0	20	0.0277778	36	0.513889	FALSE	NA	NA	NA	NA	NA	NA
2019-nCoV	4178	A	G	30	18	25	1	1	20	0.0322581	31	0.508197	FALSE	NA	NA	NA	NA	NA	NA
2019-nCoV	4183	T	+A	32	20	24	1	0	20	0.03125	32	0.515625	FALSE	NA	NA	NA	NA	NA	NA
2019-nCoV	4184	G	A	0	0	0	31	19	24	1	31	4.29712e-18	TRUE	NA	NA	NA	NA	NA	NA
2019-nCoV	4192	T	+A	37	23	23	4	0	20	0.108108	37	0.0748333	FALSE	NA	NA	NA	NA	NA	NA
2019-nCoV	4196	G	-A	35	21	24	2	0	20	0.0571429	35	0.268008	FALSE	NA	NA	NA	NA	NA	NA
2019-nCoV	4200	T	+A	35	23	24	1	0	20	0.0285714	35	0.514286	FALSE	NA	NA	NA	NA	NA	NA
2019-nCoV	4207	G	+A	38	24	24	4	0	20	0.105263	38	0.0744958	FALSE	NA	NA	NA	NA	NA	NA
2019-nCoV	4212	C	-T	38	24	24	1	0	20	0.0263158	38	0.513158	FALSE	NA	NA	NA	NA	NA	NA
2019-nCoV	4218	G	-A	36	22	23	1	0	20	0.0277778	36	0.513889	FALSE	NA	NA	NA	NA	NA	NA
2019-nCoV	4220	A	C	34	21	25	1	0	27	0.0285714	35	0.507246	FALSE	NA	NA	NA	NA	NA	NA
2019-nCoV	4233	A	G	37	23	25	1	1	23	0.0263158	38	0.506667	FALSE	NA	NA	NA	NA	NA	NA
2019-nCoV	4234	C	+A	38	25	24	2	0	20	0.0526316	38	0.266576	FALSE	NA	NA	NA	NA	NA	NA
2019-nCoV	4235	A	G	28	15	23	1	1	25	0.0344828	29	0.508772	FALSE	NA	NA	NA	NA	NA	NA
2019-nCoV	4236	A	G	31	22	23	1	1	29	0.03125	32	0.507937	FALSE	NA	NA	NA	NA	NA	NA
2019-nCoV	4241	A	+G	33	21	24	1	0	20	0.030303	33	0.515152	FALSE	NA	NA	NA	NA	NA	NA
2019-nCoV	4242	T	+A	32	21	25	1	0	20	0.03125	32	0.515625	FALSE	NA	NA	NA	NA	NA	NA
2019-nCoV	4244	A	G	31	21	23	1	1	25	0.03125	32	0.507937	FALSE	NA	NA	NA	NA	NA	NA
2019-nCoV	4251	A	-C	31	20	23	7	0	20	0.225806	31	0.013018	FALSE	NA	NA	NA	NA	NA	NA
2019-nCoV	4259	C	+G	34	24	25	1	0	20	0.0294118	34	0.514706	FALSE	NA	NA	NA	NA	NA	NA
2019-nCoV	4281	T	+A	107	64	25	1	0	20	0.00934579	107	0.755825	FALSE	NA	NA	NA	NA	NA	NA
2019-nCoV	4289	G	+C	98	64	24	1	0	20	0.0102041	98	0.505102	FALSE	NA	NA	NA	NA	NA	NA
2019-nCoV	4290	C	-A	106	61	24	2	0	20	0.0188679	106	0.510613	FALSE	NA	NA	NA	NA	NA	NA
2019-nCoV	4290	C	+A	106	61	24	1	0	20	0.00943396	106	0.755879	FALSE	NA	NA	NA	NA	NA	NA
2019-nCoV	4295	A	G	109	63	24	1	0	24	0.00909091	110	0.753425	FALSE	NA	NA	NA	NA	NA	NA
2019-nCoV	4296	C	T	98	58	23	1	0	22	0.010101	99	0.502538	FALSE	NA	NA	NA	NA	NA	NA
2019-nCoV	4296	C	+A	98	58	23	1	0	20	0.010101	99	0.502538	FALSE	NA	NA	NA	NA	NA	NA
2019-nCoV	4297	A	G	94	57	23	1	1	21	0.0105263	95	0.502646	FALSE	NA	NA	NA	NA	NA	NA
2019-nCoV	4298	G	+T	88	51	23	1	0	20	0.0113636	88	0.505682	FALSE	NA	NA	NA	NA	NA	NA
2019-nCoV	4299	T	+C	92	56	24	1	0	20	0.0108696	92	0.505435	FALSE	NA	NA	NA	NA	NA	NA
2019-nCoV	4300	G	+T	82	42	24	2	0	20	0.0243902	82	0.25765	FALSE	NA	NA	NA	NA	NA	NA
2019-nCoV	4300	G	+A	82	42	24	1	0	20	0.0121951	82	0.506098	FALSE	NA	NA	NA	NA	NA	NA
2019-nCoV	4301	C	T	78	35	24	5	5	22	0.060241	83	0.0302857	FALSE	NA	NA	NA	NA	NA	NA
2019-nCoV	4302	T	A	67	21	23	2	2	22	0.0289855	69	0.251825	FALSE	NA	NA	NA	NA	NA	NA
2019-nCoV	4303	T	C	53	33	22	2	2	22	0.0363636	55	0.252294	FALSE	NA	NA	NA	NA	NA	NA
2019-nCoV	4303	T	-AAA	53	33	22	1	0	20	0.0181818	55	0.5	FALSE	NA	NA	NA	NA	NA	NA
2019-nCoV	4303	T	-AA	53	33	22	5	0	20	0.0909091	55	0.0341557	FALSE	NA	NA	NA	NA	NA	NA
2019-nCoV	4303	T	-A	53	33	22	4	0	20	0.0727273	55	0.0659559	FALSE	NA	NA	NA	NA	NA	NA
2019-nCoV	4303	T	+A	53	33	22	1	0	20	0.0181818	55	0.5	FALSE	NA	NA	NA	NA	NA	NA
2019-nCoV	4304	A	T	42	1	24	2	2	22	0.0454545	44	0.236205	FALSE	NA	NA	NA	NA	NA	NA
2019-nCoV	4306	A	G	76	31	23	1	1	23	0.012987	77	0.5	FALSE	NA	NA	NA	NA	NA	NA
2019-nCoV	4308	A	G	42	42	23	1	1	20	0.0232558	43	0.505882	FALSE	NA	NA	NA	NA	NA	NA
2019-nCoV	4312	T	-A	102	62	24	2	0	20	0.0196078	102	0.511029	FALSE	NA	NA	NA	NA	NA	NA
2019-nCoV	4312	T	+A	102	62	24	3	0	20	0.0294118	102	0.325434	FALSE	NA	NA	NA	NA	NA	NA
2019-nCoV	4316	A	T	66	63	24	1	1	27	0.0149254	67	0.503759	FALSE	NA	NA	NA	NA	NA	NA
2019-nCoV	4319	G	-C	103	63	24	12	0	20	0.116505	103	0.0025741	TRUE	NA	NA	NA	NA	NA	NA
2019-nCoV	4321	C	T	13	12	24	35	1	24	0.729167	48	1.60585e-15	TRUE	NA	NA	NA	NA	NA	NA
2019-nCoV	4322	T	C	89	51	24	2	1	25	0.021978	91	0.251381	FALSE	NA	NA	NA	NA	NA	NA
2019-nCoV	4323	T	C	101	62	24	1	1	23	0.00980392	102	0.753695	FALSE	NA	NA	NA	NA	NA	NA
2019-nCoV	4327	C	+T	102	62	24	1	0	20	0.00980392	102	0.756109	FALSE	NA	NA	NA	NA	NA	NA
2019-nCoV	4328	A	T	96	60	24	1	1	23	0.0103093	97	0.502591	FALSE	NA	NA	NA	NA	NA	NA
2019-nCoV	4328	A	+T	96	60	24	1	0	20	0.0103093	97	0.502591	FALSE	NA	NA	NA	NA	NA	NA
2019-nCoV	4329	T	G	78	40	23	1	1	20	0.0126582	79	0.503185	FALSE	NA	NA	NA	NA	NA	NA
2019-nCoV	4342	T	C	76	65	25	1	1	29	0.012987	77	0.503268	FALSE	NA	NA	NA	NA	NA	NA
2019-nCoV	4346	T	C	90	63	25	1	1	30	0.010989	91	0.502762	FALSE	NA	NA	NA	NA	NA	NA
2019-nCoV	4348	T	C	87	61	24	1	1	28	0.0113636	88	0.502857	FALSE	NA	NA	NA	NA	NA	NA
2019-nCoV	4351	T	+C	92	63	24	1	0	20	0.0108696	92	0.505435	FALSE	NA	NA	NA	NA	NA	NA
2019-nCoV	4354	G	+A	88	58	23	1	0	20	0.0113636	88	0.505682	FALSE	NA	NA	NA	NA	NA	NA
2019-nCoV	4358	C	+A	95	64	24	1	0	20	0.0105263	95	0.505263	FALSE	NA	NA	NA	NA	NA	NA
2019-nCoV	4360	A	-GA	83	63	24	1	0	20	0.0120482	83	0.506024	FALSE	NA	NA	NA	NA	NA	NA
2019-nCoV	4360	A	-G	83	63	24	1	0	20	0.0120482	83	0.506024	FALSE	NA	NA	NA	NA	NA	NA
2019-nCoV	4361	G	A	82	54	24	5	4	21	0.0574713	87	0.0286178	FALSE	NA	NA	NA	NA	NA	NA
2019-nCoV	4362	A	G	59	30	23	1	1	29	0.0166667	60	0.5	FALSE	NA	NA	NA	NA	NA	NA
2019-nCoV	4366	T	C	79	66	25	1	1	23	0.0125	80	0.503145	FALSE	NA	NA	NA	NA	NA	NA
2019-nCoV	4371	G	-A	84	67	24	1	0	20	0.0119048	84	0.505952	FALSE	NA	NA	NA	NA	NA	NA
2019-nCoV	4371	G	+T	84	67	24	1	0	20	0.0119048	84	0.505952	FALSE	NA	NA	NA	NA	NA	NA
2019-nCoV	4376	G	-T	82	50	24	4	0	20	0.0487805	82	0.0679395	FALSE	NA	NA	NA	NA	NA	NA
2019-nCoV	4378	T	C	84	52	24	1	1	28	0.0117647	85	0.502959	FALSE	NA	NA	NA	NA	NA	NA
2019-nCoV	4381	T	C	73	41	23	1	1	25	0.0135135	74	0.503401	FALSE	NA	NA	NA	NA	NA	NA
2019-nCoV	4384	G	+A	80	60	24	1	0	20	0.0125	80	0.50625	FALSE	NA	NA	NA	NA	NA	NA
2019-nCoV	4385	A	G	79	47	23	1	1	27	0.0125	80	0.503145	FALSE	NA	NA	NA	NA	NA	NA
2019-nCoV	4394	G	+A	65	44	25	1	0	20	0.0153846	65	0.507692	FALSE	NA	NA	NA	NA	NA	NA
2019-nCoV	4398	T	G	60	39	24	1	1	20	0.0163934	61	0.504132	FALSE	NA	NA	NA	NA	NA	NA
2019-nCoV	4398	T	+TG	60	39	24	1	0	20	0.0163934	61	0.504132	FALSE	NA	NA	NA	NA	NA	NA
2019-nCoV	4400	C	-T	61	40	25	1	0	20	0.0163934	61	0.508197	FALSE	NA	NA	NA	NA	NA	NA
2019-nCoV	4400	C	+T	61	40	25	1	0	20	0.0163934	61	0.508197	FALSE	NA	NA	NA	NA	NA	NA
2019-nCoV	4405	A	G	64	42	25	1	1	23	0.0153846	65	0.503876	FALSE	NA	NA	NA	NA	NA	NA
2019-nCoV	4405	A	+C	64	42	25	1	0	20	0.0153846	65	0.503876	FALSE	NA	NA	NA	NA	NA	NA
2019-nCoV	4407	A	G	62	41	24	1	1	27	0.015873	63	0.504	FALSE	NA	NA	NA	NA	NA	NA
2019-nCoV	4408	T	C	64	42	25	1	1	20	0.0153846	65	0.503876	FALSE	NA	NA	NA	NA	NA	NA
2019-nCoV	4408	T	+G	64	42	25	1	0	20	0.0153846	65	0.503876	FALSE	NA	NA	NA	NA	NA	NA
2019-nCoV	4409	G	-C	65	43	25	1	0	20	0.0153846	65	0.507692	FALSE	NA	NA	NA	NA	NA	NA
2019-nCoV	4415	G	-A	63	42	24	2	0	20	0.031746	63	0.259968	FALSE	NA	NA	NA	NA	NA	NA
2019-nCoV	4415	G	+A	63	42	24	6	0	20	0.0952381	63	0.0191815	FALSE	NA	NA	NA	NA	NA	NA
2019-nCoV	4416	A	G	38	19	23	1	1	27	0.025641	39	0.493671	FALSE	NA	NA	NA	NA	NA	NA
2019-nCoV	4417	A	G	63	42	25	1	1	28	0.015625	64	0.503937	FALSE	NA	NA	NA	NA	NA	NA
2019-nCoV	4418	A	+C	51	41	24	1	0	20	0.0196078	51	0.509804	FALSE	NA	NA	NA	NA	NA	NA
2019-nCoV	4420	A	G	62	41	25	1	0	30	0.015873	63	0.504	FALSE	NA	NA	NA	NA	NA	NA
2019-nCoV	4423	C	G	60	39	24	1	1	29	0.0163934	61	0.504132	FALSE	NA	NA	NA	NA	NA	NA
2019-nCoV	4423	C	+A	60	39	24	1	0	20	0.0163934	61	0.504132	FALSE	NA	NA	NA	NA	NA	NA
2019-nCoV	4426	A	+T	50	38	24	1	0	20	0.02	50	0.51	FALSE	NA	NA	NA	NA	NA	NA
2019-nCoV	4428	T	+A	59	39	23	3	0	20	0.0508475	59	0.134667	FALSE	NA	NA	NA	NA	NA	NA
2019-nCoV	4438	C	-T	130	71	25	1	0	20	0.00769231	130	0.754797	FALSE	NA	NA	NA	NA	NA	NA
2019-nCoV	4438	C	+T	130	71	25	1	0	20	0.00769231	130	0.754797	FALSE	NA	NA	NA	NA	NA	NA
2019-nCoV	4441	T	C	126	64	25	1	1	23	0.00787402	127	0.752964	FALSE	NA	NA	NA	NA	NA	NA
2019-nCoV	4442	G	+T	129	67	25	1	0	20	0.00775194	129	0.754834	FALSE	NA	NA	NA	NA	NA	NA
2019-nCoV	4443	T	+G	124	67	25	1	0	20	0.00806452	124	0.755028	FALSE	NA	NA	NA	NA	NA	NA
2019-nCoV	4446	A	G	88	29	24	1	0	22	0.011236	89	0.502825	FALSE	NA	NA	NA	NA	NA	NA
2019-nCoV	4447	A	G	129	68	25	3	1	25	0.0227273	132	0.313929	FALSE	NA	NA	NA	NA	NA	NA
2019-nCoV	4449	C	+G	126	64	24	1	0	20	0.00793651	126	0.754948	FALSE	NA	NA	NA	NA	NA	NA
2019-nCoV	4450	T	-A	119	60	25	3	0	20	0.0252101	119	0.323578	FALSE	NA	NA	NA	NA	NA	NA
2019-nCoV	4450	T	+A	119	60	25	1	0	20	0.00840336	119	0.755239	FALSE	NA	NA	NA	NA	NA	NA
2019-nCoV	4454	G	A	127	68	24	1	1	28	0.0078125	128	0.752941	FALSE	NA	NA	NA	NA	NA	NA
2019-nCoV	4454	G	+A	127	68	24	1	0	20	0.0078125	128	0.752941	FALSE	NA	NA	NA	NA	NA	NA
2019-nCoV	4456	C	T	110	70	24	1	1	23	0.00900901	111	0.753394	FALSE	NA	NA	NA	NA	NA	NA
2019-nCoV	4457	A	T	127	72	24	1	1	20	0.0078125	128	0.752941	FALSE	NA	NA	NA	NA	NA	NA
2019-nCoV	4457	A	+AT	127	72	24	1	0	20	0.0078125	128	0.752941	FALSE	NA	NA	NA	NA	NA	NA
2019-nCoV	4458	T	+A	125	74	25	1	0	20	0.008	125	0.754988	FALSE	NA	NA	NA	NA	NA	NA
2019-nCoV	4459	A	G	124	72	25	1	0	30	0.008	125	0.502008	FALSE	NA	NA	NA	NA	NA	NA
2019-nCoV	4460	G	-T	117	72	24	1	0	20	0.00854701	117	0.755328	FALSE	NA	NA	NA	NA	NA	NA
2019-nCoV	4460	G	+T	117	72	24	3	0	20	0.025641	117	0.323769	FALSE	NA	NA	NA	NA	NA	NA
2019-nCoV	4464	C	T	114	69	24	1	0	21	0.00869565	115	0.753275	FALSE	NA	NA	NA	NA	NA	NA
2019-nCoV	4464	C	+CA	114	69	24	1	0	20	0.00869565	115	0.753275	FALSE	NA	NA	NA	NA	NA	NA
2019-nCoV	4465	A	G	103	52	23	1	0	26	0.00961538	104	0.753623	FALSE	NA	NA	NA	NA	NA	NA
2019-nCoV	4466	A	G	103	68	24	1	1	27	0.00952381	105	0.751208	FALSE	NA	NA	NA	NA	NA	NA
2019-nCoV	4466	A	C	103	68	24	1	0	23	0.00952381	105	0.751208	FALSE	NA	NA	NA	NA	NA	NA
2019-nCoV	4468	T	C	117	67	25	1	0	24	0.00840336	119	0.751064	FALSE	NA	NA	NA	NA	NA	NA
2019-nCoV	4468	T	A	117	67	25	1	1	20	0.00840336	119	0.751064	FALSE	NA	NA	NA	NA	NA	NA
2019-nCoV	4468	T	+A	117	67	25	1	0	20	0.00840336	119	0.751064	FALSE	NA	NA	NA	NA	NA	NA
2019-nCoV	4477	T	-A	126	71	24	5	0	20	0.0396825	126	0.1179	FALSE	NA	NA	NA	NA	NA	NA
2019-nCoV	4477	T	+A	126	71	24	3	0	20	0.0238095	126	0.32296	FALSE	NA	NA	NA	NA	NA	NA
2019-nCoV	4479	A	T	125	68	25	1	0	24	0.00793651	126	0.752988	FALSE	NA	NA	NA	NA	NA	NA
2019-nCoV	4483	T	+A	118	65	24	1	0	20	0.00847458	118	0.755283	FALSE	NA	NA	NA	NA	NA	NA
2019-nCoV	4488	G	T	34	24	24	1	0	20	0.0285714	35	0.507246	FALSE	NA	NA	NA	NA	NA	NA
2019-nCoV	4492	T	-A	45	23	22	1	0	20	0.0222222	45	0.511111	FALSE	NA	NA	NA	NA	NA	NA
2019-nCoV	4498	A	+AC	59	23	24	1	0	20	0.0169492	59	0.508475	FALSE	NA	NA	NA	NA	NA	NA
2019-nCoV	4499	C	G	57	23	24	1	0	20	0.0172414	58	0.504348	FALSE	NA	NA	NA	NA	NA	NA
2019-nCoV	4503	A	-G	62	25	25	1	0	20	0.016129	62	0.508065	FALSE	NA	NA	NA	NA	NA	NA
2019-nCoV	4503	A	+G	62	25	25	1	0	20	0.016129	62	0.508065	FALSE	NA	NA	NA	NA	NA	NA
2019-nCoV	4517	T	+A	49	24	23	1	0	20	0.0204082	49	0.510204	FALSE	NA	NA	NA	NA	NA	NA
2019-nCoV	4518	A	+G	55	22	24	1	0	20	0.0181818	55	0.509091	FALSE	NA	NA	NA	NA	NA	NA
2019-nCoV	4528	A	-T	49	24	23	5	0	20	0.102041	49	0.0379691	FALSE	NA	NA	NA	NA	NA	NA
2019-nCoV	4529	T	A	59	3	24	1	0	24	0.0166667	60	0.495868	FALSE	NA	NA	NA	NA	NA	NA
2019-nCoV	4534	C	-T	106	48	23	13	0	20	0.122642	106	0.00144908	TRUE	NA	NA	NA	NA	NA	NA
2019-nCoV	4534	C	+T	106	48	23	2	0	20	0.0188679	106	0.510613	FALSE	NA	NA	NA	NA	NA	NA
2019-nCoV	4537	T	C	116	49	24	1	0	24	0.00854701	117	0.753219	FALSE	NA	NA	NA	NA	NA	NA
2019-nCoV	4538	T	+C	61	49	23	1	0	20	0.0163934	61	0.508197	FALSE	NA	NA	NA	NA	NA	NA
2019-nCoV	4541	A	+C	118	49	24	1	0	20	0.00847458	118	0.755283	FALSE	NA	NA	NA	NA	NA	NA
2019-nCoV	4545	G	-T	113	48	24	1	0	20	0.00884956	113	0.755516	FALSE	NA	NA	NA	NA	NA	NA
2019-nCoV	4546	T	-A	110	47	23	3	0	20	0.027027	111	0.321003	FALSE	NA	NA	NA	NA	NA	NA
2019-nCoV	4546	T	+A	110	47	23	2	0	20	0.018018	111	0.506787	FALSE	NA	NA	NA	NA	NA	NA
2019-nCoV	4551	C	+A	109	46	23	3	0	20	0.0275229	109	0.3246	FALSE	NA	NA	NA	NA	NA	NA
2019-nCoV	4553	A	T	96	48	24	1	0	25	0.0103093	97	0.502591	FALSE	NA	NA	NA	NA	NA	NA
2019-nCoV	4555	T	C	114	48	25	1	0	22	0.00869565	115	0.753275	FALSE	NA	NA	NA	NA	NA	NA
2019-nCoV	4560	C	+A	112	49	25	1	0	20	0.00892857	112	0.755565	FALSE	NA	NA	NA	NA	NA	NA
2019-nCoV	4561	G	A	113	49	25	1	1	24	0.00877193	114	0.753304	FALSE	NA	NA	NA	NA	NA	NA
2019-nCoV	4562	T	C	115	50	25	1	0	21	0.00862069	116	0.753247	FALSE	NA	NA	NA	NA	NA	NA
2019-nCoV	4562	T	+C	115	50	25	1	0	20	0.00862069	116	0.753247	FALSE	NA	NA	NA	NA	NA	NA
2019-nCoV	4565	C	-T	112	47	25	2	0	20	0.0178571	112	0.510044	FALSE	NA	NA	NA	NA	NA	NA
2019-nCoV	4570	C	+A	113	50	25	1	0	20	0.00884956	113	0.755516	FALSE	NA	NA	NA	NA	NA	NA
2019-nCoV	4571	A	G	109	44	24	1	1	25	0.00909091	110	0.753425	FALSE	NA	NA	NA	NA	NA	NA
2019-nCoV	4572	A	G	95	49	24	1	1	30	0.0104167	96	0.502618	FALSE	NA	NA	NA	NA	NA	NA
2019-nCoV	4573	C	T	115	50	25	1	0	27	0.00862069	116	0.753247	FALSE	NA	NA	NA	NA	NA	NA
2019-nCoV	4574	A	G	112	49	25	1	1	20	0.00884956	113	0.753333	FALSE	NA	NA	NA	NA	NA	NA
2019-nCoV	4575	C	T	111	49	25	1	0	26	0.00892857	112	0.753363	FALSE	NA	NA	NA	NA	NA	NA
2019-nCoV	4575	C	+A	111	49	25	1	0	20	0.00892857	112	0.753363	FALSE	NA	NA	NA	NA	NA	NA
2019-nCoV	4576	A	G	110	49	26	1	0	26	0.00900901	111	0.753394	FALSE	NA	NA	NA	NA	NA	NA
2019-nCoV	4577	C	+T	113	49	25	1	0	20	0.00884956	113	0.755516	FALSE	NA	NA	NA	NA	NA	NA
2019-nCoV	4579	T	C	89	47	24	2	0	24	0.021978	91	0.251381	FALSE	NA	NA	NA	NA	NA	NA
2019-nCoV	4586	C	+T	110	47	25	1	0	20	0.00909091	110	0.755666	FALSE	NA	NA	NA	NA	NA	NA
2019-nCoV	4587	T	C	108	45	24	1	1	22	0.00917431	109	0.753456	FALSE	NA	NA	NA	NA	NA	NA
2019-nCoV	4587	T	-A	108	45	24	1	0	20	0.00917431	109	0.753456	FALSE	NA	NA	NA	NA	NA	NA
2019-nCoV	4587	T	+A	108	45	24	1	0	20	0.00917431	109	0.753456	FALSE	NA	NA	NA	NA	NA	NA
2019-nCoV	4590	A	G	72	44	23	1	1	23	0.0136986	73	0.503448	FALSE	NA	NA	NA	NA	NA	NA
2019-nCoV	4592	G	-A	107	46	23	3	0	20	0.0280374	107	0.324827	FALSE	NA	NA	NA	NA	NA	NA
2019-nCoV	4592	G	+A	107	46	23	1	0	20	0.00934579	107	0.755825	FALSE	NA	NA	NA	NA	NA	NA
2019-nCoV	4593	A	G	79	19	23	1	0	24	0.0125	80	0.496894	FALSE	NA	NA	NA	NA	NA	NA
2019-nCoV	4595	A	G	77	49	23	1	0	26	0.0128205	78	0.503226	FALSE	NA	NA	NA	NA	NA	NA
2019-nCoV	4597	T	G	111	46	25	1	1	25	0.00884956	113	0.751121	FALSE	NA	NA	NA	NA	NA	NA
2019-nCoV	4597	T	C	111	46	25	1	0	28	0.00884956	113	0.751121	FALSE	NA	NA	NA	NA	NA	NA
2019-nCoV	4598	C	+T	109	45	25	1	0	20	0.00917431	109	0.755718	FALSE	NA	NA	NA	NA	NA	NA
2019-nCoV	4599	T	C	95	33	25	1	0	24	0.0104167	96	0.502618	FALSE	NA	NA	NA	NA	NA	NA
2019-nCoV	4602	T	C	102	41	23	1	0	24	0.00970874	103	0.753659	FALSE	NA	NA	NA	NA	NA	NA
2019-nCoV	4604	A	G	111	49	25	1	1	26	0.00892857	112	0.753363	FALSE	NA	NA	NA	NA	NA	NA
2019-nCoV	4605	C	-A	109	48	25	1	0	20	0.00917431	109	0.755718	FALSE	NA	NA	NA	NA	NA	NA
2019-nCoV	4605	C	+A	109	48	25	1	0	20	0.00917431	109	0.755718	FALSE	NA	NA	NA	NA	NA	NA
2019-nCoV	4607	A	+AC	98	48	23	1	0	20	0.0102041	98	0.505102	FALSE	NA	NA	NA	NA	NA	NA
2019-nCoV	4608	T	-G	109	43	25	1	0	20	0.00917431	109	0.755718	FALSE	NA	NA	NA	NA	NA	NA
2019-nCoV	4609	G	+C	109	43	25	1	0	20	0.00917431	109	0.755718	FALSE	NA	NA	NA	NA	NA	NA
2019-nCoV	4612	A	T	106	41	25	1	1	20	0.00934579	107	0.753521	FALSE	NA	NA	NA	NA	NA	NA
2019-nCoV	4612	A	+AC	106	41	25	1	0	20	0.00934579	107	0.753521	FALSE	NA	NA	NA	NA	NA	NA
2019-nCoV	4613	C	T	103	41	25	3	1	24	0.0283019	106	0.314282	FALSE	NA	NA	NA	NA	NA	NA
2019-nCoV	4614	T	G	94	32	25	1	1	20	0.0104167	96	0.5	FALSE	NA	NA	NA	NA	NA	NA
2019-nCoV	4614	T	C	94	32	25	1	0	24	0.0104167	96	0.5	FALSE	NA	NA	NA	NA	NA	NA
2019-nCoV	4615	T	C	90	40	24	1	1	27	0.010989	91	0.502762	FALSE	NA	NA	NA	NA	NA	NA
2019-nCoV	4618	C	+G	111	43	25	1	0	20	0.00900901	111	0.755615	FALSE	NA	NA	NA	NA	NA	NA
2019-nCoV	4620	A	-T	112	47	25	1	0	20	0.00892857	112	0.755565	FALSE	NA	NA	NA	NA	NA	NA
2019-nCoV	4622	G	+T	115	49	25	1	0	20	0.00869565	115	0.755421	FALSE	NA	NA	NA	NA	NA	NA
2019-nCoV	4623	T	+A	113	48	25	1	0	20	0.00884956	113	0.755516	FALSE	NA	NA	NA	NA	NA	NA
2019-nCoV	4626	C	+T	115	52	25	1	0	20	0.00869565	115	0.755421	FALSE	NA	NA	NA	NA	NA	NA
2019-nCoV	4627	A	G	116	49	25	1	1	22	0.00854701	117	0.753219	FALSE	NA	NA	NA	NA	NA	NA
2019-nCoV	4630	T	+G	107	41	25	1	0	20	0.00934579	107	0.755825	FALSE	NA	NA	NA	NA	NA	NA
2019-nCoV	4633	C	-T	113	47	25	1	0	20	0.00884956	113	0.755516	FALSE	NA	NA	NA	NA	NA	NA
2019-nCoV	4635	T	-A	92	52	24	2	0	20	0.0217391	92	0.256816	FALSE	NA	NA	NA	NA	NA	NA
2019-nCoV	4635	T	+A	92	52	24	1	0	20	0.0108696	92	0.505435	FALSE	NA	NA	NA	NA	NA	NA
2019-nCoV	4638	A	+T	75	46	24	1	0	20	0.0133333	75	0.506667	FALSE	NA	NA	NA	NA	NA	NA
2019-nCoV	4643	G	+A	103	53	23	1	0	20	0.00970874	103	0.75605	FALSE	NA	NA	NA	NA	NA	NA
2019-nCoV	4645	A	T	99	51	24	1	1	26	0.01	100	0.751256	FALSE	NA	NA	NA	NA	NA	NA
2019-nCoV	4652	G	+C	57	25	25	1	0	20	0.0175439	57	0.508772	FALSE	NA	NA	NA	NA	NA	NA
2019-nCoV	4654	T	+C	61	27	26	1	0	20	0.0163934	61	0.508197	FALSE	NA	NA	NA	NA	NA	NA
2019-nCoV	4658	T	+A	62	27	25	1	0	20	0.016129	62	0.508065	FALSE	NA	NA	NA	NA	NA	NA
2019-nCoV	4661	A	+T	60	26	26	1	0	20	0.0166667	60	0.508333	FALSE	NA	NA	NA	NA	NA	NA
2019-nCoV	4678	G	+A	60	26	25	1	0	20	0.0166667	60	0.508333	FALSE	NA	NA	NA	NA	NA	NA
2019-nCoV	4679	C	T	51	19	24	5	3	27	0.0892857	56	0.029804	FALSE	NA	NA	NA	NA	NA	NA
2019-nCoV	4684	T	C	59	26	26	1	0	20	0.0166667	60	0.504202	FALSE	NA	NA	NA	NA	NA	NA
2019-nCoV	4686	C	+A	62	27	25	1	0	20	0.016129	62	0.508065	FALSE	NA	NA	NA	NA	NA	NA
2019-nCoV	4687	A	G	61	27	26	1	0	27	0.016129	62	0.504065	FALSE	NA	NA	NA	NA	NA	NA
2019-nCoV	4688	G	+T	60	26	25	1	0	20	0.0166667	60	0.508333	FALSE	NA	NA	NA	NA	NA	NA
2019-nCoV	4691	T	C	98	57	23	1	0	23	0.010101	99	0.502538	FALSE	NA	NA	NA	NA	NA	NA
2019-nCoV	4694	G	-T	120	50	24	6	0	20	0.05	120	0.0695411	FALSE	NA	NA	NA	NA	NA	NA
2019-nCoV	4694	G	+T	120	50	24	1	0	20	0.00833333	120	0.755195	FALSE	NA	NA	NA	NA	NA	NA
2019-nCoV	4698	C	+T	124	52	25	1	0	20	0.00806452	124	0.755028	FALSE	NA	NA	NA	NA	NA	NA
2019-nCoV	4700	T	C	113	58	24	1	0	28	0.00877193	114	0.753304	FALSE	NA	NA	NA	NA	NA	NA
2019-nCoV	4702	A	+C	125	54	26	1	0	20	0.008	125	0.754988	FALSE	NA	NA	NA	NA	NA	NA
2019-nCoV	4705	T	C	129	57	26	1	1	20	0.00769231	130	0.752896	FALSE	NA	NA	NA	NA	NA	NA
2019-nCoV	4706	G	+T	129	56	26	1	0	20	0.00775194	129	0.754834	FALSE	NA	NA	NA	NA	NA	NA
2019-nCoV	4706	G	+A	129	56	26	1	0	20	0.00775194	129	0.754834	FALSE	NA	NA	NA	NA	NA	NA
2019-nCoV	4708	T	C	127	53	26	1	1	25	0.0078125	128	0.752941	FALSE	NA	NA	NA	NA	NA	NA
2019-nCoV	4709	G	A	128	56	26	1	0	23	0.00775194	129	0.752918	FALSE	NA	NA	NA	NA	NA	NA
2019-nCoV	4710	C	+A	129	56	26	2	0	20	0.0155039	129	0.508721	FALSE	NA	NA	NA	NA	NA	NA
2019-nCoV	4711	T	+C	129	55	26	1	0	20	0.00775194	129	0.754834	FALSE	NA	NA	NA	NA	NA	NA
2019-nCoV	4712	G	+T	129	56	26	5	0	20	0.0387597	129	0.117698	FALSE	NA	NA	NA	NA	NA	NA
2019-nCoV	4715	A	+C	130	58	25	1	0	20	0.00769231	130	0.754797	FALSE	NA	NA	NA	NA	NA	NA
2019-nCoV	4716	C	-A	128	58	25	1	0	20	0.0078125	128	0.754871	FALSE	NA	NA	NA	NA	NA	NA
2019-nCoV	4717	A	+G	128	55	26	1	0	20	0.00775194	129	0.752918	FALSE	NA	NA	NA	NA	NA	NA
2019-nCoV	4719	C	A	127	57	26	1	1	28	0.0078125	128	0.752941	FALSE	NA	NA	NA	NA	NA	NA
2019-nCoV	4720	G	+T	127	58	26	1	0	20	0.00787402	127	0.75491	FALSE	NA	NA	NA	NA	NA	NA
2019-nCoV	4726	T	G	121	50	25	1	1	20	0.00819672	122	0.753086	FALSE	NA	NA	NA	NA	NA	NA
2019-nCoV	4726	T	+TG	121	50	25	1	0	20	0.00819672	122	0.753086	FALSE	NA	NA	NA	NA	NA	NA
2019-nCoV	4726	T	+G	121	50	25	1	0	20	0.00819672	122	0.753086	FALSE	NA	NA	NA	NA	NA	NA
2019-nCoV	4736	A	-C	122	52	26	1	0	20	0.00819672	122	0.75511	FALSE	NA	NA	NA	NA	NA	NA
2019-nCoV	4737	C	+T	122	51	25	1	0	20	0.00813008	123	0.753061	FALSE	NA	NA	NA	NA	NA	NA
2019-nCoV	4739	T	C	112	58	24	2	0	27	0.0175439	114	0.503319	FALSE	NA	NA	NA	NA	NA	NA
2019-nCoV	4740	C	+T	132	60	25	1	0	20	0.00757576	132	0.754724	FALSE	NA	NA	NA	NA	NA	NA
2019-nCoV	4742	T	+C	120	61	24	1	0	20	0.00833333	120	0.755195	FALSE	NA	NA	NA	NA	NA	NA
2019-nCoV	4743	C	+T	130	58	25	2	0	20	0.0153846	130	0.508654	FALSE	NA	NA	NA	NA	NA	NA
2019-nCoV	4746	C	G	127	58	24	1	0	23	0.0078125	128	0.752941	FALSE	NA	NA	NA	NA	NA	NA
2019-nCoV	4747	T	-A	127	55	24	8	0	20	0.0629921	127	0.0230352	FALSE	NA	NA	NA	NA	NA	NA
2019-nCoV	4750	A	T	59	22	24	2	1	26	0.0327869	61	0.252066	FALSE	NA	NA	NA	NA	NA	NA
2019-nCoV	4753	A	G	59	23	24	1	1	24	0.0166667	60	0.504202	FALSE	NA	NA	NA	NA	NA	NA
2019-nCoV	4757	G	-A	59	24	25	1	0	20	0.0169492	59	0.508475	FALSE	NA	NA	NA	NA	NA	NA
2019-nCoV	4757	G	+A	59	24	25	6	0	20	0.101695	59	0.0194378	FALSE	NA	NA	NA	NA	NA	NA
2019-nCoV	4759	A	+C	54	26	23	1	0	20	0.0185185	54	0.509259	FALSE	NA	NA	NA	NA	NA	NA
2019-nCoV	4760	G	-A	62	26	24	1	0	20	0.016129	62	0.508065	FALSE	NA	NA	NA	NA	NA	NA
2019-nCoV	4762	A	G	51	29	23	1	0	21	0.0192308	52	0.504854	FALSE	NA	NA	NA	NA	NA	NA
2019-nCoV	4762	A	+C	51	29	23	1	0	20	0.0192308	52	0.504854	FALSE	NA	NA	NA	NA	NA	NA
2019-nCoV	4770	T	C	57	23	24	1	1	20	0.0172414	58	0.504348	FALSE	NA	NA	NA	NA	NA	NA
2019-nCoV	4772	G	-A	60	28	24	1	0	20	0.0166667	60	0.508333	FALSE	NA	NA	NA	NA	NA	NA
2019-nCoV	4773	A	G	39	5	24	1	1	28	0.025	40	0.506329	FALSE	NA	NA	NA	NA	NA	NA
2019-nCoV	4777	C	T	12	5	23	46	25	25	0.793103	58	2.87079e-21	TRUE	NA	NA	NA	NA	NA	NA
2019-nCoV	4783	A	+G	58	28	25	1	0	20	0.0172414	58	0.508621	FALSE	NA	NA	NA	NA	NA	NA
2019-nCoV	4791	G	-T	53	27	23	1	0	20	0.0188679	53	0.509434	FALSE	NA	NA	NA	NA	NA	NA
2019-nCoV	4796	T	C	58	28	24	1	1	28	0.0169492	59	0.504274	FALSE	NA	NA	NA	NA	NA	NA
2019-nCoV	4797	A	+C	60	29	24	1	0	20	0.0166667	60	0.508333	FALSE	NA	NA	NA	NA	NA	NA
2019-nCoV	4798	T	-A	57	27	24	1	0	20	0.0175439	57	0.508772	FALSE	NA	NA	NA	NA	NA	NA
2019-nCoV	4801	A	+AC	41	25	23	1	0	20	0.0243902	41	0.512195	FALSE	NA	NA	NA	NA	NA	NA
2019-nCoV	4805	T	C	49	29	24	1	1	20	0.02	50	0.505051	FALSE	NA	NA	NA	NA	NA	NA
2019-nCoV	4808	T	C	166	71	24	1	0	25	0.00598802	167	0.752252	FALSE	NA	NA	NA	NA	NA	NA
2019-nCoV	4808	T	+C	166	71	24	2	0	20	0.011976	167	0.504505	FALSE	NA	NA	NA	NA	NA	NA
2019-nCoV	4808	T	+AC	166	71	24	1	0	20	0.00598802	167	0.752252	FALSE	NA	NA	NA	NA	NA	NA
2019-nCoV	4812	A	-T	152	70	24	1	0	20	0.00657895	152	0.754104	FALSE	NA	NA	NA	NA	NA	NA
2019-nCoV	4812	A	+G	152	70	24	1	0	20	0.00657895	152	0.754104	FALSE	NA	NA	NA	NA	NA	NA
2019-nCoV	4813	T	C	139	55	24	2	1	23	0.0141844	141	0.5	FALSE	NA	NA	NA	NA	NA	NA
2019-nCoV	4819	A	G	153	65	25	2	0	21	0.0129032	155	0.502435	FALSE	NA	NA	NA	NA	NA	NA
2019-nCoV	4820	C	+A	162	69	25	1	0	20	0.00617284	162	0.753851	FALSE	NA	NA	NA	NA	NA	NA
2019-nCoV	4822	A	T	141	70	24	1	0	28	0.00704225	142	0.75265	FALSE	NA	NA	NA	NA	NA	NA
2019-nCoV	4822	A	+T	141	70	24	1	0	20	0.00704225	142	0.75265	FALSE	NA	NA	NA	NA	NA	NA
2019-nCoV	4823	T	+G	161	71	25	1	0	20	0.00621118	161	0.753875	FALSE	NA	NA	NA	NA	NA	NA
2019-nCoV	4823	T	+A	161	71	25	1	0	20	0.00621118	161	0.753875	FALSE	NA	NA	NA	NA	NA	NA
2019-nCoV	4825	T	C	160	68	25	2	1	25	0.0123457	162	0.502329	FALSE	NA	NA	NA	NA	NA	NA
2019-nCoV	4825	T	+A	160	68	25	1	0	20	0.00617284	162	0.750779	FALSE	NA	NA	NA	NA	NA	NA
2019-nCoV	4826	A	G	157	68	25	1	0	26	0.00632911	158	0.752381	FALSE	NA	NA	NA	NA	NA	NA
2019-nCoV	4829	C	+A	157	67	24	2	0	20	0.0127389	157	0.507165	FALSE	NA	NA	NA	NA	NA	NA
2019-nCoV	4831	A	G	133	68	24	1	1	27	0.00746269	134	0.752809	FALSE	NA	NA	NA	NA	NA	NA
2019-nCoV	4831	A	+AC	133	68	24	1	0	20	0.00746269	134	0.752809	FALSE	NA	NA	NA	NA	NA	NA
2019-nCoV	4832	C	T	160	68	25	1	0	20	0.00621118	161	0.752336	FALSE	NA	NA	NA	NA	NA	NA
2019-nCoV	4832	C	+G	160	68	25	1	0	20	0.00621118	161	0.752336	FALSE	NA	NA	NA	NA	NA	NA
2019-nCoV	4837	T	C	159	65	25	1	0	28	0.00625	160	0.752351	FALSE	NA	NA	NA	NA	NA	NA
2019-nCoV	4838	A	+AT	157	64	25	1	0	20	0.00636943	157	0.753973	FALSE	NA	NA	NA	NA	NA	NA
2019-nCoV	4839	T	+A	158	66	25	1	0	20	0.00632911	158	0.753948	FALSE	NA	NA	NA	NA	NA	NA
2019-nCoV	4840	A	+G	158	70	25	1	0	20	0.00632911	158	0.753948	FALSE	NA	NA	NA	NA	NA	NA
2019-nCoV	4840	A	+C	158	70	25	1	0	20	0.00632911	158	0.753948	FALSE	NA	NA	NA	NA	NA	NA
2019-nCoV	4842	A	G	147	51	25	1	1	27	0.00675676	148	0.752542	FALSE	NA	NA	NA	NA	NA	NA
2019-nCoV	4843	A	-T	141	73	24	1	0	20	0.0070922	141	0.754423	FALSE	NA	NA	NA	NA	NA	NA
2019-nCoV	4843	A	+T	141	73	24	2	0	20	0.0141844	141	0.507979	FALSE	NA	NA	NA	NA	NA	NA
2019-nCoV	4845	T	C	170	72	26	1	0	26	0.00584795	171	0.752199	FALSE	NA	NA	NA	NA	NA	NA
2019-nCoV	4847	C	+T	157	71	24	2	0	20	0.0127389	157	0.507165	FALSE	NA	NA	NA	NA	NA	NA
2019-nCoV	4848	T	C	149	61	23	2	0	22	0.013245	151	0.5025	FALSE	NA	NA	NA	NA	NA	NA
2019-nCoV	4851	A	G	119	66	24	2	0	20	0.0165289	121	0.5	FALSE	NA	NA	NA	NA	NA	NA
2019-nCoV	4852	G	+C	147	63	25	1	0	20	0.00675676	148	0.752542	FALSE	NA	NA	NA	NA	NA	NA
2019-nCoV	4855	A	G	149	60	25	1	0	23	0.00666667	150	0.752508	FALSE	NA	NA	NA	NA	NA	NA
2019-nCoV	4859	G	+A	156	67	25	1	0	20	0.00641026	156	0.753999	FALSE	NA	NA	NA	NA	NA	NA
2019-nCoV	4860	A	G	155	69	25	1	1	23	0.00641026	156	0.752412	FALSE	NA	NA	NA	NA	NA	NA
2019-nCoV	4861	T	-A	146	61	23	10	0	20	0.0684932	146	0.00724783	TRUE	NA	NA	NA	NA	NA	NA
2019-nCoV	4861	T	+A	146	61	23	3	0	20	0.0205479	146	0.321522	FALSE	NA	NA	NA	NA	NA	NA
2019-nCoV	4868	G	+A	155	69	25	1	0	20	0.00645161	155	0.754024	FALSE	NA	NA	NA	NA	NA	NA
2019-nCoV	4872	A	+T	145	64	25	1	0	20	0.00689655	145	0.754301	FALSE	NA	NA	NA	NA	NA	NA
2019-nCoV	4875	A	G	137	64	25	2	1	24	0.0143885	139	0.502717	FALSE	NA	NA	NA	NA	NA	NA
2019-nCoV	4884	A	+C	68	41	25	1	0	20	0.0147059	68	0.507353	FALSE	NA	NA	NA	NA	NA	NA
2019-nCoV	4888	T	-A	83	41	25	1	0	20	0.0120482	83	0.506024	FALSE	NA	NA	NA	NA	NA	NA
2019-nCoV	4889	A	+C	79	40	26	1	0	20	0.0125	80	0.503145	FALSE	NA	NA	NA	NA	NA	NA
2019-nCoV	4892	A	G	85	38	25	1	1	33	0.0116279	86	0.502924	FALSE	NA	NA	NA	NA	NA	NA
2019-nCoV	4896	T	C	62	42	24	1	0	21	0.015873	63	0.504	FALSE	NA	NA	NA	NA	NA	NA
2019-nCoV	4899	A	T	88	41	24	1	0	25	0.011236	89	0.502825	FALSE	NA	NA	NA	NA	NA	NA
2019-nCoV	4900	C	T	85	36	23	1	0	28	0.0116279	86	0.502924	FALSE	NA	NA	NA	NA	NA	NA
2019-nCoV	4901	C	G	70	42	24	1	1	24	0.0140845	71	0.503546	FALSE	NA	NA	NA	NA	NA	NA
2019-nCoV	4902	T	C	92	43	25	2	0	23	0.0212766	94	0.251337	FALSE	NA	NA	NA	NA	NA	NA
2019-nCoV	4904	G	+A	92	41	24	1	0	20	0.0108696	92	0.505435	FALSE	NA	NA	NA	NA	NA	NA
2019-nCoV	4909	T	+G	93	42	25	1	0	20	0.0107527	93	0.505376	FALSE	NA	NA	NA	NA	NA	NA
2019-nCoV	4909	T	+C	93	42	25	1	0	20	0.0107527	93	0.505376	FALSE	NA	NA	NA	NA	NA	NA
2019-nCoV	4913	G	+T	86	42	25	1	0	20	0.0116279	86	0.505814	FALSE	NA	NA	NA	NA	NA	NA
2019-nCoV	4915	T	C	65	42	24	1	0	27	0.0151515	66	0.503817	FALSE	NA	NA	NA	NA	NA	NA
2019-nCoV	4924	T	C	66	59	25	2	0	24	0.0294118	68	0.251852	FALSE	NA	NA	NA	NA	NA	NA
2019-nCoV	4926	A	G	98	52	24	1	1	26	0.010101	99	0.502538	FALSE	NA	NA	NA	NA	NA	NA
2019-nCoV	4927	C	-A	84	47	23	3	0	20	0.0357143	84	0.131762	FALSE	NA	NA	NA	NA	NA	NA
2019-nCoV	4928	A	C	60	23	23	1	1	28	0.0163934	61	0.488	FALSE	NA	NA	NA	NA	NA	NA
2019-nCoV	4931	C	+T	105	54	25	1	0	20	0.00952381	105	0.755935	FALSE	NA	NA	NA	NA	NA	NA
2019-nCoV	4932	T	C	90	40	24	1	0	20	0.010989	91	0.502762	FALSE	NA	NA	NA	NA	NA	NA
2019-nCoV	4939	A	G	102	53	25	1	1	28	0.00970874	103	0.753659	FALSE	NA	NA	NA	NA	NA	NA
2019-nCoV	4940	C	+T	104	54	25	2	0	20	0.0192308	104	0.510817	FALSE	NA	NA	NA	NA	NA	NA
2019-nCoV	4942	T	A	92	57	24	1	0	22	0.0107527	93	0.502703	FALSE	NA	NA	NA	NA	NA	NA
2019-nCoV	4943	C	-T	104	56	24	3	0	20	0.0288462	104	0.325184	FALSE	NA	NA	NA	NA	NA	NA
2019-nCoV	4947	C	A	104	58	24	1	0	20	0.00952381	105	0.753589	FALSE	NA	NA	NA	NA	NA	NA
2019-nCoV	4947	C	-T	104	58	24	2	0	20	0.0190476	105	0.507177	FALSE	NA	NA	NA	NA	NA	NA
2019-nCoV	4947	C	+T	104	58	24	3	0	20	0.0285714	105	0.321493	FALSE	NA	NA	NA	NA	NA	NA
2019-nCoV	4950	T	C	70	58	25	1	1	26	0.0140845	71	0.503546	FALSE	NA	NA	NA	NA	NA	NA
2019-nCoV	4953	G	+A	107	57	24	1	0	20	0.00934579	107	0.755825	FALSE	NA	NA	NA	NA	NA	NA
2019-nCoV	4955	G	-A	107	60	25	1	0	20	0.00934579	107	0.755825	FALSE	NA	NA	NA	NA	NA	NA
2019-nCoV	4955	G	+A	107	60	25	1	0	20	0.00934579	107	0.755825	FALSE	NA	NA	NA	NA	NA	NA
2019-nCoV	4957	A	T	86	59	24	1	1	20	0.0114943	87	0.50289	FALSE	NA	NA	NA	NA	NA	NA
2019-nCoV	4963	G	+A	87	56	24	1	0	20	0.0114943	87	0.505747	FALSE	NA	NA	NA	NA	NA	NA
2019-nCoV	4967	A	+T	108	59	25	1	0	20	0.00925926	108	0.755771	FALSE	NA	NA	NA	NA	NA	NA
2019-nCoV	4974	T	C	100	54	24	1	1	26	0.00990099	101	0.753731	FALSE	NA	NA	NA	NA	NA	NA
2019-nCoV	4975	G	+T	101	53	24	2	0	20	0.019802	101	0.511138	FALSE	NA	NA	NA	NA	NA	NA
2019-nCoV	4976	T	C	72	22	23	1	1	28	0.0136986	73	0.503448	FALSE	NA	NA	NA	NA	NA	NA
2019-nCoV	4979	A	G	102	58	24	1	0	20	0.00970874	103	0.753659	FALSE	NA	NA	NA	NA	NA	NA
2019-nCoV	4979	A	+C	102	58	24	2	0	20	0.0194175	103	0.507317	FALSE	NA	NA	NA	NA	NA	NA
2019-nCoV	4982	A	G	102	60	24	1	1	29	0.00970874	103	0.753659	FALSE	NA	NA	NA	NA	NA	NA
2019-nCoV	4984	A	G	112	59	25	2	0	27	0.0175439	114	0.503319	FALSE	NA	NA	NA	NA	NA	NA
2019-nCoV	4985	G	+T	113	59	24	1	0	20	0.00884956	113	0.755516	FALSE	NA	NA	NA	NA	NA	NA
2019-nCoV	4993	C	+T	115	59	25	1	0	20	0.00869565	115	0.755421	FALSE	NA	NA	NA	NA	NA	NA
2019-nCoV	4998	A	G	79	59	24	1	0	26	0.0125	80	0.503145	FALSE	NA	NA	NA	NA	NA	NA
2019-nCoV	5004	A	G	108	51	25	3	3	24	0.027027	111	0.314201	FALSE	NA	NA	NA	NA	NA	NA
2019-nCoV	5004	A	+C	108	51	25	1	0	20	0.00900901	111	0.748858	FALSE	NA	NA	NA	NA	NA	NA
2019-nCoV	5006	A	G	106	53	25	3	1	28	0.0275229	109	0.314232	FALSE	NA	NA	NA	NA	NA	NA
2019-nCoV	5010	A	T	85	27	25	1	1	20	0.0116279	86	0.502924	FALSE	NA	NA	NA	NA	NA	NA
2019-nCoV	5012	G	+T	109	54	25	2	0	20	0.0183486	109	0.510321	FALSE	NA	NA	NA	NA	NA	NA
2019-nCoV	5016	T	+G	104	49	25	1	0	20	0.00961538	104	0.755992	FALSE	NA	NA	NA	NA	NA	NA
2019-nCoV	5020	C	T	114	57	25	1	1	26	0.00869565	115	0.753275	FALSE	NA	NA	NA	NA	NA	NA
2019-nCoV	5020	C	-A	114	57	25	1	0	20	0.00869565	115	0.753275	FALSE	NA	NA	NA	NA	NA	NA
2019-nCoV	5021	A	+C	112	55	25	1	0	20	0.00884956	113	0.753333	FALSE	NA	NA	NA	NA	NA	NA
2019-nCoV	5022	T	C	111	55	25	1	1	25	0.00892857	112	0.753363	FALSE	NA	NA	NA	NA	NA	NA
2019-nCoV	5024	T	+A	117	60	25	1	0	20	0.00854701	117	0.755328	FALSE	NA	NA	NA	NA	NA	NA
2019-nCoV	5025	C	-A	116	58	25	1	0	20	0.00862069	116	0.755374	FALSE	NA	NA	NA	NA	NA	NA
2019-nCoV	5030	A	+C	19	15	24	1	0	20	0.0526316	19	0.526316	FALSE	NA	NA	NA	NA	NA	NA
2019-nCoV	5035	T	+G	16	12	24	1	0	20	0.0625	16	0.53125	FALSE	NA	NA	NA	NA	NA	NA
2019-nCoV	5044	G	+T	18	14	24	1	0	20	0.0555556	18	0.527778	FALSE	NA	NA	NA	NA	NA	NA
2019-nCoV	5058	A	-T	19	15	22	3	0	20	0.157895	19	0.15587	FALSE	NA	NA	NA	NA	NA	NA
2019-nCoV	5072	G	+A	21	17	23	3	0	20	0.142857	21	0.152824	FALSE	NA	NA	NA	NA	NA	NA
2019-nCoV	5075	G	-T	46	23	24	1	0	20	0.0217391	46	0.51087	FALSE	NA	NA	NA	NA	NA	NA
2019-nCoV	5075	G	+T	46	23	24	1	0	20	0.0217391	46	0.51087	FALSE	NA	NA	NA	NA	NA	NA
2019-nCoV	5077	T	+A	42	22	23	1	0	20	0.0238095	42	0.511905	FALSE	NA	NA	NA	NA	NA	NA
2019-nCoV	5078	A	-C	41	19	24	1	0	20	0.0243902	41	0.512195	FALSE	NA	NA	NA	NA	NA	NA
2019-nCoV	5078	A	+C	41	19	24	1	0	20	0.0243902	41	0.512195	FALSE	NA	NA	NA	NA	NA	NA
2019-nCoV	5080	T	-A	40	19	24	1	0	20	0.025	40	0.5125	FALSE	NA	NA	NA	NA	NA	NA
2019-nCoV	5080	T	+A	40	19	24	3	0	20	0.075	40	0.139352	FALSE	NA	NA	NA	NA	NA	NA
2019-nCoV	5085	T	-A	42	22	23	3	0	20	0.0714286	42	0.138655	FALSE	NA	NA	NA	NA	NA	NA
2019-nCoV	5085	T	+A	42	22	23	3	0	20	0.0714286	42	0.138655	FALSE	NA	NA	NA	NA	NA	NA
2019-nCoV	5091	C	-T	42	26	22	1	0	20	0.0238095	42	0.511905	FALSE	NA	NA	NA	NA	NA	NA
2019-nCoV	5092	T	C	44	24	24	1	0	25	0.0222222	45	0.505618	FALSE	NA	NA	NA	NA	NA	NA
2019-nCoV	5099	T	C	32	23	24	2	0	21	0.0588235	34	0.253731	FALSE	NA	NA	NA	NA	NA	NA
2019-nCoV	5110	T	-A	41	24	23	3	0	20	0.0731707	41	0.138995	FALSE	NA	NA	NA	NA	NA	NA
2019-nCoV	5110	T	+A	41	24	23	1	0	20	0.0243902	41	0.512195	FALSE	NA	NA	NA	NA	NA	NA
2019-nCoV	5112	A	G	38	22	24	1	1	28	0.025641	39	0.506494	FALSE	NA	NA	NA	NA	NA	NA
2019-nCoV	5116	A	-TT	39	24	23	2	0	20	0.0512821	39	0.266147	FALSE	NA	NA	NA	NA	NA	NA
2019-nCoV	5116	A	+T	39	24	23	3	0	20	0.0769231	39	0.139727	FALSE	NA	NA	NA	NA	NA	NA
2019-nCoV	5120	T	A	24	24	25	1	0	20	0.04	25	0.510204	FALSE	NA	NA	NA	NA	NA	NA
2019-nCoV	5121	A	+T	33	24	23	1	0	20	0.030303	33	0.515152	FALSE	NA	NA	NA	NA	NA	NA
2019-nCoV	5123	G	-T	35	22	23	1	0	20	0.0285714	35	0.514286	FALSE	NA	NA	NA	NA	NA	NA
2019-nCoV	5123	G	+T	35	22	23	5	0	20	0.142857	35	0.0408478	FALSE	NA	NA	NA	NA	NA	NA
2019-nCoV	5128	A	T	36	23	23	1	1	29	0.027027	37	0.506849	FALSE	NA	NA	NA	NA	NA	NA
2019-nCoV	5128	A	+TC	36	23	23	1	0	20	0.027027	37	0.506849	FALSE	NA	NA	NA	NA	NA	NA
2019-nCoV	5128	A	+C	36	23	23	1	0	20	0.027027	37	0.506849	FALSE	NA	NA	NA	NA	NA	NA
2019-nCoV	5131	T	-A	18	9	23	1	0	20	0.0555556	18	0.527778	FALSE	NA	NA	NA	NA	NA	NA
2019-nCoV	5134	T	+TG	12	8	24	1	0	20	0.0833333	12	0.541667	FALSE	NA	NA	NA	NA	NA	NA
2019-nCoV	5134	T	+TC	12	8	24	1	0	20	0.0833333	12	0.541667	FALSE	NA	NA	NA	NA	NA	NA
2019-nCoV	5154	A	G	19	7	24	1	1	27	0.05	20	0.512821	FALSE	NA	NA	NA	NA	NA	NA
2019-nCoV	5163	A	-G	19	9	25	1	0	20	0.0526316	19	0.526316	FALSE	NA	NA	NA	NA	NA	NA
2019-nCoV	5165	T	+A	19	9	25	1	0	20	0.0526316	19	0.526316	FALSE	NA	NA	NA	NA	NA	NA
2019-nCoV	5172	A	C	19	7	25	1	1	31	0.05	20	0.512821	FALSE	NA	NA	NA	NA	NA	NA
2019-nCoV	5184	C	+T	39	22	24	1	0	20	0.025641	39	0.512821	FALSE	NA	NA	NA	NA	NA	NA
2019-nCoV	5187	G	-T	43	22	24	1	0	20	0.0232558	43	0.511628	FALSE	NA	NA	NA	NA	NA	NA
2019-nCoV	5193	T	+G	43	22	23	3	0	20	0.0697674	43	0.138332	FALSE	NA	NA	NA	NA	NA	NA
2019-nCoV	5199	G	A	36	16	23	1	1	28	0.027027	37	0.506849	FALSE	NA	NA	NA	NA	NA	NA
2019-nCoV	5207	T	-CAG	33	19	25	2	0	20	0.0606061	33	0.269109	FALSE	NA	NA	NA	NA	NA	NA
2019-nCoV	5212	A	-T	37	18	24	1	0	20	0.027027	37	0.513514	FALSE	NA	NA	NA	NA	NA	NA
2019-nCoV	5212	A	+T	37	18	24	1	0	20	0.027027	37	0.513514	FALSE	NA	NA	NA	NA	NA	NA
2019-nCoV	5214	T	+A	31	21	24	1	0	20	0.0322581	31	0.516129	FALSE	NA	NA	NA	NA	NA	NA
2019-nCoV	5221	C	+A	36	16	24	1	0	20	0.0277778	36	0.513889	FALSE	NA	NA	NA	NA	NA	NA
2019-nCoV	5223	C	T	35	16	24	1	0	20	0.0277778	36	0.507042	FALSE	NA	NA	NA	NA	NA	NA
2019-nCoV	5224	T	A	34	15	24	1	0	20	0.0285714	35	0.507246	FALSE	NA	NA	NA	NA	NA	NA
2019-nCoV	5224	T	-A	34	15	24	7	0	20	0.2	35	0.0113269	FALSE	NA	NA	NA	NA	NA	NA
2019-nCoV	5225	A	T	18	0	24	1	1	24	0.0526316	19	0.475	FALSE	NA	NA	NA	NA	NA	NA
2019-nCoV	5233	G	-A	30	22	23	7	0	20	0.233333	30	0.0132198	FALSE	NA	NA	NA	NA	NA	NA
2019-nCoV	5238	A	+C	38	20	24	1	0	20	0.0263158	38	0.513158	FALSE	NA	NA	NA	NA	NA	NA
2019-nCoV	5246	G	+T	38	22	25	1	0	20	0.0263158	38	0.513158	FALSE	NA	NA	NA	NA	NA	NA
2019-nCoV	5248	T	-A	33	22	24	1	0	20	0.030303	33	0.515152	FALSE	NA	NA	NA	NA	NA	NA
2019-nCoV	5252	G	T	35	16	24	1	1	30	0.0277778	36	0.507042	FALSE	NA	NA	NA	NA	NA	NA
2019-nCoV	5253	G	-T	33	23	24	1	0	20	0.030303	33	0.515152	FALSE	NA	NA	NA	NA	NA	NA
2019-nCoV	5253	G	+T	33	23	24	1	0	20	0.030303	33	0.515152	FALSE	NA	NA	NA	NA	NA	NA
2019-nCoV	5258	A	-C	37	23	24	1	0	20	0.027027	37	0.513514	FALSE	NA	NA	NA	NA	NA	NA
2019-nCoV	5266	T	-A	31	22	22	1	0	20	0.0322581	31	0.516129	FALSE	NA	NA	NA	NA	NA	NA
2019-nCoV	5270	T	-G	39	21	23	1	0	20	0.025641	39	0.512821	FALSE	NA	NA	NA	NA	NA	NA
2019-nCoV	5273	G	A	24	20	24	1	1	25	0.04	25	0.510204	FALSE	NA	NA	NA	NA	NA	NA
2019-nCoV	5278	T	+A	36	21	24	2	0	20	0.0555556	36	0.267504	FALSE	NA	NA	NA	NA	NA	NA
2019-nCoV	5281	C	+A	16	10	25	1	0	20	0.0625	16	0.53125	FALSE	NA	NA	NA	NA	NA	NA
2019-nCoV	5288	T	C	16	12	25	1	1	26	0.0555556	18	0.5	FALSE	NA	NA	NA	NA	NA	NA
2019-nCoV	5288	T	A	16	12	25	1	1	20	0.0555556	18	0.5	FALSE	NA	NA	NA	NA	NA	NA
2019-nCoV	5291	C	+T	20	12	25	1	0	20	0.05	20	0.525	FALSE	NA	NA	NA	NA	NA	NA
2019-nCoV	5305	G	-T	17	9	24	1	0	20	0.0588235	17	0.529412	FALSE	NA	NA	NA	NA	NA	NA
2019-nCoV	5310	C	T	17	9	24	1	1	27	0.0555556	18	0.514286	FALSE	NA	NA	NA	NA	NA	NA
2019-nCoV	5318	C	+A	19	11	25	1	0	20	0.0526316	19	0.526316	FALSE	NA	NA	NA	NA	NA	NA
2019-nCoV	5326	G	+T	35	16	24	2	0	20	0.0571429	35	0.268008	FALSE	NA	NA	NA	NA	NA	NA
2019-nCoV	5328	T	-G	28	16	23	1	0	20	0.0357143	28	0.517857	FALSE	NA	NA	NA	NA	NA	NA
2019-nCoV	5333	T	A	27	6	24	1	1	23	0.0357143	28	0.509091	FALSE	NA	NA	NA	NA	NA	NA
2019-nCoV	5338	T	+C	39	15	24	1	0	20	0.025641	39	0.512821	FALSE	NA	NA	NA	NA	NA	NA
2019-nCoV	5344	T	+G	41	16	24	1	0	20	0.0243902	41	0.512195	FALSE	NA	NA	NA	NA	NA	NA
2019-nCoV	5346	C	T	37	14	25	2	1	22	0.0512821	39	0.253247	FALSE	NA	NA	NA	NA	NA	NA
2019-nCoV	5352	A	G	35	10	23	1	1	29	0.0277778	36	0.507042	FALSE	NA	NA	NA	NA	NA	NA
2019-nCoV	5363	T	C	30	16	23	1	1	28	0.0322581	31	0.508197	FALSE	NA	NA	NA	NA	NA	NA
2019-nCoV	5367	G	+A	37	16	24	1	0	20	0.027027	37	0.513514	FALSE	NA	NA	NA	NA	NA	NA
2019-nCoV	5371	A	G	28	9	24	1	1	27	0.0344828	29	0.508772	FALSE	NA	NA	NA	NA	NA	NA
2019-nCoV	5377	T	+G	37	17	24	1	0	20	0.027027	37	0.513514	FALSE	NA	NA	NA	NA	NA	NA
2019-nCoV	5381	G	-A	35	16	24	1	0	20	0.0285714	35	0.514286	FALSE	NA	NA	NA	NA	NA	NA
2019-nCoV	5388	C	+T	34	14	25	1	0	20	0.0294118	34	0.514706	FALSE	NA	NA	NA	NA	NA	NA
2019-nCoV	5392	C	-T	36	15	22	2	0	20	0.0555556	36	0.267504	FALSE	NA	NA	NA	NA	NA	NA
2019-nCoV	5392	C	+T	36	15	22	1	0	20	0.0277778	36	0.513889	FALSE	NA	NA	NA	NA	NA	NA
2019-nCoV	5414	T	+A	16	3	25	1	0	20	0.0625	16	0.53125	FALSE	NA	NA	NA	NA	NA	NA
2019-nCoV	5417	T	+C	19	5	24	1	0	20	0.0526316	19	0.526316	FALSE	NA	NA	NA	NA	NA	NA
2019-nCoV	5446	T	+G	17	5	25	1	0	20	0.0588235	17	0.529412	FALSE	NA	NA	NA	NA	NA	NA
2019-nCoV	5460	T	G	20	7	24	1	1	20	0.047619	21	0.5	FALSE	NA	NA	NA	NA	NA	NA
2019-nCoV	5466	A	-C	22	9	24	1	0	20	0.0454545	22	0.522727	FALSE	NA	NA	NA	NA	NA	NA
2019-nCoV	5473	T	-C	12	10	24	1	0	20	0.0833333	12	0.541667	FALSE	NA	NA	NA	NA	NA	NA
2019-nCoV	5474	C	-A	25	9	24	1	0	20	0.0384615	26	0.509804	FALSE	NA	NA	NA	NA	NA	NA
2019-nCoV	5477	C	T	25	10	25	1	0	26	0.0384615	26	0.509804	FALSE	NA	NA	NA	NA	NA	NA
2019-nCoV	5480	G	+T	28	10	24	1	0	20	0.0357143	28	0.517857	FALSE	NA	NA	NA	NA	NA	NA
2019-nCoV	5484	A	+AT	18	8	23	1	0	20	0.0555556	18	0.527778	FALSE	NA	NA	NA	NA	NA	NA
2019-nCoV	5487	T	A	14	8	24	1	1	22	0.0666667	15	0.517241	FALSE	NA	NA	NA	NA	NA	NA
2019-nCoV	5488	A	T	24	8	24	1	1	22	0.04	25	0.510204	FALSE	NA	NA	NA	NA	NA	NA
2019-nCoV	5492	T	C	18	9	24	1	0	27	0.0526316	19	0.513514	FALSE	NA	NA	NA	NA	NA	NA
2019-nCoV	5499	A	G	25	10	24	1	0	24	0.0384615	26	0.509804	FALSE	NA	NA	NA	NA	NA	NA
2019-nCoV	5509	G	-A	25	9	25	1	0	20	0.04	25	0.52	FALSE	NA	NA	NA	NA	NA	NA
2019-nCoV	5517	T	+G	24	8	25	1	0	20	0.0416667	24	0.520833	FALSE	NA	NA	NA	NA	NA	NA
2019-nCoV	5521	T	-A	24	11	23	4	0	20	0.166667	24	0.0819328	FALSE	NA	NA	NA	NA	NA	NA
2019-nCoV	5521	T	+A	24	11	23	1	0	20	0.0416667	24	0.520833	FALSE	NA	NA	NA	NA	NA	NA
2019-nCoV	5529	G	C	24	9	25	1	1	26	0.04	25	0.510204	FALSE	NA	NA	NA	NA	NA	NA
2019-nCoV	5534	C	-A	25	10	25	1	0	20	0.04	25	0.52	FALSE	NA	NA	NA	NA	NA	NA
2019-nCoV	5537	C	+A	24	11	25	2	0	20	0.0833333	24	0.276361	FALSE	NA	NA	NA	NA	NA	NA
2019-nCoV	5589	C	+T	125	54	24	1	0	20	0.008	125	0.754988	FALSE	NA	NA	NA	NA	NA	NA
2019-nCoV	5594	G	-A	127	58	25	1	0	20	0.00787402	127	0.75491	FALSE	NA	NA	NA	NA	NA	NA
2019-nCoV	5596	A	G	104	57	24	1	0	27	0.00952381	105	0.753589	FALSE	NA	NA	NA	NA	NA	NA
2019-nCoV	5597	C	-A	125	57	25	1	0	20	0.008	125	0.754988	FALSE	NA	NA	NA	NA	NA	NA
2019-nCoV	5607	A	G	128	56	25	1	1	28	0.00775194	129	0.752918	FALSE	NA	NA	NA	NA	NA	NA
2019-nCoV	5608	A	G	87	58	24	2	0	23	0.0224719	89	0.251412	FALSE	NA	NA	NA	NA	NA	NA
2019-nCoV	5613	T	C	114	40	24	1	1	23	0.00869565	115	0.753275	FALSE	NA	NA	NA	NA	NA	NA
2019-nCoV	5617	G	A	120	54	25	3	2	26	0.0243902	123	0.314034	FALSE	NA	NA	NA	NA	NA	NA
2019-nCoV	5619	T	C	113	56	25	1	0	26	0.00877193	114	0.753304	FALSE	NA	NA	NA	NA	NA	NA
2019-nCoV	5629	G	T	122	59	25	6	0	25	0.0465116	129	0.0599267	FALSE	NA	NA	NA	NA	NA	NA
2019-nCoV	5629	G	C	122	59	25	1	0	22	0.00775194	129	0.74094	FALSE	NA	NA	NA	NA	NA	NA
2019-nCoV	5634	G	C	111	56	24	1	1	27	0.00892857	112	0.753363	FALSE	NA	NA	NA	NA	NA	NA
2019-nCoV	5635	T	-A	132	57	24	8	0	20	0.0606061	132	0.0228958	FALSE	NA	NA	NA	NA	NA	NA
2019-nCoV	5638	A	C	72	57	24	1	0	22	0.0136986	73	0.503448	FALSE	NA	NA	NA	NA	NA	NA
2019-nCoV	5639	C	+A	128	55	24	1	0	20	0.0078125	128	0.754871	FALSE	NA	NA	NA	NA	NA	NA
2019-nCoV	5640	A	T	108	32	24	1	1	29	0.00917431	109	0.753456	FALSE	NA	NA	NA	NA	NA	NA
2019-nCoV	5644	T	C	124	54	25	1	1	23	0.008	125	0.753012	FALSE	NA	NA	NA	NA	NA	NA
2019-nCoV	5646	C	-A	119	53	24	1	0	20	0.00840336	119	0.755239	FALSE	NA	NA	NA	NA	NA	NA
2019-nCoV	5646	C	+A	119	53	24	9	0	20	0.0756303	119	0.0133258	FALSE	NA	NA	NA	NA	NA	NA
2019-nCoV	5647	A	G	74	8	24	1	1	27	0.0133333	75	0.5	FALSE	NA	NA	NA	NA	NA	NA
2019-nCoV	5649	A	G	126	54	25	1	1	27	0.00787402	127	0.752964	FALSE	NA	NA	NA	NA	NA	NA
2019-nCoV	5652	A	+T	124	55	25	1	0	20	0.00806452	124	0.755028	FALSE	NA	NA	NA	NA	NA	NA
2019-nCoV	5652	A	+G	124	55	25	1	0	20	0.00806452	124	0.755028	FALSE	NA	NA	NA	NA	NA	NA
2019-nCoV	5656	A	+G	124	54	25	1	0	20	0.00806452	124	0.755028	FALSE	NA	NA	NA	NA	NA	NA
2019-nCoV	5657	G	+T	124	55	25	1	0	20	0.00806452	124	0.755028	FALSE	NA	NA	NA	NA	NA	NA
2019-nCoV	5657	G	+A	124	55	25	1	0	20	0.00806452	124	0.755028	FALSE	NA	NA	NA	NA	NA	NA
2019-nCoV	5658	T	+A	125	56	25	1	0	20	0.008	125	0.754988	FALSE	NA	NA	NA	NA	NA	NA
2019-nCoV	5659	A	+C	130	57	25	1	0	20	0.00769231	130	0.754797	FALSE	NA	NA	NA	NA	NA	NA
2019-nCoV	5660	C	T	128	55	25	2	1	27	0.0153846	130	0.502907	FALSE	NA	NA	NA	NA	NA	NA
2019-nCoV	5660	C	+A	128	55	25	1	0	20	0.00769231	130	0.750973	FALSE	NA	NA	NA	NA	NA	NA
2019-nCoV	5661	A	+AT	121	44	24	1	0	20	0.00826446	121	0.755152	FALSE	NA	NA	NA	NA	NA	NA
2019-nCoV	5663	C	+A	131	58	25	2	0	20	0.0152672	131	0.508588	FALSE	NA	NA	NA	NA	NA	NA
2019-nCoV	5668	G	+T	127	53	26	1	0	20	0.00787402	127	0.75491	FALSE	NA	NA	NA	NA	NA	NA
2019-nCoV	5673	C	-T	77	53	23	2	0	20	0.025974	77	0.258148	FALSE	NA	NA	NA	NA	NA	NA
2019-nCoV	5673	C	+T	77	53	23	2	0	20	0.025974	77	0.258148	FALSE	NA	NA	NA	NA	NA	NA
2019-nCoV	5678	G	+T	118	53	23	1	0	20	0.00847458	118	0.755283	FALSE	NA	NA	NA	NA	NA	NA
2019-nCoV	5680	T	C	98	53	23	1	1	23	0.010101	99	0.502538	FALSE	NA	NA	NA	NA	NA	NA
2019-nCoV	5680	T	+G	98	53	23	1	0	20	0.010101	99	0.502538	FALSE	NA	NA	NA	NA	NA	NA
2019-nCoV	5681	A	+T	118	52	25	1	0	20	0.00847458	118	0.755283	FALSE	NA	NA	NA	NA	NA	NA
2019-nCoV	5684	A	G	115	46	25	1	1	20	0.00862069	116	0.753247	FALSE	NA	NA	NA	NA	NA	NA
2019-nCoV	5691	C	T	121	52	25	1	1	20	0.00819672	122	0.753086	FALSE	NA	NA	NA	NA	NA	NA
2019-nCoV	5695	A	+C	124	55	25	1	0	20	0.00806452	124	0.755028	FALSE	NA	NA	NA	NA	NA	NA
2019-nCoV	5698	T	A	120	52	26	1	1	25	0.00826446	121	0.753112	FALSE	NA	NA	NA	NA	NA	NA
2019-nCoV	5700	C	+G	123	55	25	1	0	20	0.00813008	123	0.755069	FALSE	NA	NA	NA	NA	NA	NA
2019-nCoV	5701	T	C	122	55	25	1	0	26	0.00813008	123	0.753061	FALSE	NA	NA	NA	NA	NA	NA
2019-nCoV	5703	A	-G	123	52	25	1	0	20	0.00813008	123	0.755069	FALSE	NA	NA	NA	NA	NA	NA
2019-nCoV	5703	A	+C	123	52	25	1	0	20	0.00813008	123	0.755069	FALSE	NA	NA	NA	NA	NA	NA
2019-nCoV	5707	T	+C	122	53	25	1	0	20	0.00819672	122	0.75511	FALSE	NA	NA	NA	NA	NA	NA
2019-nCoV	5708	G	+A	121	52	25	1	0	20	0.00826446	121	0.755152	FALSE	NA	NA	NA	NA	NA	NA
2019-nCoV	5711	C	+T	112	43	25	2	0	20	0.0178571	112	0.510044	FALSE	NA	NA	NA	NA	NA	NA
2019-nCoV	5717	C	+A	82	11	25	1	0	20	0.0121951	82	0.506098	FALSE	NA	NA	NA	NA	NA	NA
2019-nCoV	5718	A	+T	83	13	26	1	0	20	0.0120482	83	0.506024	FALSE	NA	NA	NA	NA	NA	NA
2019-nCoV	5719	T	A	110	40	26	1	1	21	0.00900901	111	0.753394	FALSE	NA	NA	NA	NA	NA	NA
2019-nCoV	5720	G	T	96	25	25	1	1	21	0.0103093	97	0.502591	FALSE	NA	NA	NA	NA	NA	NA
2019-nCoV	5721	G	+T	99	36	23	1	0	20	0.010101	99	0.505051	FALSE	NA	NA	NA	NA	NA	NA
2019-nCoV	5725	A	+T	123	53	25	4	0	20	0.0325203	123	0.19777	FALSE	NA	NA	NA	NA	NA	NA
2019-nCoV	5730	C	+T	120	50	25	1	0	20	0.00833333	120	0.755195	FALSE	NA	NA	NA	NA	NA	NA
2019-nCoV	5735	G	A	121	52	25	1	1	22	0.00819672	122	0.753086	FALSE	NA	NA	NA	NA	NA	NA
2019-nCoV	5736	C	-T	121	53	25	1	0	20	0.00826446	121	0.755152	FALSE	NA	NA	NA	NA	NA	NA
2019-nCoV	5742	A	G	126	55	25	1	0	25	0.00787402	127	0.752964	FALSE	NA	NA	NA	NA	NA	NA
2019-nCoV	5743	G	+C	128	56	25	1	0	20	0.0078125	128	0.754871	FALSE	NA	NA	NA	NA	NA	NA
2019-nCoV	5746	C	+G	122	55	25	2	0	20	0.0163934	122	0.509221	FALSE	NA	NA	NA	NA	NA	NA
2019-nCoV	5747	A	G	120	55	25	1	1	23	0.00826446	121	0.753112	FALSE	NA	NA	NA	NA	NA	NA
2019-nCoV	5751	G	-T	113	56	23	2	0	20	0.0176991	113	0.509955	FALSE	NA	NA	NA	NA	NA	NA
2019-nCoV	5751	G	+T	113	56	23	1	0	20	0.00884956	113	0.755516	FALSE	NA	NA	NA	NA	NA	NA
2019-nCoV	5757	A	-C	116	50	25	1	0	20	0.00862069	116	0.755374	FALSE	NA	NA	NA	NA	NA	NA
2019-nCoV	5758	C	T	90	24	25	1	1	26	0.010989	91	0.5	FALSE	NA	NA	NA	NA	NA	NA
2019-nCoV	5768	C	+G	119	51	25	1	0	20	0.00840336	119	0.755239	FALSE	NA	NA	NA	NA	NA	NA
2019-nCoV	5772	A	G	111	48	25	1	1	25	0.00892857	112	0.753363	FALSE	NA	NA	NA	NA	NA	NA
2019-nCoV	5773	T	+A	106	41	25	2	0	20	0.0188679	106	0.510613	FALSE	NA	NA	NA	NA	NA	NA
2019-nCoV	5774	A	G	77	9	25	1	1	20	0.0128205	78	0.503226	FALSE	NA	NA	NA	NA	NA	NA
2019-nCoV	5777	C	+G	118	51	24	1	0	20	0.00847458	118	0.755283	FALSE	NA	NA	NA	NA	NA	NA
2019-nCoV	5778	A	G	114	50	25	1	1	26	0.00869565	115	0.753275	FALSE	NA	NA	NA	NA	NA	NA
2019-nCoV	5781	T	+A	111	47	24	6	0	20	0.0540541	111	0.07013	FALSE	NA	NA	NA	NA	NA	NA
2019-nCoV	5784	C	+T	122	55	24	2	0	20	0.0163934	122	0.509221	FALSE	NA	NA	NA	NA	NA	NA
2019-nCoV	5788	T	-A	126	59	24	2	0	20	0.015873	126	0.508928	FALSE	NA	NA	NA	NA	NA	NA
2019-nCoV	5788	T	+A	126	59	24	7	0	20	0.0555556	126	0.0401255	FALSE	NA	NA	NA	NA	NA	NA
2019-nCoV	5789	A	G	87	21	25	1	0	27	0.0113636	88	0.502857	FALSE	NA	NA	NA	NA	NA	NA
2019-nCoV	5790	A	G	129	61	26	1	1	25	0.00769231	130	0.752896	FALSE	NA	NA	NA	NA	NA	NA
2019-nCoV	5792	G	+A	122	56	24	16	0	20	0.131148	122	2.45832e-4	TRUE	NA	NA	NA	NA	NA	NA
2019-nCoV	5795	A	G	88	57	23	2	0	25	0.0222222	90	0.251397	FALSE	NA	NA	NA	NA	NA	NA
2019-nCoV	5796	C	+T	124	58	24	6	0	20	0.0483871	124	0.0693076	FALSE	NA	NA	NA	NA	NA	NA
2019-nCoV	5796	C	+A	124	58	24	2	0	20	0.016129	124	0.509072	FALSE	NA	NA	NA	NA	NA	NA
2019-nCoV	5800	G	+T	122	57	24	1	0	20	0.00819672	122	0.75511	FALSE	NA	NA	NA	NA	NA	NA
2019-nCoV	5801	T	C	115	51	24	6	4	26	0.0495868	121	0.0611099	FALSE	NA	NA	NA	NA	NA	NA
2019-nCoV	5802	A	+C	120	54	24	1	0	20	0.00833333	120	0.755195	FALSE	NA	NA	NA	NA	NA	NA
2019-nCoV	5805	G	A	130	64	24	1	0	25	0.00763359	131	0.752874	FALSE	NA	NA	NA	NA	NA	NA
2019-nCoV	5807	A	G	121	60	24	1	0	26	0.00819672	122	0.753086	FALSE	NA	NA	NA	NA	NA	NA
2019-nCoV	5807	A	+T	121	60	24	1	0	20	0.00819672	122	0.753086	FALSE	NA	NA	NA	NA	NA	NA
2019-nCoV	5808	T	+C	119	57	25	1	0	20	0.00840336	119	0.755239	FALSE	NA	NA	NA	NA	NA	NA
2019-nCoV	5859	A	+T	127	67	25	1	0	20	0.00787402	127	0.75491	FALSE	NA	NA	NA	NA	NA	NA
2019-nCoV	5859	A	+C	127	67	25	1	0	20	0.00787402	127	0.75491	FALSE	NA	NA	NA	NA	NA	NA
2019-nCoV	5861	G	-T	117	67	24	5	0	20	0.042735	117	0.118568	FALSE	NA	NA	NA	NA	NA	NA
2019-nCoV	5861	G	+T	117	67	24	4	0	20	0.034188	117	0.198303	FALSE	NA	NA	NA	NA	NA	NA
2019-nCoV	5863	T	G	126	63	25	1	0	27	0.00787402	127	0.752964	FALSE	NA	NA	NA	NA	NA	NA
2019-nCoV	5866	C	+G	128	65	24	1	0	20	0.0078125	128	0.754871	FALSE	NA	NA	NA	NA	NA	NA
2019-nCoV	5866	C	+A	128	65	24	1	0	20	0.0078125	128	0.754871	FALSE	NA	NA	NA	NA	NA	NA
2019-nCoV	5867	T	+A	132	65	25	1	0	20	0.00757576	132	0.754724	FALSE	NA	NA	NA	NA	NA	NA
2019-nCoV	5868	A	G	134	64	25	1	0	25	0.00740741	135	0.752788	FALSE	NA	NA	NA	NA	NA	NA
2019-nCoV	5869	C	+A	134	64	24	6	0	20	0.0447761	134	0.0687863	FALSE	NA	NA	NA	NA	NA	NA
2019-nCoV	5871	A	G	137	67	26	1	1	20	0.00724638	138	0.752727	FALSE	NA	NA	NA	NA	NA	NA
2019-nCoV	5873	G	-A	134	68	23	10	0	20	0.0746269	134	0.00738229	TRUE	NA	NA	NA	NA	NA	NA
2019-nCoV	5873	G	+A	134	68	23	3	0	20	0.0223881	134	0.322333	FALSE	NA	NA	NA	NA	NA	NA
2019-nCoV	5875	A	G	134	67	25	1	0	25	0.00740741	135	0.752788	FALSE	NA	NA	NA	NA	NA	NA
2019-nCoV	5877	A	C	76	67	24	2	0	23	0.025641	78	0.251613	FALSE	NA	NA	NA	NA	NA	NA
2019-nCoV	5880	G	+T	133	67	25	1	0	20	0.0075188	133	0.754689	FALSE	NA	NA	NA	NA	NA	NA
2019-nCoV	5882	T	+C	119	69	25	1	0	20	0.00840336	119	0.755239	FALSE	NA	NA	NA	NA	NA	NA
2019-nCoV	5886	C	+A	133	68	25	3	0	20	0.0225564	133	0.322408	FALSE	NA	NA	NA	NA	NA	NA
2019-nCoV	5889	C	-A	133	68	25	1	0	20	0.0075188	133	0.754689	FALSE	NA	NA	NA	NA	NA	NA
2019-nCoV	5891	A	G	113	67	23	1	1	22	0.00877193	114	0.753304	FALSE	NA	NA	NA	NA	NA	NA
2019-nCoV	5892	C	+A	92	28	24	1	0	20	0.0108696	92	0.505435	FALSE	NA	NA	NA	NA	NA	NA
2019-nCoV	5895	T	-A	126	64	23	10	0	20	0.0793651	126	0.00748733	TRUE	NA	NA	NA	NA	NA	NA
2019-nCoV	5895	T	+A	126	64	23	1	0	20	0.00793651	126	0.754948	FALSE	NA	NA	NA	NA	NA	NA
2019-nCoV	5897	A	G	124	57	24	1	1	25	0.008	125	0.753012	FALSE	NA	NA	NA	NA	NA	NA
2019-nCoV	5899	A	C	71	64	23	1	0	23	0.0138889	72	0.503497	FALSE	NA	NA	NA	NA	NA	NA
2019-nCoV	5902	A	+C	131	66	25	1	0	20	0.00763359	131	0.75476	FALSE	NA	NA	NA	NA	NA	NA
2019-nCoV	5903	G	-T	132	68	25	1	0	20	0.00757576	132	0.754724	FALSE	NA	NA	NA	NA	NA	NA
2019-nCoV	5904	T	C	112	48	24	1	1	24	0.00884956	113	0.751111	FALSE	NA	NA	NA	NA	NA	NA
2019-nCoV	5908	T	A	111	44	23	1	0	29	0.00892857	112	0.753363	FALSE	NA	NA	NA	NA	NA	NA
2019-nCoV	5909	T	+TA	108	67	24	1	0	20	0.00925926	108	0.755771	FALSE	NA	NA	NA	NA	NA	NA
2019-nCoV	5911	T	C	125	66	25	1	1	27	0.00793651	126	0.752988	FALSE	NA	NA	NA	NA	NA	NA
2019-nCoV	5911	T	+A	125	66	25	1	0	20	0.00793651	126	0.752988	FALSE	NA	NA	NA	NA	NA	NA
2019-nCoV	5914	A	G	94	68	23	1	0	28	0.0105263	95	0.502646	FALSE	NA	NA	NA	NA	NA	NA
2019-nCoV	5918	G	A	112	69	24	1	0	20	0.00884956	113	0.753333	FALSE	NA	NA	NA	NA	NA	NA
2019-nCoV	5919	A	G	124	68	25	1	0	22	0.008	125	0.753012	FALSE	NA	NA	NA	NA	NA	NA
2019-nCoV	5920	T	+G	120	70	25	1	0	20	0.00833333	120	0.755195	FALSE	NA	NA	NA	NA	NA	NA
2019-nCoV	5927	G	+T	119	69	24	4	0	20	0.0336134	119	0.198119	FALSE	NA	NA	NA	NA	NA	NA
2019-nCoV	5928	T	C	75	20	23	2	1	27	0.025974	77	0.251634	FALSE	NA	NA	NA	NA	NA	NA
2019-nCoV	5931	G	A	122	68	24	1	1	27	0.00813008	123	0.753061	FALSE	NA	NA	NA	NA	NA	NA
2019-nCoV	5932	T	C	120	67	25	1	0	27	0.00826446	121	0.753112	FALSE	NA	NA	NA	NA	NA	NA
2019-nCoV	5936	G	-A	120	67	24	1	0	20	0.00833333	120	0.755195	FALSE	NA	NA	NA	NA	NA	NA
2019-nCoV	5938	A	+T	124	70	25	1	0	20	0.00806452	124	0.755028	FALSE	NA	NA	NA	NA	NA	NA
2019-nCoV	5939	A	T	72	68	24	1	1	22	0.0136986	73	0.503448	FALSE	NA	NA	NA	NA	NA	NA
2019-nCoV	5943	A	G	105	54	23	1	1	23	0.00943396	106	0.753555	FALSE	NA	NA	NA	NA	NA	NA
2019-nCoV	5943	A	-C	105	54	23	9	0	20	0.0849057	106	0.0131873	FALSE	NA	NA	NA	NA	NA	NA
2019-nCoV	5949	A	T	96	66	24	3	0	25	0.030303	99	0.12499	FALSE	NA	NA	NA	NA	NA	NA
2019-nCoV	5956	C	-A	116	70	25	3	0	20	0.0258621	116	0.323866	FALSE	NA	NA	NA	NA	NA	NA
2019-nCoV	5958	A	T	89	71	26	1	0	21	0.0111111	90	0.502793	FALSE	NA	NA	NA	NA	NA	NA
2019-nCoV	5964	A	+C	125	70	25	1	0	20	0.008	125	0.754988	FALSE	NA	NA	NA	NA	NA	NA
2019-nCoV	5968	G	-A	115	69	24	1	0	20	0.00869565	115	0.755421	FALSE	NA	NA	NA	NA	NA	NA
2019-nCoV	5970	A	G	115	67	25	1	1	28	0.00862069	116	0.753247	FALSE	NA	NA	NA	NA	NA	NA
2019-nCoV	5971	A	G	88	68	23	1	1	23	0.011236	89	0.502825	FALSE	NA	NA	NA	NA	NA	NA
2019-nCoV	5972	G	+A	106	63	24	1	0	20	0.00943396	106	0.755879	FALSE	NA	NA	NA	NA	NA	NA
2019-nCoV	5973	A	G	104	64	24	2	2	24	0.0188679	106	0.503572	FALSE	NA	NA	NA	NA	NA	NA
2019-nCoV	5976	A	G	91	66	25	1	0	27	0.0108696	92	0.502732	FALSE	NA	NA	NA	NA	NA	NA
2019-nCoV	5976	A	+T	91	66	25	1	0	20	0.0108696	92	0.502732	FALSE	NA	NA	NA	NA	NA	NA
2019-nCoV	5981	T	C	81	65	25	1	0	26	0.0121951	82	0.503067	FALSE	NA	NA	NA	NA	NA	NA
2019-nCoV	5982	A	-T	95	61	23	4	0	20	0.0421053	95	0.0671829	FALSE	NA	NA	NA	NA	NA	NA
2019-nCoV	5989	A	G	116	65	25	1	1	22	0.00854701	117	0.753219	FALSE	NA	NA	NA	NA	NA	NA
2019-nCoV	5989	A	+T	116	65	25	1	0	20	0.00854701	117	0.753219	FALSE	NA	NA	NA	NA	NA	NA
2019-nCoV	5991	A	G	110	64	24	1	0	25	0.00900901	111	0.753394	FALSE	NA	NA	NA	NA	NA	NA
2019-nCoV	5994	A	T	94	44	23	1	0	28	0.0104167	96	0.5	FALSE	NA	NA	NA	NA	NA	NA
2019-nCoV	5994	A	G	94	44	23	1	1	26	0.0104167	96	0.5	FALSE	NA	NA	NA	NA	NA	NA
2019-nCoV	5997	C	-A	97	61	23	2	0	20	0.0206186	97	0.256463	FALSE	NA	NA	NA	NA	NA	NA
2019-nCoV	5997	C	+G	97	61	23	1	0	20	0.0103093	97	0.505155	FALSE	NA	NA	NA	NA	NA	NA
2019-nCoV	5999	A	G	82	54	23	2	2	23	0.0238095	84	0.251497	FALSE	NA	NA	NA	NA	NA	NA
2019-nCoV	6001	T	+C	92	61	23	1	0	20	0.0108696	92	0.505435	FALSE	NA	NA	NA	NA	NA	NA
2019-nCoV	6002	G	+AC	109	60	24	1	0	20	0.00917431	109	0.755718	FALSE	NA	NA	NA	NA	NA	NA
2019-nCoV	6003	A	G	111	64	24	1	1	25	0.00892857	112	0.753363	FALSE	NA	NA	NA	NA	NA	NA
2019-nCoV	6004	T	-C	109	67	25	1	0	20	0.00917431	109	0.755718	FALSE	NA	NA	NA	NA	NA	NA
2019-nCoV	6004	T	+C	109	67	25	1	0	20	0.00917431	109	0.755718	FALSE	NA	NA	NA	NA	NA	NA
2019-nCoV	6005	C	T	110	66	24	1	1	21	0.00900901	111	0.751131	FALSE	NA	NA	NA	NA	NA	NA
2019-nCoV	6005	C	+T	110	66	24	1	0	20	0.00892857	112	0.751131	FALSE	NA	NA	NA	NA	NA	NA
2019-nCoV	6007	T	C	80	61	23	2	1	27	0.0243902	82	0.251534	FALSE	NA	NA	NA	NA	NA	NA
2019-nCoV	6008	G	+T	101	63	23	1	0	20	0.00990099	101	0.75617	FALSE	NA	NA	NA	NA	NA	NA
2019-nCoV	6012	C	T	100	69	24	1	1	29	0.00990099	101	0.753731	FALSE	NA	NA	NA	NA	NA	NA
2019-nCoV	6012	C	-A	100	69	24	1	0	20	0.00990099	101	0.753731	FALSE	NA	NA	NA	NA	NA	NA
2019-nCoV	6012	C	+A	100	69	24	4	0	20	0.039604	101	0.196897	FALSE	NA	NA	NA	NA	NA	NA
2019-nCoV	6016	C	T	102	53	23	1	1	20	0.00970874	103	0.753659	FALSE	NA	NA	NA	NA	NA	NA
2019-nCoV	6017	C	+CA	108	73	24	1	0	20	0.00925926	108	0.755771	FALSE	NA	NA	NA	NA	NA	NA
2019-nCoV	6018	A	G	108	57	23	1	1	25	0.00917431	109	0.753456	FALSE	NA	NA	NA	NA	NA	NA
2019-nCoV	6019	A	G	104	71	24	2	1	25	0.0188679	106	0.503572	FALSE	NA	NA	NA	NA	NA	NA
2019-nCoV	6022	A	+T	122	69	25	1	0	20	0.00819672	122	0.75511	FALSE	NA	NA	NA	NA	NA	NA
2019-nCoV	6023	T	C	120	68	25	1	1	23	0.00826446	121	0.753112	FALSE	NA	NA	NA	NA	NA	NA
2019-nCoV	6025	T	+C	120	68	25	1	0	20	0.00833333	120	0.755195	FALSE	NA	NA	NA	NA	NA	NA
2019-nCoV	6028	A	C	121	41	24	1	1	23	0.00819672	122	0.753086	FALSE	NA	NA	NA	NA	NA	NA
2019-nCoV	6032	G	A	156	99	24	1	0	27	0.00636943	157	0.752396	FALSE	NA	NA	NA	NA	NA	NA
2019-nCoV	6034	A	G	135	63	23	1	0	28	0.00735294	136	0.752768	FALSE	NA	NA	NA	NA	NA	NA
2019-nCoV	6035	A	+G	149	102	24	1	0	20	0.00671141	149	0.754186	FALSE	NA	NA	NA	NA	NA	NA
2019-nCoV	6037	C	-T	158	99	25	2	0	20	0.0126582	158	0.50712	FALSE	NA	NA	NA	NA	NA	NA
2019-nCoV	6040	C	+G	156	96	25	1	0	20	0.00641026	156	0.753999	FALSE	NA	NA	NA	NA	NA	NA
2019-nCoV	6043	T	-A	172	96	25	1	0	20	0.00581395	172	0.753627	FALSE	NA	NA	NA	NA	NA	NA
2019-nCoV	6045	A	-T	130	102	23	15	0	20	0.115385	130	4.22777e-4	TRUE	NA	NA	NA	NA	NA	NA
2019-nCoV	6045	A	+T	130	102	23	3	0	20	0.0230769	130	0.322637	FALSE	NA	NA	NA	NA	NA	NA
2019-nCoV	6045	A	+AT	130	102	23	1	0	20	0.00769231	130	0.754797	FALSE	NA	NA	NA	NA	NA	NA
2019-nCoV	6046	T	C	79	14	23	1	1	27	0.0125	80	0.45977	FALSE	NA	NA	NA	NA	NA	NA
2019-nCoV	6049	T	A	102	97	24	1	0	25	0.00970874	103	0.753659	FALSE	NA	NA	NA	NA	NA	NA
2019-nCoV	6049	T	-A	102	97	24	2	0	20	0.0194175	103	0.507317	FALSE	NA	NA	NA	NA	NA	NA
2019-nCoV	6050	A	T	121	41	23	1	1	20	0.00813008	123	0.751029	FALSE	NA	NA	NA	NA	NA	NA
2019-nCoV	6050	A	G	121	41	23	1	1	28	0.00813008	123	0.751029	FALSE	NA	NA	NA	NA	NA	NA
2019-nCoV	6052	G	+T	174	92	24	4	0	20	0.0229885	174	0.194738	FALSE	NA	NA	NA	NA	NA	NA
2019-nCoV	6053	T	C	111	26	23	2	2	27	0.0176991	113	0.5	FALSE	NA	NA	NA	NA	NA	NA
2019-nCoV	6056	G	+T	186	101	24	1	0	20	0.00537634	186	0.753355	FALSE	NA	NA	NA	NA	NA	NA
2019-nCoV	6056	G	+A	186	101	24	1	0	20	0.00537634	186	0.753355	FALSE	NA	NA	NA	NA	NA	NA
2019-nCoV	6057	T	+A	181	96	25	1	0	20	0.00552486	181	0.753447	FALSE	NA	NA	NA	NA	NA	NA
2019-nCoV	6059	T	+G	177	97	25	1	0	20	0.00564972	177	0.753525	FALSE	NA	NA	NA	NA	NA	NA
2019-nCoV	6060	G	+C	179	99	25	1	0	20	0.00558659	179	0.753486	FALSE	NA	NA	NA	NA	NA	NA
2019-nCoV	6063	A	G	182	100	25	1	0	22	0.00546448	183	0.752055	FALSE	NA	NA	NA	NA	NA	NA
2019-nCoV	6063	A	+T	182	100	25	1	0	20	0.00546448	183	0.752055	FALSE	NA	NA	NA	NA	NA	NA
2019-nCoV	6064	T	+C	182	103	24	1	0	20	0.00549451	182	0.753428	FALSE	NA	NA	NA	NA	NA	NA
2019-nCoV	6067	T	C	179	106	25	1	0	26	0.00555556	180	0.752089	FALSE	NA	NA	NA	NA	NA	NA
2019-nCoV	6068	A	+T	186	110	24	1	0	20	0.00537634	186	0.753355	FALSE	NA	NA	NA	NA	NA	NA
2019-nCoV	6070	C	T	173	97	24	3	3	22	0.0170455	176	0.31357	FALSE	NA	NA	NA	NA	NA	NA
2019-nCoV	6070	C	+A	173	97	24	1	0	20	0.00568182	176	0.749284	FALSE	NA	NA	NA	NA	NA	NA
2019-nCoV	6073	A	-T	121	97	24	1	0	20	0.00826446	121	0.755152	FALSE	NA	NA	NA	NA	NA	NA
2019-nCoV	6078	C	-T	59	26	24	1	0	20	0.0169492	59	0.508475	FALSE	NA	NA	NA	NA	NA	NA
2019-nCoV	6082	T	+G	63	32	24	1	0	20	0.015873	63	0.507937	FALSE	NA	NA	NA	NA	NA	NA
2019-nCoV	6084	A	-T	62	33	23	1	0	20	0.016129	62	0.508065	FALSE	NA	NA	NA	NA	NA	NA
2019-nCoV	6084	A	+T	62	33	23	1	0	20	0.016129	62	0.508065	FALSE	NA	NA	NA	NA	NA	NA
2019-nCoV	6087	T	-A	34	33	24	3	0	20	0.0882353	34	0.141944	FALSE	NA	NA	NA	NA	NA	NA
2019-nCoV	6094	G	+T	56	31	23	1	0	20	0.0178571	56	0.508929	FALSE	NA	NA	NA	NA	NA	NA
2019-nCoV	6102	G	+T	46	32	23	1	0	20	0.0217391	46	0.51087	FALSE	NA	NA	NA	NA	NA	NA
2019-nCoV	6105	A	+T	58	33	24	1	0	20	0.0172414	58	0.508621	FALSE	NA	NA	NA	NA	NA	NA
2019-nCoV	6109	G	-A	54	33	23	2	0	20	0.037037	54	0.261638	FALSE	NA	NA	NA	NA	NA	NA
2019-nCoV	6109	G	+A	54	33	23	2	0	20	0.037037	54	0.261638	FALSE	NA	NA	NA	NA	NA	NA
2019-nCoV	6116	G	T	60	30	24	1	0	24	0.0163934	61	0.504132	FALSE	NA	NA	NA	NA	NA	NA
2019-nCoV	6123	G	+A	57	33	24	1	0	20	0.0175439	57	0.508772	FALSE	NA	NA	NA	NA	NA	NA
2019-nCoV	6126	A	+G	208	82	25	1	0	20	0.00480769	208	0.877693	FALSE	NA	NA	NA	NA	NA	NA
2019-nCoV	6127	G	+C	209	82	25	1	0	20	0.00478469	209	0.877681	FALSE	NA	NA	NA	NA	NA	NA
2019-nCoV	6129	T	A	183	52	24	3	0	23	0.016129	186	0.313512	FALSE	NA	NA	NA	NA	NA	NA
2019-nCoV	6130	T	+A	148	77	23	3	0	20	0.0202703	148	0.3214	FALSE	NA	NA	NA	NA	NA	NA
2019-nCoV	6133	A	G	127	74	23	1	0	22	0.0078125	128	0.752941	FALSE	NA	NA	NA	NA	NA	NA
2019-nCoV	6134	G	+T	198	69	24	5	0	20	0.0252525	198	0.114764	FALSE	NA	NA	NA	NA	NA	NA
2019-nCoV	6136	T	C	165	81	23	2	0	26	0.011976	167	0.502259	FALSE	NA	NA	NA	NA	NA	NA
2019-nCoV	6137	A	G	190	63	24	2	0	26	0.0104167	192	0.501963	FALSE	NA	NA	NA	NA	NA	NA
2019-nCoV	6138	C	+G	191	60	24	1	0	20	0.0052356	191	0.753267	FALSE	NA	NA	NA	NA	NA	NA
2019-nCoV	6139	A	-T	183	59	23	40	0	20	0.218579	183	1.59386e-10	TRUE	NA	NA	NA	NA	NA	NA
2019-nCoV	6140	T	C	113	1	24	2	0	23	0.0173913	115	0.45395	FALSE	NA	NA	NA	NA	NA	NA
2019-nCoV	6143	T	C	202	77	24	1	0	25	0.00492611	203	0.87685	FALSE	NA	NA	NA	NA	NA	NA
2019-nCoV	6143	T	-TC	202	77	24	3	0	20	0.0147783	203	0.506944	FALSE	NA	NA	NA	NA	NA	NA
2019-nCoV	6144	T	C	71	68	24	1	0	23	0.0138889	72	0.493151	FALSE	NA	NA	NA	NA	NA	NA
2019-nCoV	6144	T	+TC	71	68	24	1	0	20	0.0133333	75	0.493151	FALSE	NA	NA	NA	NA	NA	NA
2019-nCoV	6147	C	T	112	85	24	1	0	20	0.00884956	113	0.753333	FALSE	NA	NA	NA	NA	NA	NA
2019-nCoV	6147	C	+CT	112	85	24	1	0	20	0.00884956	113	0.753333	FALSE	NA	NA	NA	NA	NA	NA
2019-nCoV	6149	G	+T	212	87	24	1	0	20	0.00471698	212	0.877643	FALSE	NA	NA	NA	NA	NA	NA
2019-nCoV	6151	C	-T	206	86	24	2	0	20	0.00970874	206	0.693855	FALSE	NA	NA	NA	NA	NA	NA
2019-nCoV	6152	T	C	178	66	23	2	0	22	0.0111111	180	0.497917	FALSE	NA	NA	NA	NA	NA	NA
2019-nCoV	6153	T	-A	138	86	22	36	0	20	0.26087	138	2.63695e-9	TRUE	NA	NA	NA	NA	NA	NA
2019-nCoV	6153	T	+A	138	86	22	1	0	20	0.00724638	138	0.754519	FALSE	NA	NA	NA	NA	NA	NA
2019-nCoV	6156	A	C	111	83	23	1	0	27	0.00892857	112	0.753363	FALSE	NA	NA	NA	NA	NA	NA
2019-nCoV	6157	T	-G	195	82	23	1	0	20	0.00512821	195	0.7532	FALSE	NA	NA	NA	NA	NA	NA
2019-nCoV	6157	T	+G	195	82	23	5	0	20	0.025641	195	0.114848	FALSE	NA	NA	NA	NA	NA	NA
2019-nCoV	6158	G	A	178	60	23	2	0	25	0.0111111	180	0.5	FALSE	NA	NA	NA	NA	NA	NA
2019-nCoV	6160	T	C	203	84	24	1	1	20	0.00490196	204	0.87684	FALSE	NA	NA	NA	NA	NA	NA
2019-nCoV	6162	A	+T	190	81	24	1	0	20	0.00526316	190	0.753284	FALSE	NA	NA	NA	NA	NA	NA
2019-nCoV	6163	T	C	181	83	24	2	0	24	0.010929	183	0.50206	FALSE	NA	NA	NA	NA	NA	NA
2019-nCoV	6165	T	-G	193	87	24	1	0	20	0.00518135	193	0.753233	FALSE	NA	NA	NA	NA	NA	NA
2019-nCoV	6165	T	+G	193	87	24	1	0	20	0.00518135	193	0.753233	FALSE	NA	NA	NA	NA	NA	NA
2019-nCoV	6168	T	C	196	83	25	2	1	21	0.010101	198	0.501904	FALSE	NA	NA	NA	NA	NA	NA
2019-nCoV	6168	T	+G	196	83	25	1	0	20	0.00505051	198	0.750636	FALSE	NA	NA	NA	NA	NA	NA
2019-nCoV	6172	T	+A	192	83	25	1	0	20	0.00520833	192	0.75325	FALSE	NA	NA	NA	NA	NA	NA
2019-nCoV	6173	A	+T	184	83	25	1	0	20	0.00543478	184	0.753391	FALSE	NA	NA	NA	NA	NA	NA
2019-nCoV	6175	T	G	141	83	24	1	0	24	0.00704225	142	0.75265	FALSE	NA	NA	NA	NA	NA	NA
2019-nCoV	6176	G	-A	184	83	24	1	0	20	0.00543478	184	0.753391	FALSE	NA	NA	NA	NA	NA	NA
2019-nCoV	6177	A	-T	185	81	24	1	0	20	0.00537634	186	0.752022	FALSE	NA	NA	NA	NA	NA	NA
2019-nCoV	6179	T	C	119	78	24	2	0	29	0.0165289	121	0.503125	FALSE	NA	NA	NA	NA	NA	NA
2019-nCoV	6179	T	+A	119	78	24	1	0	20	0.00826446	121	0.751046	FALSE	NA	NA	NA	NA	NA	NA
2019-nCoV	6180	A	+T	158	69	24	1	0	20	0.00632911	158	0.753948	FALSE	NA	NA	NA	NA	NA	NA
2019-nCoV	6182	A	+G	180	81	24	1	0	20	0.00555556	180	0.753466	FALSE	NA	NA	NA	NA	NA	NA
2019-nCoV	6183	A	G	0	0	0	180	84	24	1	180	3.66795e-105	TRUE	NA	NA	NA	NA	NA	NA
2019-nCoV	6186	A	G	167	79	24	1	1	22	0.00595238	168	0.752239	FALSE	NA	NA	NA	NA	NA	NA
2019-nCoV	6187	C	+T	164	81	24	4	0	20	0.0243902	164	0.195183	FALSE	NA	NA	NA	NA	NA	NA
2019-nCoV	6192	C	T	164	78	24	2	1	20	0.0120482	166	0.502273	FALSE	NA	NA	NA	NA	NA	NA
2019-nCoV	6193	A	C	135	50	23	1	1	20	0.00735294	136	0.752768	FALSE	NA	NA	NA	NA	NA	NA
2019-nCoV	6193	A	-C	135	50	23	7	0	20	0.0514706	136	0.0388891	FALSE	NA	NA	NA	NA	NA	NA
2019-nCoV	6193	A	+C	135	50	23	10	0	20	0.0735294	136	0.00712897	TRUE	NA	NA	NA	NA	NA	NA
2019-nCoV	6194	C	A	94	5	23	1	1	20	0.0105263	95	0.494792	FALSE	NA	NA	NA	NA	NA	NA
2019-nCoV	6198	C	-T	131	58	23	3	0	20	0.0229008	131	0.32256	FALSE	NA	NA	NA	NA	NA	NA
2019-nCoV	6198	C	+T	131	58	23	2	0	20	0.0152672	131	0.508588	FALSE	NA	NA	NA	NA	NA	NA
2019-nCoV	6201	T	C	156	72	23	1	0	21	0.00636943	157	0.752396	FALSE	NA	NA	NA	NA	NA	NA
2019-nCoV	6202	T	+TA	69	67	24	2	0	20	0.0289855	69	0.259097	FALSE	NA	NA	NA	NA	NA	NA
2019-nCoV	6202	T	+G	69	67	24	1	0	20	0.0144928	69	0.507246	FALSE	NA	NA	NA	NA	NA	NA
2019-nCoV	6204	A	G	108	84	24	1	0	24	0.00917431	109	0.753456	FALSE	NA	NA	NA	NA	NA	NA
2019-nCoV	6204	A	+G	108	84	24	1	0	20	0.00917431	109	0.753456	FALSE	NA	NA	NA	NA	NA	NA
2019-nCoV	6205	G	-A	138	77	23	1	0	20	0.00724638	138	0.754519	FALSE	NA	NA	NA	NA	NA	NA
2019-nCoV	6205	G	+A	138	77	23	1	0	20	0.00724638	138	0.754519	FALSE	NA	NA	NA	NA	NA	NA
2019-nCoV	6206	A	G	93	15	23	1	1	27	0.0106383	94	0.502674	FALSE	NA	NA	NA	NA	NA	NA
2019-nCoV	6208	A	G	91	79	23	1	0	28	0.0108696	92	0.502732	FALSE	NA	NA	NA	NA	NA	NA
2019-nCoV	6210	G	A	107	80	24	2	0	23	0.0183486	109	0.503472	FALSE	NA	NA	NA	NA	NA	NA
2019-nCoV	6211	A	G	131	71	23	1	0	26	0.00757576	132	0.752852	FALSE	NA	NA	NA	NA	NA	NA
2019-nCoV	6212	G	A	145	80	23	1	0	21	0.00684932	146	0.752577	FALSE	NA	NA	NA	NA	NA	NA
2019-nCoV	6212	G	+A	145	80	23	2	0	20	0.0136986	146	0.505155	FALSE	NA	NA	NA	NA	NA	NA
2019-nCoV	6213	C	T	152	80	23	1	0	20	0.00653595	153	0.752459	FALSE	NA	NA	NA	NA	NA	NA
2019-nCoV	6214	T	-A	155	82	24	2	0	20	0.0129032	155	0.507258	FALSE	NA	NA	NA	NA	NA	NA
2019-nCoV	6214	T	+A	155	82	24	4	0	20	0.0258065	155	0.195632	FALSE	NA	NA	NA	NA	NA	NA
2019-nCoV	6217	A	+AT	104	84	24	2	0	20	0.0192308	104	0.510817	FALSE	NA	NA	NA	NA	NA	NA
2019-nCoV	6220	G	+T	142	75	24	1	0	20	0.00704225	142	0.754392	FALSE	NA	NA	NA	NA	NA	NA
2019-nCoV	6226	T	+A	162	80	24	5	0	20	0.0308642	162	0.115979	FALSE	NA	NA	NA	NA	NA	NA
2019-nCoV	6233	A	G	162	77	23	1	1	20	0.00613497	163	0.752308	FALSE	NA	NA	NA	NA	NA	NA
2019-nCoV	6233	A	-T	162	77	23	6	0	20	0.0368098	163	0.0666004	FALSE	NA	NA	NA	NA	NA	NA
2019-nCoV	6233	A	+T	162	77	23	1	0	20	0.00613497	163	0.752308	FALSE	NA	NA	NA	NA	NA	NA
2019-nCoV	6235	T	G	124	76	23	2	2	20	0.015873	126	0.503	FALSE	NA	NA	NA	NA	NA	NA
2019-nCoV	6235	T	-GT	124	76	23	1	0	20	0.00793651	126	0.751004	FALSE	NA	NA	NA	NA	NA	NA
2019-nCoV	6236	G	-T	147	74	23	3	0	20	0.0204082	147	0.321461	FALSE	NA	NA	NA	NA	NA	NA
2019-nCoV	6236	G	+T	147	74	23	2	0	20	0.0136054	147	0.507653	FALSE	NA	NA	NA	NA	NA	NA
2019-nCoV	6236	G	+A	147	74	23	2	0	20	0.0136054	147	0.507653	FALSE	NA	NA	NA	NA	NA	NA
2019-nCoV	6243	A	G	163	82	24	1	1	25	0.00609756	164	0.752294	FALSE	NA	NA	NA	NA	NA	NA
2019-nCoV	6243	A	+T	163	82	24	1	0	20	0.00609756	164	0.752294	FALSE	NA	NA	NA	NA	NA	NA
2019-nCoV	6246	T	C	140	58	23	1	1	26	0.0070922	141	0.752669	FALSE	NA	NA	NA	NA	NA	NA
2019-nCoV	6248	A	G	94	39	24	1	0	24	0.0105263	95	0.502646	FALSE	NA	NA	NA	NA	NA	NA
2019-nCoV	6250	C	+A	105	52	24	2	0	20	0.0190476	105	0.510714	FALSE	NA	NA	NA	NA	NA	NA
2019-nCoV	6252	A	+T	94	54	23	1	0	20	0.0106383	94	0.505319	FALSE	NA	NA	NA	NA	NA	NA
2019-nCoV	6254	G	+T	100	48	24	1	0	20	0.01	100	0.753731	FALSE	NA	NA	NA	NA	NA	NA
2019-nCoV	6254	G	+A	100	48	24	1	0	20	0.01	100	0.753731	FALSE	NA	NA	NA	NA	NA	NA
2019-nCoV	6256	A	G	91	28	24	1	1	20	0.0108696	92	0.502732	FALSE	NA	NA	NA	NA	NA	NA
2019-nCoV	6259	T	+A	107	48	24	8	0	20	0.0747664	107	0.0237312	FALSE	NA	NA	NA	NA	NA	NA
2019-nCoV	6262	T	+A	107	49	24	1	0	20	0.00934579	107	0.755825	FALSE	NA	NA	NA	NA	NA	NA
2019-nCoV	6266	G	+A	102	48	24	1	0	20	0.00980392	102	0.756109	FALSE	NA	NA	NA	NA	NA	NA
2019-nCoV	6267	C	T	76	21	25	1	0	26	0.012987	77	0.503268	FALSE	NA	NA	NA	NA	NA	NA
2019-nCoV	6270	C	A	113	52	24	1	1	24	0.00877193	114	0.753304	FALSE	NA	NA	NA	NA	NA	NA
2019-nCoV	6270	C	+A	113	52	24	1	0	20	0.00877193	114	0.753304	FALSE	NA	NA	NA	NA	NA	NA
2019-nCoV	6271	G	-T	108	50	25	1	0	20	0.00925926	108	0.755771	FALSE	NA	NA	NA	NA	NA	NA
2019-nCoV	6271	G	+T	108	50	25	1	0	20	0.00925926	108	0.755771	FALSE	NA	NA	NA	NA	NA	NA
2019-nCoV	6274	T	+A	116	55	25	4	0	20	0.0344828	116	0.198397	FALSE	NA	NA	NA	NA	NA	NA
2019-nCoV	6279	C	+A	96	56	23	1	0	20	0.0104167	96	0.505208	FALSE	NA	NA	NA	NA	NA	NA
2019-nCoV	6287	T	+G	112	51	25	2	0	20	0.0178571	112	0.510044	FALSE	NA	NA	NA	NA	NA	NA
2019-nCoV	6290	T	C	110	49	25	1	1	31	0.00900901	111	0.502262	FALSE	NA	NA	NA	NA	NA	NA
2019-nCoV	6293	A	+G	110	48	25	1	0	20	0.00909091	110	0.755666	FALSE	NA	NA	NA	NA	NA	NA
2019-nCoV	6294	T	C	145	59	25	1	0	38	0.00684932	146	0.501718	FALSE	NA	NA	NA	NA	NA	NA
2019-nCoV	6294	T	+A	145	59	25	1	0	20	0.00684932	146	0.752577	FALSE	NA	NA	NA	NA	NA	NA
2019-nCoV	6297	G	+T	152	68	25	2	0	20	0.0131579	152	0.507401	FALSE	NA	NA	NA	NA	NA	NA
2019-nCoV	6301	T	C	150	69	25	1	0	24	0.00662252	151	0.752492	FALSE	NA	NA	NA	NA	NA	NA
2019-nCoV	6302	C	-T	145	67	25	2	0	20	0.0137931	145	0.507758	FALSE	NA	NA	NA	NA	NA	NA
2019-nCoV	6302	C	+T	145	67	25	1	0	20	0.00689655	145	0.754301	FALSE	NA	NA	NA	NA	NA	NA
2019-nCoV	6304	T	C	152	70	26	1	0	27	0.00653595	153	0.752459	FALSE	NA	NA	NA	NA	NA	NA
2019-nCoV	6305	T	-G	115	68	23	1	0	20	0.00869565	115	0.755421	FALSE	NA	NA	NA	NA	NA	NA
2019-nCoV	6305	T	+TGG	115	68	23	1	0	20	0.00869565	115	0.755421	FALSE	NA	NA	NA	NA	NA	NA
2019-nCoV	6305	T	+C	115	68	23	1	0	20	0.00869565	115	0.755421	FALSE	NA	NA	NA	NA	NA	NA
2019-nCoV	6312	C	-A	142	67	23	7	0	20	0.0492958	142	0.039546	FALSE	NA	NA	NA	NA	NA	NA
2019-nCoV	6313	A	G	80	7	24	1	1	20	0.0123457	81	0.47929	FALSE	NA	NA	NA	NA	NA	NA
2019-nCoV	6317	C	T	109	28	24	1	1	25	0.00909091	110	0.753425	FALSE	NA	NA	NA	NA	NA	NA
2019-nCoV	6318	C	+T	138	71	23	1	0	20	0.00724638	138	0.754519	FALSE	NA	NA	NA	NA	NA	NA
2019-nCoV	6318	C	+A	138	71	23	2	0	20	0.0144928	138	0.508152	FALSE	NA	NA	NA	NA	NA	NA
2019-nCoV	6319	A	+C	150	70	25	1	0	20	0.00666667	150	0.754158	FALSE	NA	NA	NA	NA	NA	NA
2019-nCoV	6320	G	+T	146	68	25	5	0	20	0.0342466	146	0.116714	FALSE	NA	NA	NA	NA	NA	NA
2019-nCoV	6322	T	C	128	71	23	1	0	26	0.00775194	129	0.752918	FALSE	NA	NA	NA	NA	NA	NA
2019-nCoV	6323	G	-A	135	62	24	1	0	20	0.00740741	135	0.754619	FALSE	NA	NA	NA	NA	NA	NA
2019-nCoV	6326	A	G	93	66	24	4	4	24	0.0412371	97	0.0618371	FALSE	NA	NA	NA	NA	NA	NA
2019-nCoV	6327	C	+A	136	68	24	1	0	20	0.00735294	136	0.754585	FALSE	NA	NA	NA	NA	NA	NA
2019-nCoV	6328	A	G	135	70	25	3	1	26	0.0217391	138	0.313866	FALSE	NA	NA	NA	NA	NA	NA
2019-nCoV	6328	A	+T	135	70	25	1	0	20	0.00724638	138	0.749084	FALSE	NA	NA	NA	NA	NA	NA
2019-nCoV	6329	T	-C	145	72	25	1	0	20	0.00689655	145	0.754301	FALSE	NA	NA	NA	NA	NA	NA
2019-nCoV	6330	C	-A	139	67	24	3	0	20	0.0214286	140	0.319232	FALSE	NA	NA	NA	NA	NA	NA
2019-nCoV	6330	C	+A	139	67	24	2	0	20	0.0142857	140	0.505376	FALSE	NA	NA	NA	NA	NA	NA
2019-nCoV	6331	A	G	99	28	23	1	1	27	0.01	100	0.746269	FALSE	NA	NA	NA	NA	NA	NA
2019-nCoV	6335	T	C	118	71	23	1	0	28	0.00840336	119	0.753165	FALSE	NA	NA	NA	NA	NA	NA
2019-nCoV	6336	C	+G	134	64	24	1	0	20	0.00746269	134	0.754654	FALSE	NA	NA	NA	NA	NA	NA
2019-nCoV	6337	G	+T	139	66	24	8	0	20	0.057554	139	0.0227182	FALSE	NA	NA	NA	NA	NA	NA
2019-nCoV	6347	C	A	27	13	24	1	0	24	0.0357143	28	0.509091	FALSE	NA	NA	NA	NA	NA	NA
2019-nCoV	6356	G	+A	33	15	25	1	0	20	0.030303	33	0.515152	FALSE	NA	NA	NA	NA	NA	NA
2019-nCoV	6363	C	+G	34	14	25	1	0	20	0.0294118	34	0.514706	FALSE	NA	NA	NA	NA	NA	NA
2019-nCoV	6366	A	+G	27	11	24	1	0	20	0.037037	27	0.518519	FALSE	NA	NA	NA	NA	NA	NA
2019-nCoV	6382	T	C	251	179	25	1	0	26	0.00396825	252	0.87649	FALSE	NA	NA	NA	NA	NA	NA
2019-nCoV	6383	G	+C	313	171	24	1	0	20	0.00319489	313	0.938891	FALSE	NA	NA	NA	NA	NA	NA
2019-nCoV	6386	T	+GA	320	170	24	1	0	20	0.003125	320	0.93886	FALSE	NA	NA	NA	NA	NA	NA
2019-nCoV	6386	T	+G	320	170	24	1	0	20	0.003125	320	0.93886	FALSE	NA	NA	NA	NA	NA	NA
2019-nCoV	6387	G	T	329	180	25	1	1	27	0.0030303	330	0.938446	FALSE	NA	NA	NA	NA	NA	NA
2019-nCoV	6388	C	T	332	184	25	1	0	25	0.003003	333	0.938438	FALSE	NA	NA	NA	NA	NA	NA
2019-nCoV	6389	G	+A	334	176	25	2	0	20	0.00598802	334	0.816228	FALSE	NA	NA	NA	NA	NA	NA
2019-nCoV	6393	A	-T	342	183	26	1	0	20	0.00292398	342	0.938773	FALSE	NA	NA	NA	NA	NA	NA
2019-nCoV	6394	T	C	343	184	25	1	1	23	0.00290698	344	0.938408	FALSE	NA	NA	NA	NA	NA	NA
2019-nCoV	6395	C	+T	338	186	25	1	0	20	0.00295858	338	0.938788	FALSE	NA	NA	NA	NA	NA	NA
2019-nCoV	6396	T	-A	328	179	25	12	0	20	0.0365854	328	0.0199712	FALSE	NA	NA	NA	NA	NA	NA
2019-nCoV	6396	T	+A	328	179	25	13	0	20	0.0396341	328	0.0123349	FALSE	NA	NA	NA	NA	NA	NA
2019-nCoV	6399	A	G	329	168	25	1	1	27	0.0030303	330	0.938446	FALSE	NA	NA	NA	NA	NA	NA
2019-nCoV	6400	A	C	187	164	24	1	0	21	0.00531915	188	0.752	FALSE	NA	NA	NA	NA	NA	NA
2019-nCoV	6400	A	+C	187	164	24	1	0	20	0.00531915	188	0.752	FALSE	NA	NA	NA	NA	NA	NA
2019-nCoV	6402	C	+A	258	170	23	2	0	20	0.00775194	258	0.692577	FALSE	NA	NA	NA	NA	NA	NA
2019-nCoV	6403	A	G	325	172	24	1	1	22	0.00306748	326	0.938458	FALSE	NA	NA	NA	NA	NA	NA
2019-nCoV	6406	C	+T	329	180	24	1	0	20	0.00303951	329	0.938823	FALSE	NA	NA	NA	NA	NA	NA
2019-nCoV	6407	T	C	329	184	24	1	0	24	0.0030303	330	0.938446	FALSE	NA	NA	NA	NA	NA	NA
2019-nCoV	6407	T	+C	329	184	24	1	0	20	0.0030303	330	0.938446	FALSE	NA	NA	NA	NA	NA	NA
2019-nCoV	6407	T	+A	329	184	24	2	0	20	0.00606061	330	0.815339	FALSE	NA	NA	NA	NA	NA	NA
2019-nCoV	6408	C	-T	325	183	24	2	0	20	0.00615385	325	0.816331	FALSE	NA	NA	NA	NA	NA	NA
2019-nCoV	6409	T	C	328	182	24	1	0	20	0.00303951	329	0.93807	FALSE	NA	NA	NA	NA	NA	NA
2019-nCoV	6413	G	A	306	169	24	1	0	20	0.00325733	307	0.938517	FALSE	NA	NA	NA	NA	NA	NA
2019-nCoV	6413	G	+A	306	169	24	7	0	20	0.0228013	307	0.179307	FALSE	NA	NA	NA	NA	NA	NA
2019-nCoV	6414	A	C	244	107	23	1	0	23	0.00408163	245	0.876532	FALSE	NA	NA	NA	NA	NA	NA
2019-nCoV	6415	A	+AG	272	183	24	1	0	20	0.00367647	272	0.877062	FALSE	NA	NA	NA	NA	NA	NA
2019-nCoV	6416	G	+T	311	188	24	2	0	20	0.00643087	311	0.816502	FALSE	NA	NA	NA	NA	NA	NA
2019-nCoV	6418	A	+CG	322	194	24	1	0	20	0.00310559	322	0.938852	FALSE	NA	NA	NA	NA	NA	NA
2019-nCoV	6418	A	+C	322	194	24	1	0	20	0.00310559	322	0.938852	FALSE	NA	NA	NA	NA	NA	NA
2019-nCoV	6420	T	-G	321	195	24	1	0	20	0.00311526	321	0.938856	FALSE	NA	NA	NA	NA	NA	NA
2019-nCoV	6421	G	A	234	103	23	1	0	27	0.00425532	235	0.876597	FALSE	NA	NA	NA	NA	NA	NA
2019-nCoV	6422	G	T	225	187	23	1	0	21	0.00442478	226	0.876661	FALSE	NA	NA	NA	NA	NA	NA
2019-nCoV	6422	G	-A	225	187	23	11	0	20	0.0486726	226	0.0129366	FALSE	NA	NA	NA	NA	NA	NA
2019-nCoV	6422	G	+A	225	187	23	1	0	20	0.00442478	226	0.876661	FALSE	NA	NA	NA	NA	NA	NA
2019-nCoV	6425	A	G	319	185	24	1	1	28	0.003125	320	0.938476	FALSE	NA	NA	NA	NA	NA	NA
2019-nCoV	6426	A	G	192	185	23	2	1	25	0.0102564	195	0.5	FALSE	NA	NA	NA	NA	NA	NA
2019-nCoV	6426	A	C	192	185	23	1	0	28	0.00512821	195	0.749354	FALSE	NA	NA	NA	NA	NA	NA
2019-nCoV	6430	T	-A	286	184	24	3	0	20	0.0104895	286	0.506556	FALSE	NA	NA	NA	NA	NA	NA
2019-nCoV	6431	A	+C	288	189	25	1	0	20	0.00343643	291	0.875001	FALSE	NA	NA	NA	NA	NA	NA
2019-nCoV	6432	C	+T	247	137	23	1	0	20	0.00404858	247	0.87727	FALSE	NA	NA	NA	NA	NA	NA
2019-nCoV	6433	C	-A	270	196	25	1	0	20	0.0037037	270	0.877077	FALSE	NA	NA	NA	NA	NA	NA
2019-nCoV	6438	A	G	301	197	24	3	1	25	0.00986842	304	0.658576	FALSE	NA	NA	NA	NA	NA	NA
2019-nCoV	6438	A	+G	301	197	24	2	0	20	0.00657895	304	0.813536	FALSE	NA	NA	NA	NA	NA	NA
2019-nCoV	6439	G	-A	299	196	24	2	0	20	0.00668896	299	0.691882	FALSE	NA	NA	NA	NA	NA	NA
2019-nCoV	6439	G	+T	299	196	24	2	0	20	0.00668896	299	0.691882	FALSE	NA	NA	NA	NA	NA	NA
2019-nCoV	6439	G	+A	299	196	24	5	0	20	0.0167224	299	0.233462	FALSE	NA	NA	NA	NA	NA	NA
2019-nCoV	6440	A	G	228	123	22	1	1	28	0.00436681	229	0.876639	FALSE	NA	NA	NA	NA	NA	NA
2019-nCoV	6441	A	G	319	201	26	1	0	27	0.003125	320	0.938476	FALSE	NA	NA	NA	NA	NA	NA
2019-nCoV	6445	C	T	287	189	25	1	1	30	0.00347222	288	0.50087	FALSE	NA	NA	NA	NA	NA	NA
2019-nCoV	6446	G	A	265	189	25	1	0	23	0.0037594	266	0.876411	FALSE	NA	NA	NA	NA	NA	NA
2019-nCoV	6446	G	-T	265	189	25	1	0	20	0.0037594	266	0.876411	FALSE	NA	NA	NA	NA	NA	NA
2019-nCoV	6446	G	+T	265	189	25	2	0	20	0.0075188	266	0.691028	FALSE	NA	NA	NA	NA	NA	NA
2019-nCoV	6447	T	C	204	126	23	2	1	24	0.00970874	206	0.688416	FALSE	NA	NA	NA	NA	NA	NA
2019-nCoV	6449	C	+T	265	196	25	5	0	20	0.0188679	265	0.234353	FALSE	NA	NA	NA	NA	NA	NA
2019-nCoV	6450	T	G	246	153	23	1	0	21	0.00403226	248	0.875761	FALSE	NA	NA	NA	NA	NA	NA
2019-nCoV	6450	T	C	246	153	23	1	0	20	0.00403226	248	0.875761	FALSE	NA	NA	NA	NA	NA	NA
2019-nCoV	6451	T	-G	238	199	25	1	0	20	0.00420168	238	0.877355	FALSE	NA	NA	NA	NA	NA	NA
2019-nCoV	6453	A	G	279	200	25	1	1	27	0.00357143	280	0.87634	FALSE	NA	NA	NA	NA	NA	NA
2019-nCoV	6457	T	+A	298	189	24	2	0	20	0.00671141	298	0.691896	FALSE	NA	NA	NA	NA	NA	NA
2019-nCoV	6460	T	C	298	192	24	1	1	23	0.00334448	299	0.876255	FALSE	NA	NA	NA	NA	NA	NA
2019-nCoV	6463	G	-A	248	170	23	27	0	20	0.108871	248	1.75377e-6	TRUE	NA	NA	NA	NA	NA	NA
2019-nCoV	6463	G	+A	248	170	23	2	0	20	0.00806452	248	0.692781	FALSE	NA	NA	NA	NA	NA	NA
2019-nCoV	6468	C	+T	267	183	23	1	0	20	0.00374532	267	0.8771	FALSE	NA	NA	NA	NA	NA	NA
2019-nCoV	6470	A	+C	291	187	24	1	0	20	0.00343643	291	0.876927	FALSE	NA	NA	NA	NA	NA	NA
2019-nCoV	6473	G	+A	261	184	24	2	0	20	0.00763359	262	0.691082	FALSE	NA	NA	NA	NA	NA	NA
2019-nCoV	6476	G	-T	255	183	24	2	0	20	0.00784314	255	0.692636	FALSE	NA	NA	NA	NA	NA	NA
2019-nCoV	6478	T	+TG	211	192	25	1	0	20	0.00473934	211	0.877655	FALSE	NA	NA	NA	NA	NA	NA
2019-nCoV	6478	T	+TC	211	192	25	1	0	20	0.00473934	211	0.877655	FALSE	NA	NA	NA	NA	NA	NA
2019-nCoV	6478	T	+A	211	192	25	2	0	20	0.00947867	211	0.693704	FALSE	NA	NA	NA	NA	NA	NA
2019-nCoV	6479	G	A	260	189	24	1	1	26	0.00383142	261	0.876438	FALSE	NA	NA	NA	NA	NA	NA
2019-nCoV	6479	G	+A	260	189	24	2	0	20	0.00766284	261	0.691095	FALSE	NA	NA	NA	NA	NA	NA
2019-nCoV	6480	T	C	275	196	25	4	2	27	0.0143369	279	0.344593	FALSE	NA	NA	NA	NA	NA	NA
2019-nCoV	6480	T	-A	275	196	25	1	0	20	0.00358423	279	0.874322	FALSE	NA	NA	NA	NA	NA	NA
2019-nCoV	6481	A	G	311	201	25	1	0	26	0.00320513	312	0.938501	FALSE	NA	NA	NA	NA	NA	NA
2019-nCoV	6483	G	T	242	200	25	1	1	26	0.00411523	243	0.876545	FALSE	NA	NA	NA	NA	NA	NA
2019-nCoV	6485	G	+C	287	197	25	1	0	20	0.00348432	287	0.876954	FALSE	NA	NA	NA	NA	NA	NA
2019-nCoV	6485	G	+A	287	197	25	2	0	20	0.00696864	287	0.692065	FALSE	NA	NA	NA	NA	NA	NA
2019-nCoV	6488	A	+T	286	191	25	2	0	20	0.00699301	286	0.692081	FALSE	NA	NA	NA	NA	NA	NA
2019-nCoV	6488	A	+C	286	191	25	1	0	20	0.0034965	286	0.876961	FALSE	NA	NA	NA	NA	NA	NA
2019-nCoV	6490	T	C	229	194	25	2	1	24	0.00865801	231	0.689947	FALSE	NA	NA	NA	NA	NA	NA
2019-nCoV	6490	T	+TA	229	194	25	1	0	20	0.004329	231	0.875817	FALSE	NA	NA	NA	NA	NA	NA
2019-nCoV	6491	A	T	288	194	25	1	0	28	0.00343643	291	0.875001	FALSE	NA	NA	NA	NA	NA	NA
2019-nCoV	6491	A	G	288	194	25	2	2	25	0.00687285	291	0.688149	FALSE	NA	NA	NA	NA	NA	NA
2019-nCoV	6492	T	C	283	189	24	1	1	27	0.00352113	284	0.876322	FALSE	NA	NA	NA	NA	NA	NA
2019-nCoV	6492	T	+A	283	189	24	1	0	20	0.00352113	284	0.876322	FALSE	NA	NA	NA	NA	NA	NA
2019-nCoV	6493	A	G	299	194	25	1	1	24	0.00333333	300	0.938126	FALSE	NA	NA	NA	NA	NA	NA
2019-nCoV	6494	C	T	297	196	25	1	1	20	0.0033557	298	0.876259	FALSE	NA	NA	NA	NA	NA	NA
2019-nCoV	6494	C	+T	297	196	25	3	0	20	0.0100671	298	0.504727	FALSE	NA	NA	NA	NA	NA	NA
2019-nCoV	6495	T	-TA	255	148	23	1	0	20	0.00392157	255	0.877199	FALSE	NA	NA	NA	NA	NA	NA
2019-nCoV	6496	T	-A	236	196	23	1	0	20	0.00421941	237	0.876584	FALSE	NA	NA	NA	NA	NA	NA
2019-nCoV	6496	T	+A	236	196	23	1	0	20	0.00421941	237	0.876584	FALSE	NA	NA	NA	NA	NA	NA
2019-nCoV	6497	A	G	161	64	23	1	0	23	0.00617284	162	0.749231	FALSE	NA	NA	NA	NA	NA	NA
2019-nCoV	6499	A	G	206	196	24	1	0	28	0.00483092	207	0.876814	FALSE	NA	NA	NA	NA	NA	NA
2019-nCoV	6499	A	+C	206	196	24	3	0	20	0.0144928	207	0.50681	FALSE	NA	NA	NA	NA	NA	NA
2019-nCoV	6501	C	+T	229	199	24	1	0	20	0.00436681	229	0.877447	FALSE	NA	NA	NA	NA	NA	NA
2019-nCoV	6502	A	+T	281	196	24	1	0	20	0.00355872	281	0.876996	FALSE	NA	NA	NA	NA	NA	NA
2019-nCoV	6503	G	+C	287	190	24	1	0	20	0.00348432	287	0.876954	FALSE	NA	NA	NA	NA	NA	NA
2019-nCoV	6504	C	G	253	174	23	1	1	24	0.00393701	254	0.876478	FALSE	NA	NA	NA	NA	NA	NA
2019-nCoV	6504	C	-A	253	174	23	17	0	20	0.0669291	254	4.87221e-4	TRUE	NA	NA	NA	NA	NA	NA
2019-nCoV	6505	A	G	113	33	23	1	1	28	0.00877193	114	0.742387	FALSE	NA	NA	NA	NA	NA	NA
2019-nCoV	6506	A	G	266	175	24	1	1	26	0.00374532	267	0.876406	FALSE	NA	NA	NA	NA	NA	NA
2019-nCoV	6507	A	+T	205	188	23	1	0	20	0.00487805	205	0.877733	FALSE	NA	NA	NA	NA	NA	NA
2019-nCoV	6508	T	+A	265	184	23	2	0	20	0.00754717	265	0.692443	FALSE	NA	NA	NA	NA	NA	NA
2019-nCoV	6510	A	+T	235	203	24	1	0	20	0.00425532	235	0.877385	FALSE	NA	NA	NA	NA	NA	NA
2019-nCoV	6513	G	+T	241	184	24	1	0	20	0.00414938	241	0.877326	FALSE	NA	NA	NA	NA	NA	NA
2019-nCoV	6515	T	C	260	189	24	3	1	22	0.0114068	263	0.501793	FALSE	NA	NA	NA	NA	NA	NA
2019-nCoV	6516	T	-A	190	181	23	45	0	20	0.235602	191	7.64066e-12	TRUE	NA	NA	NA	NA	NA	NA
2019-nCoV	6516	T	+A	190	181	23	1	0	20	0.0052356	191	0.751969	FALSE	NA	NA	NA	NA	NA	NA
2019-nCoV	6521	A	+T	183	183	24	1	0	20	0.00546448	183	0.75341	FALSE	NA	NA	NA	NA	NA	NA
2019-nCoV	6527	G	+C	264	187	25	1	0	20	0.00378788	264	0.877124	FALSE	NA	NA	NA	NA	NA	NA
2019-nCoV	6532	G	A	208	136	22	1	1	22	0.00478469	209	0.876796	FALSE	NA	NA	NA	NA	NA	NA
2019-nCoV	6533	G	+T	213	182	24	15	0	20	0.0704225	213	0.00158675	TRUE	NA	NA	NA	NA	NA	NA
2019-nCoV	6534	T	C	200	127	23	1	0	24	0.00497512	201	0.876868	FALSE	NA	NA	NA	NA	NA	NA
2019-nCoV	6535	T	+G	218	179	24	1	0	20	0.00458716	218	0.87757	FALSE	NA	NA	NA	NA	NA	NA
2019-nCoV	6537	G	A	222	182	25	1	1	27	0.0044843	223	0.876683	FALSE	NA	NA	NA	NA	NA	NA
2019-nCoV	6541	C	T	266	192	25	1	0	28	0.00374532	267	0.876406	FALSE	NA	NA	NA	NA	NA	NA
2019-nCoV	6541	C	+G	266	192	25	1	0	20	0.00374532	267	0.876406	FALSE	NA	NA	NA	NA	NA	NA
2019-nCoV	6543	C	+T	272	197	25	1	0	20	0.00367647	272	0.877062	FALSE	NA	NA	NA	NA	NA	NA
2019-nCoV	6544	A	T	266	193	25	1	0	27	0.00374532	267	0.876406	FALSE	NA	NA	NA	NA	NA	NA
2019-nCoV	6545	G	T	258	192	24	1	1	23	0.003861	259	0.876449	FALSE	NA	NA	NA	NA	NA	NA
2019-nCoV	6545	G	+C	258	192	24	1	0	20	0.003861	259	0.876449	FALSE	NA	NA	NA	NA	NA	NA
2019-nCoV	6546	A	G	254	189	24	2	1	22	0.0078125	256	0.689707	FALSE	NA	NA	NA	NA	NA	NA
2019-nCoV	6547	T	C	254	193	25	2	2	22	0.0078125	256	0.689707	FALSE	NA	NA	NA	NA	NA	NA
2019-nCoV	6549	T	C	265	188	25	1	1	28	0.0037594	266	0.876411	FALSE	NA	NA	NA	NA	NA	NA
2019-nCoV	6549	T	+A	265	188	25	8	0	20	0.0300752	266	0.0583976	FALSE	NA	NA	NA	NA	NA	NA
2019-nCoV	6552	T	+G	256	188	25	1	0	20	0.00390625	256	0.87719	FALSE	NA	NA	NA	NA	NA	NA
2019-nCoV	6555	C	T	252	181	25	2	0	27	0.00787402	254	0.689724	FALSE	NA	NA	NA	NA	NA	NA
2019-nCoV	6558	C	+T	251	189	24	4	0	20	0.0159363	251	0.35218	FALSE	NA	NA	NA	NA	NA	NA
2019-nCoV	6559	T	G	212	138	23	1	0	20	0.0046729	214	0.875882	FALSE	NA	NA	NA	NA	NA	NA
2019-nCoV	6559	T	C	212	138	23	1	1	23	0.0046729	214	0.875882	FALSE	NA	NA	NA	NA	NA	NA
2019-nCoV	6560	T	C	225	192	25	1	1	20	0.00442478	226	0.876661	FALSE	NA	NA	NA	NA	NA	NA
2019-nCoV	6561	A	+T	252	187	25	2	0	20	0.00793651	252	0.692697	FALSE	NA	NA	NA	NA	NA	NA
2019-nCoV	6564	T	C	259	189	25	2	2	25	0.00766284	261	0.689664	FALSE	NA	NA	NA	NA	NA	NA
2019-nCoV	6565	A	G	263	189	25	1	0	25	0.00378788	264	0.876422	FALSE	NA	NA	NA	NA	NA	NA
2019-nCoV	6565	A	+G	263	189	25	2	0	20	0.00757576	264	0.691054	FALSE	NA	NA	NA	NA	NA	NA
2019-nCoV	6568	C	T	289	189	25	1	1	22	0.00344828	290	0.876294	FALSE	NA	NA	NA	NA	NA	NA
2019-nCoV	6568	C	-A	289	189	25	1	0	20	0.00344828	290	0.876294	FALSE	NA	NA	NA	NA	NA	NA
2019-nCoV	6570	A	+TT	257	195	25	1	0	20	0.00389105	257	0.877182	FALSE	NA	NA	NA	NA	NA	NA
2019-nCoV	6570	A	+T	257	195	25	1	0	20	0.00389105	257	0.877182	FALSE	NA	NA	NA	NA	NA	NA
2019-nCoV	6570	A	+G	257	195	25	1	0	20	0.00389105	257	0.877182	FALSE	NA	NA	NA	NA	NA	NA
2019-nCoV	6573	C	+G	297	199	25	1	0	20	0.003367	297	0.876889	FALSE	NA	NA	NA	NA	NA	NA
2019-nCoV	6575	A	+T	287	193	25	1	0	20	0.00348432	287	0.876954	FALSE	NA	NA	NA	NA	NA	NA
2019-nCoV	6575	A	+G	287	193	25	1	0	20	0.00348432	287	0.876954	FALSE	NA	NA	NA	NA	NA	NA
2019-nCoV	6575	A	+C	287	193	25	1	0	20	0.00348432	287	0.876954	FALSE	NA	NA	NA	NA	NA	NA
2019-nCoV	6576	G	+T	282	191	25	2	0	20	0.0070922	282	0.692145	FALSE	NA	NA	NA	NA	NA	NA
2019-nCoV	6577	T	C	272	182	25	1	1	23	0.003663	273	0.876375	FALSE	NA	NA	NA	NA	NA	NA
2019-nCoV	6578	C	+T	271	188	25	2	0	20	0.00738007	271	0.692334	FALSE	NA	NA	NA	NA	NA	NA
2019-nCoV	6580	T	-A	255	199	25	1	0	20	0.00392157	255	0.877199	FALSE	NA	NA	NA	NA	NA	NA
2019-nCoV	6581	A	+AC	265	185	24	1	0	20	0.0037594	266	0.876411	FALSE	NA	NA	NA	NA	NA	NA
2019-nCoV	6582	C	G	271	184	24	1	0	25	0.00367647	272	0.87638	FALSE	NA	NA	NA	NA	NA	NA
2019-nCoV	6584	A	-T	280	195	24	1	0	20	0.00357143	280	0.877003	FALSE	NA	NA	NA	NA	NA	NA
2019-nCoV	6584	A	+T	280	195	24	5	0	20	0.0178571	280	0.233933	FALSE	NA	NA	NA	NA	NA	NA
2019-nCoV	6584	A	+G	280	195	24	2	0	20	0.00714286	280	0.692178	FALSE	NA	NA	NA	NA	NA	NA
2019-nCoV	6586	T	-A	247	194	24	1	0	20	0.00404858	247	0.87727	FALSE	NA	NA	NA	NA	NA	NA
2019-nCoV	6586	T	+TA	247	194	24	1	0	20	0.00404858	247	0.87727	FALSE	NA	NA	NA	NA	NA	NA
2019-nCoV	6587	A	G	218	125	23	1	1	23	0.00456621	219	0.875858	FALSE	NA	NA	NA	NA	NA	NA
2019-nCoV	6588	A	G	265	201	24	1	0	22	0.0037594	266	0.876411	FALSE	NA	NA	NA	NA	NA	NA
2019-nCoV	6588	A	+G	265	201	24	1	0	20	0.0037594	266	0.876411	FALSE	NA	NA	NA	NA	NA	NA
2019-nCoV	6589	G	-A	289	200	24	2	0	20	0.00692042	289	0.692033	FALSE	NA	NA	NA	NA	NA	NA
2019-nCoV	6589	G	+A	289	200	24	22	0	20	0.0761246	289	2.82537e-5	TRUE	NA	NA	NA	NA	NA	NA
2019-nCoV	6592	A	+AC	235	200	24	3	0	20	0.012766	235	0.507978	FALSE	NA	NA	NA	NA	NA	NA
2019-nCoV	6594	C	+G	254	201	24	1	0	20	0.00393701	254	0.877207	FALSE	NA	NA	NA	NA	NA	NA
2019-nCoV	6595	T	C	283	194	24	1	0	22	0.00352113	284	0.876322	FALSE	NA	NA	NA	NA	NA	NA
2019-nCoV	6595	T	+A	283	194	24	4	0	20	0.0140845	284	0.349547	FALSE	NA	NA	NA	NA	NA	NA
2019-nCoV	6596	A	T	219	129	23	1	0	20	0.00454545	220	0.876706	FALSE	NA	NA	NA	NA	NA	NA
2019-nCoV	6597	A	G	262	197	24	2	1	25	0.00757576	264	0.689639	FALSE	NA	NA	NA	NA	NA	NA
2019-nCoV	6597	A	+T	262	197	24	1	0	20	0.00378788	264	0.875714	FALSE	NA	NA	NA	NA	NA	NA
2019-nCoV	6598	T	-G	282	193	25	1	0	20	0.0035461	282	0.876989	FALSE	NA	NA	NA	NA	NA	NA
2019-nCoV	6598	T	+G	282	193	25	2	0	20	0.0070922	282	0.692145	FALSE	NA	NA	NA	NA	NA	NA
2019-nCoV	6599	G	-A	273	189	24	1	0	20	0.00364964	274	0.87637	FALSE	NA	NA	NA	NA	NA	NA
2019-nCoV	6599	G	+GA	273	189	24	1	0	20	0.00364964	274	0.87637	FALSE	NA	NA	NA	NA	NA	NA
2019-nCoV	6599	G	+A	273	189	24	12	0	20	0.0437956	274	0.00742947	TRUE	NA	NA	NA	NA	NA	NA
2019-nCoV	6600	A	G	225	141	23	1	1	28	0.00442478	226	0.875831	FALSE	NA	NA	NA	NA	NA	NA
2019-nCoV	6601	A	G	244	192	24	2	2	21	0.00809717	247	0.688266	FALSE	NA	NA	NA	NA	NA	NA
2019-nCoV	6601	A	C	244	192	24	1	0	20	0.00404858	247	0.875002	FALSE	NA	NA	NA	NA	NA	NA
2019-nCoV	6601	A	-T	244	192	24	1	0	20	0.00404858	247	0.875002	FALSE	NA	NA	NA	NA	NA	NA
2019-nCoV	6603	T	+A	249	191	24	1	0	20	0.00401606	249	0.877251	FALSE	NA	NA	NA	NA	NA	NA
2019-nCoV	6604	A	+T	268	183	25	1	0	20	0.00373134	268	0.877092	FALSE	NA	NA	NA	NA	NA	NA
2019-nCoV	6605	T	+C	290	205	25	1	0	20	0.00344828	290	0.876934	FALSE	NA	NA	NA	NA	NA	NA
2019-nCoV	6606	C	+T	292	204	25	1	0	20	0.00342466	292	0.876921	FALSE	NA	NA	NA	NA	NA	NA
2019-nCoV	6622	G	-A	28	10	23	8	0	20	0.285714	28	0.00781337	TRUE	NA	NA	NA	NA	NA	NA
2019-nCoV	6624	A	G	27	8	23	1	0	26	0.0357143	28	0.509091	FALSE	NA	NA	NA	NA	NA	NA
2019-nCoV	6629	C	+CT	14	10	24	1	0	20	0.0714286	14	0.535714	FALSE	NA	NA	NA	NA	NA	NA
2019-nCoV	6647	G	+C	28	10	24	1	0	20	0.0357143	28	0.517857	FALSE	NA	NA	NA	NA	NA	NA
2019-nCoV	6648	C	T	26	9	23	1	1	24	0.037037	27	0.509434	FALSE	NA	NA	NA	NA	NA	NA
2019-nCoV	6651	C	T	184	98	24	3	3	23	0.0160428	187	0.313507	FALSE	NA	NA	NA	NA	NA	NA
2019-nCoV	6652	T	+G	187	102	25	1	0	20	0.00534759	187	0.753337	FALSE	NA	NA	NA	NA	NA	NA
2019-nCoV	6653	G	+T	189	103	24	1	0	20	0.00529101	189	0.753302	FALSE	NA	NA	NA	NA	NA	NA
2019-nCoV	6654	T	+G	171	76	23	1	0	20	0.00584795	171	0.753649	FALSE	NA	NA	NA	NA	NA	NA
2019-nCoV	6655	T	+A	148	105	24	1	0	20	0.00675676	148	0.754214	FALSE	NA	NA	NA	NA	NA	NA
2019-nCoV	6656	A	G	172	69	23	1	0	21	0.00578035	173	0.752174	FALSE	NA	NA	NA	NA	NA	NA
2019-nCoV	6657	A	G	156	103	24	1	0	25	0.00636943	157	0.752396	FALSE	NA	NA	NA	NA	NA	NA
2019-nCoV	6659	A	+G	191	103	25	1	0	20	0.0052356	191	0.753267	FALSE	NA	NA	NA	NA	NA	NA
2019-nCoV	6659	A	+C	191	103	25	1	0	20	0.0052356	191	0.753267	FALSE	NA	NA	NA	NA	NA	NA
2019-nCoV	6663	T	-C	196	101	24	1	0	20	0.00510204	196	0.753184	FALSE	NA	NA	NA	NA	NA	NA
2019-nCoV	6663	T	+C	196	101	24	2	0	20	0.0102041	196	0.50574	FALSE	NA	NA	NA	NA	NA	NA
2019-nCoV	6666	C	+T	134	102	24	1	0	20	0.00746269	134	0.754654	FALSE	NA	NA	NA	NA	NA	NA
2019-nCoV	6666	C	+CT	134	102	24	1	0	20	0.00746269	134	0.754654	FALSE	NA	NA	NA	NA	NA	NA
2019-nCoV	6668	T	-G	162	102	24	1	0	20	0.00617284	162	0.753851	FALSE	NA	NA	NA	NA	NA	NA
2019-nCoV	6668	T	+G	162	102	24	2	0	20	0.0123457	162	0.506944	FALSE	NA	NA	NA	NA	NA	NA
2019-nCoV	6670	G	T	193	96	26	12	7	24	0.0582524	206	0.00575631	TRUE	NA	NA	NA	NA	NA	NA
2019-nCoV	6670	G	C	193	96	26	1	0	26	0.00485437	206	0.86534199999999994	FALSE	NA	NA	NA	NA	NA	NA
2019-nCoV	6671	G	+GC	144	102	24	1	0	20	0.00694444	144	0.754331	FALSE	NA	NA	NA	NA	NA	NA
2019-nCoV	6672	A	+G	185	97	24	1	0	20	0.00540541	185	0.753373	FALSE	NA	NA	NA	NA	NA	NA
2019-nCoV	6676	T	+TA	196	99	25	1	0	20	0.00510204	196	0.753184	FALSE	NA	NA	NA	NA	NA	NA
2019-nCoV	6677	A	+G	198	99	25	1	0	20	0.00505051	198	0.753152	FALSE	NA	NA	NA	NA	NA	NA
2019-nCoV	6678	T	-A	188	94	24	1	0	20	0.00531915	188	0.753319	FALSE	NA	NA	NA	NA	NA	NA
2019-nCoV	6680	G	T	190	94	24	1	1	23	0.0052356	191	0.751969	FALSE	NA	NA	NA	NA	NA	NA
2019-nCoV	6680	G	+A	190	94	24	1	0	20	0.0052356	191	0.751969	FALSE	NA	NA	NA	NA	NA	NA
2019-nCoV	6682	T	C	164	66	24	1	1	22	0.00606061	165	0.75228	FALSE	NA	NA	NA	NA	NA	NA
2019-nCoV	6682	T	-A	164	66	24	44	0	20	0.266667	165	1.87672e-11	TRUE	NA	NA	NA	NA	NA	NA
2019-nCoV	6684	A	+T	115	67	23	1	0	20	0.00869565	115	0.755421	FALSE	NA	NA	NA	NA	NA	NA
2019-nCoV	6689	G	A	193	94	24	1	0	22	0.00515464	194	0.751938	FALSE	NA	NA	NA	NA	NA	NA
2019-nCoV	6689	G	+T	193	94	24	2	0	20	0.0103093	194	0.503876	FALSE	NA	NA	NA	NA	NA	NA
2019-nCoV	6691	T	C	198	101	25	2	1	24	0.01	200	0.688443	FALSE	NA	NA	NA	NA	NA	NA
2019-nCoV	6693	A	G	150	99	24	1	1	21	0.00662252	151	0.752492	FALSE	NA	NA	NA	NA	NA	NA
2019-nCoV	6694	G	+C	193	100	24	1	0	20	0.00518135	193	0.753233	FALSE	NA	NA	NA	NA	NA	NA
2019-nCoV	6696	C	-T	134	102	23	10	0	20	0.0746269	134	0.00738229	TRUE	NA	NA	NA	NA	NA	NA
2019-nCoV	6696	C	+T	134	102	23	3	0	20	0.0223881	134	0.322333	FALSE	NA	NA	NA	NA	NA	NA
2019-nCoV	6697	T	+C	113	16	23	1	0	20	0.00869565	115	0.751101	FALSE	NA	NA	NA	NA	NA	NA
2019-nCoV	6699	T	A	200	101	24	1	0	24	0.00497512	201	0.876868	FALSE	NA	NA	NA	NA	NA	NA
2019-nCoV	6700	T	C	111	101	24	1	0	27	0.00892857	112	0.753363	FALSE	NA	NA	NA	NA	NA	NA
2019-nCoV	6700	T	+TC	111	101	24	1	0	20	0.00892857	112	0.753363	FALSE	NA	NA	NA	NA	NA	NA
2019-nCoV	6703	T	-A	164	106	24	1	0	20	0.00609756	164	0.753804	FALSE	NA	NA	NA	NA	NA	NA
2019-nCoV	6703	T	+A	164	106	24	2	0	20	0.0121951	164	0.50686	FALSE	NA	NA	NA	NA	NA	NA
2019-nCoV	6704	A	G	173	77	23	1	1	27	0.00574713	174	0.752161	FALSE	NA	NA	NA	NA	NA	NA
2019-nCoV	6706	C	-A	193	98	24	1	0	20	0.00518135	193	0.753233	FALSE	NA	NA	NA	NA	NA	NA
2019-nCoV	6706	C	+A	193	98	24	3	0	20	0.015544	193	0.319319	FALSE	NA	NA	NA	NA	NA	NA
2019-nCoV	6710	G	T	195	99	24	1	0	23	0.00510204	196	0.751918	FALSE	NA	NA	NA	NA	NA	NA
2019-nCoV	6710	G	+T	195	99	24	3	0	20	0.0153061	196	0.317301	FALSE	NA	NA	NA	NA	NA	NA
2019-nCoV	6712	T	C	165	102	24	2	1	26	0.011976	167	0.502259	FALSE	NA	NA	NA	NA	NA	NA
2019-nCoV	6713	G	A	202	99	25	3	2	27	0.0146341	205	0.502303	FALSE	NA	NA	NA	NA	NA	NA
2019-nCoV	6713	G	+T	202	99	25	3	0	20	0.0146341	205	0.502303	FALSE	NA	NA	NA	NA	NA	NA
2019-nCoV	6719	A	G	209	106	25	1	0	25	0.0047619	210	0.876788	FALSE	NA	NA	NA	NA	NA	NA
2019-nCoV	6720	C	+A	208	106	25	1	0	20	0.00480769	208	0.877693	FALSE	NA	NA	NA	NA	NA	NA
2019-nCoV	6722	A	+G	188	108	24	1	0	20	0.00531915	188	0.753319	FALSE	NA	NA	NA	NA	NA	NA
2019-nCoV	6722	A	+C	188	108	24	1	0	20	0.00531915	188	0.753319	FALSE	NA	NA	NA	NA	NA	NA
2019-nCoV	6727	T	C	190	91	25	2	1	24	0.0104167	192	0.501963	FALSE	NA	NA	NA	NA	NA	NA
2019-nCoV	6727	T	+A	190	91	25	1	0	20	0.00520833	192	0.750656	FALSE	NA	NA	NA	NA	NA	NA
2019-nCoV	6729	A	G	160	92	24	1	1	24	0.00621118	161	0.752336	FALSE	NA	NA	NA	NA	NA	NA
2019-nCoV	6731	A	G	170	90	25	2	1	23	0.0116279	172	0.502193	FALSE	NA	NA	NA	NA	NA	NA
2019-nCoV	6734	G	-T	170	90	24	1	0	20	0.00588235	170	0.75367	FALSE	NA	NA	NA	NA	NA	NA
2019-nCoV	6734	G	+T	170	90	24	1	0	20	0.00588235	170	0.75367	FALSE	NA	NA	NA	NA	NA	NA
2019-nCoV	6738	C	T	159	79	25	1	0	24	0.00625	160	0.752351	FALSE	NA	NA	NA	NA	NA	NA
2019-nCoV	6738	C	+G	159	79	25	2	0	20	0.0125	160	0.504702	FALSE	NA	NA	NA	NA	NA	NA
2019-nCoV	6739	A	G	147	70	25	1	1	27	0.00675676	148	0.752542	FALSE	NA	NA	NA	NA	NA	NA
2019-nCoV	6744	G	A	149	78	23	1	1	20	0.00666667	150	0.752508	FALSE	NA	NA	NA	NA	NA	NA
2019-nCoV	6744	G	-T	149	78	23	5	0	20	0.0333333	150	0.114917	FALSE	NA	NA	NA	NA	NA	NA
2019-nCoV	6745	T	C	81	13	23	1	1	25	0.0121951	82	0.493976	FALSE	NA	NA	NA	NA	NA	NA
2019-nCoV	6746	T	C	160	92	25	1	0	22	0.00617284	162	0.750779	FALSE	NA	NA	NA	NA	NA	NA
2019-nCoV	6746	T	A	160	92	25	1	0	22	0.00617284	162	0.750779	FALSE	NA	NA	NA	NA	NA	NA
2019-nCoV	6747	T	-A	97	85	23	1	0	20	0.0103093	97	0.505155	FALSE	NA	NA	NA	NA	NA	NA
2019-nCoV	6747	T	+TA	97	85	23	3	0	20	0.0309278	97	0.130849	FALSE	NA	NA	NA	NA	NA	NA
2019-nCoV	6749	A	G	162	84	25	2	0	24	0.0121951	164	0.502301	FALSE	NA	NA	NA	NA	NA	NA
2019-nCoV	6752	C	T	132	82	23	1	1	25	0.0075188	133	0.75283	FALSE	NA	NA	NA	NA	NA	NA
2019-nCoV	6752	C	-G	132	82	23	1	0	20	0.0075188	133	0.75283	FALSE	NA	NA	NA	NA	NA	NA
2019-nCoV	6752	C	+G	132	82	23	1	0	20	0.0075188	133	0.75283	FALSE	NA	NA	NA	NA	NA	NA
2019-nCoV	6754	T	+G	150	79	24	1	0	20	0.00666667	150	0.754158	FALSE	NA	NA	NA	NA	NA	NA
2019-nCoV	6755	G	-T	143	75	23	1	0	20	0.00699301	143	0.754361	FALSE	NA	NA	NA	NA	NA	NA
2019-nCoV	6755	G	+T	143	75	23	9	0	20	0.0629371	143	0.0128661	FALSE	NA	NA	NA	NA	NA	NA
2019-nCoV	6756	T	C	112	40	23	1	0	27	0.00884956	113	0.751111	FALSE	NA	NA	NA	NA	NA	NA
2019-nCoV	6758	T	+TG	112	84	23	1	0	20	0.00892857	112	0.755565	FALSE	NA	NA	NA	NA	NA	NA
2019-nCoV	6759	G	A	155	89	24	2	0	25	0.0127389	157	0.502404	FALSE	NA	NA	NA	NA	NA	NA
2019-nCoV	6759	G	+T	155	89	24	2	0	20	0.0127389	157	0.502404	FALSE	NA	NA	NA	NA	NA	NA
2019-nCoV	6763	T	+A	155	85	24	5	0	20	0.0322581	155	0.116282	FALSE	NA	NA	NA	NA	NA	NA
2019-nCoV	6764	A	G	121	51	23	1	0	27	0.00813008	123	0.751029	FALSE	NA	NA	NA	NA	NA	NA
2019-nCoV	6764	A	C	121	51	23	1	1	23	0.00813008	123	0.751029	FALSE	NA	NA	NA	NA	NA	NA
2019-nCoV	6765	A	+AT	146	90	23	1	0	20	0.00684932	146	0.754272	FALSE	NA	NA	NA	NA	NA	NA
2019-nCoV	6770	A	+C	150	74	24	1	0	20	0.00666667	150	0.754158	FALSE	NA	NA	NA	NA	NA	NA
2019-nCoV	6772	G	A	158	87	24	1	1	22	0.00628931	159	0.752366	FALSE	NA	NA	NA	NA	NA	NA
2019-nCoV	6772	G	+T	158	87	24	1	0	20	0.00628931	159	0.752366	FALSE	NA	NA	NA	NA	NA	NA
2019-nCoV	6773	C	T	132	57	23	1	1	20	0.0075188	133	0.75283	FALSE	NA	NA	NA	NA	NA	NA
2019-nCoV	6774	C	+T	130	83	23	4	0	20	0.0307692	130	0.197212	FALSE	NA	NA	NA	NA	NA	NA
2019-nCoV	6776	T	C	149	85	23	1	1	20	0.00666667	150	0.752508	FALSE	NA	NA	NA	NA	NA	NA
2019-nCoV	6776	T	+A	149	85	23	2	0	20	0.0133333	150	0.505017	FALSE	NA	NA	NA	NA	NA	NA
2019-nCoV	6777	A	+T	153	77	25	3	0	20	0.0196078	153	0.321108	FALSE	NA	NA	NA	NA	NA	NA
2019-nCoV	6780	T	C	129	91	24	1	0	26	0.00769231	130	0.752896	FALSE	NA	NA	NA	NA	NA	NA
2019-nCoV	6781	C	-T	152	76	24	1	0	20	0.00657895	152	0.754104	FALSE	NA	NA	NA	NA	NA	NA
2019-nCoV	6781	C	+T	152	76	24	7	0	20	0.0460526	152	0.0392477	FALSE	NA	NA	NA	NA	NA	NA
2019-nCoV	6784	T	A	115	81	23	1	1	20	0.00862069	116	0.753247	FALSE	NA	NA	NA	NA	NA	NA
2019-nCoV	6785	A	C	149	73	24	1	1	20	0.00666667	150	0.752508	FALSE	NA	NA	NA	NA	NA	NA
2019-nCoV	6786	C	+T	146	70	24	7	0	20	0.0479452	146	0.0394216	FALSE	NA	NA	NA	NA	NA	NA
2019-nCoV	6788	T	C	160	83	25	1	0	21	0.00621118	161	0.752336	FALSE	NA	NA	NA	NA	NA	NA
2019-nCoV	6789	T	A	109	70	23	1	0	27	0.00909091	110	0.753425	FALSE	NA	NA	NA	NA	NA	NA
2019-nCoV	6790	A	-T	138	61	24	1	0	20	0.00724638	138	0.754519	FALSE	NA	NA	NA	NA	NA	NA
2019-nCoV	6792	T	A	153	93	23	1	1	25	0.00649351	154	0.752443	FALSE	NA	NA	NA	NA	NA	NA
2019-nCoV	6794	C	+G	165	89	24	1	0	20	0.00606061	165	0.753781	FALSE	NA	NA	NA	NA	NA	NA
2019-nCoV	6795	T	+A	162	84	25	1	0	20	0.00617284	162	0.753851	FALSE	NA	NA	NA	NA	NA	NA
2019-nCoV	6797	C	+A	141	63	24	1	0	20	0.0070922	141	0.754423	FALSE	NA	NA	NA	NA	NA	NA
2019-nCoV	6799	A	+T	125	69	23	4	0	20	0.032	125	0.197604	FALSE	NA	NA	NA	NA	NA	NA
2019-nCoV	6801	T	C	130	74	23	1	0	27	0.00763359	131	0.752874	FALSE	NA	NA	NA	NA	NA	NA
2019-nCoV	6802	G	+T	137	74	24	1	0	20	0.00729927	137	0.754552	FALSE	NA	NA	NA	NA	NA	NA
2019-nCoV	6803	T	C	145	85	24	1	1	23	0.00684932	146	0.752577	FALSE	NA	NA	NA	NA	NA	NA
2019-nCoV	6803	T	+G	145	85	24	1	0	20	0.00684932	146	0.752577	FALSE	NA	NA	NA	NA	NA	NA
2019-nCoV	6806	A	+C	183	100	23	1	0	20	0.00546448	183	0.75341	FALSE	NA	NA	NA	NA	NA	NA
2019-nCoV	6807	C	-T	176	97	23	9	0	20	0.0511364	176	0.0124483	FALSE	NA	NA	NA	NA	NA	NA
2019-nCoV	6807	C	+T	176	97	23	2	0	20	0.0113636	176	0.506392	FALSE	NA	NA	NA	NA	NA	NA
2019-nCoV	6807	C	+CT	176	97	23	1	0	20	0.00568182	176	0.753545	FALSE	NA	NA	NA	NA	NA	NA
2019-nCoV	6808	T	C	91	14	23	2	1	21	0.0215054	93	0.235767	FALSE	NA	NA	NA	NA	NA	NA
2019-nCoV	6809	T	C	184	101	24	1	1	27	0.00540541	185	0.752033	FALSE	NA	NA	NA	NA	NA	NA
2019-nCoV	6810	T	C	187	107	24	1	0	25	0.00531915	188	0.752	FALSE	NA	NA	NA	NA	NA	NA
2019-nCoV	6811	T	C	106	101	24	2	0	21	0.0183486	109	0.5	FALSE	NA	NA	NA	NA	NA	NA
2019-nCoV	6811	T	A	106	101	24	1	1	24	0.00917431	109	0.748837	FALSE	NA	NA	NA	NA	NA	NA
2019-nCoV	6811	T	+G	106	101	24	1	0	20	0.00917431	109	0.748837	FALSE	NA	NA	NA	NA	NA	NA
2019-nCoV	6812	A	C	185	103	23	1	1	24	0.00537634	186	0.752022	FALSE	NA	NA	NA	NA	NA	NA
2019-nCoV	6813	C	G	193	105	24	1	1	20	0.00515464	194	0.751938	FALSE	NA	NA	NA	NA	NA	NA
2019-nCoV	6813	C	-T	193	105	24	1	0	20	0.00515464	194	0.751938	FALSE	NA	NA	NA	NA	NA	NA
2019-nCoV	6813	C	+T	193	105	24	1	0	20	0.00515464	194	0.751938	FALSE	NA	NA	NA	NA	NA	NA
2019-nCoV	6814	T	+A	196	107	24	1	0	20	0.00507614	197	0.751908	FALSE	NA	NA	NA	NA	NA	NA
2019-nCoV	6816	G	+A	182	96	24	1	0	20	0.00549451	182	0.753428	FALSE	NA	NA	NA	NA	NA	NA
2019-nCoV	6817	A	G	149	63	24	1	1	21	0.00666667	150	0.752508	FALSE	NA	NA	NA	NA	NA	NA
2019-nCoV	6819	G	+T	170	91	24	1	0	20	0.00588235	170	0.75367	FALSE	NA	NA	NA	NA	NA	NA
2019-nCoV	6821	A	G	181	100	24	1	1	25	0.00549451	182	0.752066	FALSE	NA	NA	NA	NA	NA	NA
2019-nCoV	6822	C	-A	159	79	24	4	0	20	0.0251572	159	0.195426	FALSE	NA	NA	NA	NA	NA	NA
2019-nCoV	6822	C	+A	159	79	24	2	0	20	0.0125786	159	0.507075	FALSE	NA	NA	NA	NA	NA	NA
2019-nCoV	6824	A	T	168	85	25	1	1	32	0.00591716	169	0.501484	FALSE	NA	NA	NA	NA	NA	NA
2019-nCoV	6825	A	G	100	81	24	1	1	23	0.00990099	101	0.753731	FALSE	NA	NA	NA	NA	NA	NA
2019-nCoV	6825	A	+T	100	81	24	1	0	20	0.00990099	101	0.753731	FALSE	NA	NA	NA	NA	NA	NA
2019-nCoV	6827	T	C	159	107	24	1	0	27	0.00625	160	0.752351	FALSE	NA	NA	NA	NA	NA	NA
2019-nCoV	6827	T	+C	159	107	24	1	0	20	0.00625	160	0.752351	FALSE	NA	NA	NA	NA	NA	NA
2019-nCoV	6829	T	C	184	101	24	2	1	20	0.0107527	186	0.502027	FALSE	NA	NA	NA	NA	NA	NA
2019-nCoV	6835	T	-A	17	10	23	1	0	20	0.0588235	17	0.529412	FALSE	NA	NA	NA	NA	NA	NA
2019-nCoV	6851	A	+AC	20	10	25	1	0	20	0.05	20	0.525	FALSE	NA	NA	NA	NA	NA	NA
2019-nCoV	6867	A	G	16	9	23	1	0	27	0.0588235	17	0.515152	FALSE	NA	NA	NA	NA	NA	NA
2019-nCoV	6869	A	G	15	8	25	1	0	23	0.0625	16	0.516129	FALSE	NA	NA	NA	NA	NA	NA
2019-nCoV	6886	T	C	35	14	23	1	0	25	0.0277778	36	0.507042	FALSE	NA	NA	NA	NA	NA	NA
2019-nCoV	6889	A	+AT	18	15	24	1	0	20	0.0555556	18	0.527778	FALSE	NA	NA	NA	NA	NA	NA
2019-nCoV	6894	G	+T	31	12	23	1	0	20	0.0322581	31	0.516129	FALSE	NA	NA	NA	NA	NA	NA
2019-nCoV	6896	C	T	31	9	24	1	1	22	0.03125	32	0.507937	FALSE	NA	NA	NA	NA	NA	NA
2019-nCoV	6905	T	C	25	12	23	1	0	26	0.0384615	26	0.509804	FALSE	NA	NA	NA	NA	NA	NA
2019-nCoV	6907	A	-T	34	14	24	1	0	20	0.0294118	34	0.514706	FALSE	NA	NA	NA	NA	NA	NA
2019-nCoV	6919	G	-A	36	17	24	1	0	20	0.0277778	36	0.513889	FALSE	NA	NA	NA	NA	NA	NA
2019-nCoV	6930	A	-T	16	12	23	7	0	20	0.4375	16	0.0194257	FALSE	NA	NA	NA	NA	NA	NA
2019-nCoV	6930	A	+T	16	12	23	1	0	20	0.0625	16	0.53125	FALSE	NA	NA	NA	NA	NA	NA
2019-nCoV	6937	T	C	30	16	24	1	1	27	0.0322581	31	0.508197	FALSE	NA	NA	NA	NA	NA	NA
2019-nCoV	6941	C	-T	31	15	24	1	0	20	0.0322581	31	0.516129	FALSE	NA	NA	NA	NA	NA	NA
2019-nCoV	6948	A	+T	21	16	23	1	0	20	0.047619	21	0.52381	FALSE	NA	NA	NA	NA	NA	NA
2019-nCoV	6954	T	+A	32	16	24	1	0	20	0.03125	32	0.515625	FALSE	NA	NA	NA	NA	NA	NA
2019-nCoV	6959	T	G	19	16	23	1	0	20	0.05	20	0.512821	FALSE	NA	NA	NA	NA	NA	NA
2019-nCoV	6959	T	+TG	19	16	23	1	0	20	0.05	20	0.512821	FALSE	NA	NA	NA	NA	NA	NA
2019-nCoV	6961	G	-T	21	16	23	4	0	20	0.181818	22	0.0775194	FALSE	NA	NA	NA	NA	NA	NA
2019-nCoV	6966	T	C	14	14	23	1	0	29	0.0666667	15	0.517241	FALSE	NA	NA	NA	NA	NA	NA
2019-nCoV	6970	A	-T	25	15	24	1	0	20	0.04	25	0.52	FALSE	NA	NA	NA	NA	NA	NA
2019-nCoV	6970	A	+T	25	15	24	1	0	20	0.04	25	0.52	FALSE	NA	NA	NA	NA	NA	NA
2019-nCoV	6972	T	+A	21	15	24	1	0	20	0.047619	21	0.52381	FALSE	NA	NA	NA	NA	NA	NA
2019-nCoV	6977	G	-T	25	17	24	1	0	20	0.04	25	0.52	FALSE	NA	NA	NA	NA	NA	NA
2019-nCoV	6990	C	+T	31	17	24	1	0	20	0.0322581	31	0.516129	FALSE	NA	NA	NA	NA	NA	NA
2019-nCoV	6996	T	+C	34	19	24	1	0	20	0.0294118	34	0.514706	FALSE	NA	NA	NA	NA	NA	NA
2019-nCoV	6997	C	+G	34	19	24	1	0	20	0.0294118	34	0.514706	FALSE	NA	NA	NA	NA	NA	NA
2019-nCoV	7010	G	+T	32	19	24	1	0	20	0.03125	32	0.515625	FALSE	NA	NA	NA	NA	NA	NA
2019-nCoV	7011	C	+T	34	19	23	1	0	20	0.0294118	34	0.514706	FALSE	NA	NA	NA	NA	NA	NA
2019-nCoV	7019	G	-T	18	7	23	1	0	20	0.0555556	18	0.527778	FALSE	NA	NA	NA	NA	NA	NA
2019-nCoV	7019	G	+T	18	7	23	2	0	20	0.111111	18	0.285285	FALSE	NA	NA	NA	NA	NA	NA
2019-nCoV	7032	A	+AT	10	8	22	1	0	20	0.1	10	0.55	FALSE	NA	NA	NA	NA	NA	NA
2019-nCoV	7037	G	A	14	4	22	1	1	26	0.0666667	15	0.517241	FALSE	NA	NA	NA	NA	NA	NA
2019-nCoV	7051	C	T	14	4	26	1	0	28	0.0666667	15	0.5	FALSE	NA	NA	NA	NA	NA	NA
2019-nCoV	7063	C	+A	33	12	24	1	0	20	0.030303	33	0.515152	FALSE	NA	NA	NA	NA	NA	NA
2019-nCoV	7073	T	+G	37	11	24	1	0	20	0.027027	37	0.513514	FALSE	NA	NA	NA	NA	NA	NA
2019-nCoV	7083	C	T	35	11	26	1	0	27	0.0277778	36	0.507042	FALSE	NA	NA	NA	NA	NA	NA
2019-nCoV	7087	T	-A	35	11	24	1	0	20	0.0285714	35	0.514286	FALSE	NA	NA	NA	NA	NA	NA
2019-nCoV	7106	T	+G	14	3	25	1	0	20	0.0714286	14	0.535714	FALSE	NA	NA	NA	NA	NA	NA
2019-nCoV	7113	C	T	9	3	25	4	0	27	0.307692	13	0.0565217	FALSE	NA	NA	NA	NA	NA	NA
2019-nCoV	7133	G	-T	14	3	25	1	0	20	0.0714286	14	0.535714	FALSE	NA	NA	NA	NA	NA	NA
2019-nCoV	7160	G	+C	31	3	24	1	0	20	0.0322581	31	0.516129	FALSE	NA	NA	NA	NA	NA	NA
2019-nCoV	7161	A	G	32	3	25	1	0	20	0.030303	33	0.507692	FALSE	NA	NA	NA	NA	NA	NA
2019-nCoV	7166	T	+C	28	4	24	1	0	20	0.0357143	28	0.517857	FALSE	NA	NA	NA	NA	NA	NA
2019-nCoV	7173	C	-T	24	6	23	2	0	20	0.0833333	24	0.276361	FALSE	NA	NA	NA	NA	NA	NA
2019-nCoV	7178	G	-A	24	4	23	1	0	20	0.0416667	24	0.520833	FALSE	NA	NA	NA	NA	NA	NA
2019-nCoV	7178	G	+T	24	4	23	1	0	20	0.0416667	24	0.520833	FALSE	NA	NA	NA	NA	NA	NA
2019-nCoV	7178	G	+C	24	4	23	1	0	20	0.0416667	24	0.520833	FALSE	NA	NA	NA	NA	NA	NA
2019-nCoV	7180	A	G	29	5	24	1	0	25	0.0333333	30	0.508475	FALSE	NA	NA	NA	NA	NA	NA
2019-nCoV	7187	C	-A	29	5	24	1	0	20	0.0344828	29	0.517241	FALSE	NA	NA	NA	NA	NA	NA
2019-nCoV	7196	A	-T	28	6	23	15	0	20	0.535714	28	2.1003e-4	TRUE	NA	NA	NA	NA	NA	NA
2019-nCoV	7199	T	C	13	6	23	1	0	20	0.0714286	14	0.518519	FALSE	NA	NA	NA	NA	NA	NA
2019-nCoV	7200	C	T	29	6	23	1	0	20	0.0333333	30	0.508475	FALSE	NA	NA	NA	NA	NA	NA
2019-nCoV	7203	C	-T	35	8	23	2	0	20	0.0571429	35	0.268008	FALSE	NA	NA	NA	NA	NA	NA
2019-nCoV	7207	T	-A	10	8	23	1	0	20	0.1	10	0.55	FALSE	NA	NA	NA	NA	NA	NA
2019-nCoV	7207	T	+TA	10	8	23	1	0	20	0.1	10	0.55	FALSE	NA	NA	NA	NA	NA	NA
2019-nCoV	7210	A	T	13	5	21	2	2	21	0.133333	15	0.258621	FALSE	NA	NA	NA	NA	NA	NA
2019-nCoV	7210	A	+T	13	5	21	1	0	20	0.0666667	15	0.5	FALSE	NA	NA	NA	NA	NA	NA
2019-nCoV	7211	T	+G	42	14	23	2	0	20	0.047619	42	0.264986	FALSE	NA	NA	NA	NA	NA	NA
2019-nCoV	7215	A	-T	41	14	23	3	0	20	0.0731707	41	0.138995	FALSE	NA	NA	NA	NA	NA	NA
2019-nCoV	7218	T	+TA	20	14	23	1	0	20	0.05	20	0.525	FALSE	NA	NA	NA	NA	NA	NA
2019-nCoV	7220	A	+T	31	14	22	5	0	20	0.16129	31	0.0421836	FALSE	NA	NA	NA	NA	NA	NA
2019-nCoV	7223	G	+T	44	16	24	1	0	20	0.0227273	44	0.511364	FALSE	NA	NA	NA	NA	NA	NA
2019-nCoV	7224	C	T	42	16	22	1	0	24	0.0232558	43	0.505882	FALSE	NA	NA	NA	NA	NA	NA
2019-nCoV	7224	C	-T	42	16	22	8	0	20	0.186047	43	0.00576787	TRUE	NA	NA	NA	NA	NA	NA
2019-nCoV	7225	T	C	21	1	22	1	0	23	0.0454545	22	0.44898	FALSE	NA	NA	NA	NA	NA	NA
2019-nCoV	7231	C	T	46	19	24	1	0	25	0.0212766	47	0.505376	FALSE	NA	NA	NA	NA	NA	NA
2019-nCoV	7231	C	-T	46	19	24	2	0	20	0.0425532	47	0.258065	FALSE	NA	NA	NA	NA	NA	NA
2019-nCoV	7231	C	+T	46	19	24	1	0	20	0.0212766	47	0.505376	FALSE	NA	NA	NA	NA	NA	NA
2019-nCoV	7233	T	C	40	22	23	1	0	26	0.0243902	41	0.506173	FALSE	NA	NA	NA	NA	NA	NA
2019-nCoV	7237	T	C	43	21	23	1	1	26	0.0227273	44	0.505747	FALSE	NA	NA	NA	NA	NA	NA
2019-nCoV	7244	T	C	41	14	24	1	0	26	0.0238095	42	0.506024	FALSE	NA	NA	NA	NA	NA	NA
2019-nCoV	7244	T	-G	41	14	24	1	0	20	0.0238095	42	0.506024	FALSE	NA	NA	NA	NA	NA	NA
2019-nCoV	7245	G	-GT	34	7	24	2	0	20	0.0571429	35	0.26087	FALSE	NA	NA	NA	NA	NA	NA
2019-nCoV	7246	G	-T	21	12	23	9	0	20	0.428571	21	0.00571045	TRUE	NA	NA	NA	NA	NA	NA
2019-nCoV	7248	T	C	37	13	23	1	0	27	0.0263158	38	0.506667	FALSE	NA	NA	NA	NA	NA	NA
2019-nCoV	7251	T	C	19	19	23	1	0	23	0.05	20	0.512821	FALSE	NA	NA	NA	NA	NA	NA
2019-nCoV	7256	T	C	45	22	24	2	0	30	0.0425532	47	0.252688	FALSE	NA	NA	NA	NA	NA	NA
2019-nCoV	7262	C	-T	52	26	24	9	0	20	0.173077	52	0.00315617	TRUE	NA	NA	NA	NA	NA	NA
2019-nCoV	7266	T	C	27	25	24	1	1	20	0.0357143	28	0.509091	FALSE	NA	NA	NA	NA	NA	NA
2019-nCoV	7267	C	A	50	23	23	1	1	20	0.0196078	51	0.50495	FALSE	NA	NA	NA	NA	NA	NA
2019-nCoV	7268	A	T	50	24	24	1	1	20	0.0188679	53	0.495146	FALSE	NA	NA	NA	NA	NA	NA
2019-nCoV	7268	A	G	50	24	24	1	0	25	0.0188679	53	0.495146	FALSE	NA	NA	NA	NA	NA	NA
2019-nCoV	7268	A	C	50	24	24	1	1	26	0.0188679	53	0.495146	FALSE	NA	NA	NA	NA	NA	NA
2019-nCoV	7268	A	+TG	50	24	24	1	0	20	0.0188679	53	0.495146	FALSE	NA	NA	NA	NA	NA	NA
2019-nCoV	7268	A	+T	50	24	24	2	0	20	0.0377358	53	0.247573	FALSE	NA	NA	NA	NA	NA	NA
2019-nCoV	7271	A	+C	52	24	23	1	0	20	0.0192308	52	0.509615	FALSE	NA	NA	NA	NA	NA	NA
2019-nCoV	7272	G	-GT	40	13	23	1	0	20	0.025	40	0.5125	FALSE	NA	NA	NA	NA	NA	NA
2019-nCoV	7273	G	-T	32	25	23	10	0	20	0.3125	32	0.00236823	TRUE	NA	NA	NA	NA	NA	NA
2019-nCoV	7280	T	C	51	24	24	1	1	25	0.0192308	52	0.504854	FALSE	NA	NA	NA	NA	NA	NA
2019-nCoV	7286	C	T	35	20	24	1	0	24	0.0277778	36	0.507042	FALSE	NA	NA	NA	NA	NA	NA
2019-nCoV	7288	T	+A	32	20	24	3	0	20	0.09375	32	0.143029	FALSE	NA	NA	NA	NA	NA	NA
2019-nCoV	7304	A	+T	40	22	24	1	0	20	0.025	40	0.5125	FALSE	NA	NA	NA	NA	NA	NA
2019-nCoV	7309	A	G	24	17	23	1	0	27	0.0357143	28	0.480769	FALSE	NA	NA	NA	NA	NA	NA
2019-nCoV	7309	A	C	24	17	23	3	1	24	0.107143	28	0.117925	FALSE	NA	NA	NA	NA	NA	NA
2019-nCoV	7310	T	A	26	6	24	1	1	20	0.037037	27	0.509434	FALSE	NA	NA	NA	NA	NA	NA
2019-nCoV	7311	T	G	28	19	24	1	0	25	0.0344828	29	0.508772	FALSE	NA	NA	NA	NA	NA	NA
2019-nCoV	7312	G	T	38	19	23	2	1	26	0.05	40	0.253165	FALSE	NA	NA	NA	NA	NA	NA
2019-nCoV	7312	G	-T	38	19	23	14	0	20	0.35	40	1.65602e-4	TRUE	NA	NA	NA	NA	NA	NA
2019-nCoV	7312	G	+T	38	19	23	1	0	20	0.025	40	0.5	FALSE	NA	NA	NA	NA	NA	NA
2019-nCoV	7313	T	G	12	1	24	1	1	21	0.0769231	13	0.40625	FALSE	NA	NA	NA	NA	NA	NA
2019-nCoV	7320	G	+C	37	19	24	1	0	20	0.027027	37	0.513514	FALSE	NA	NA	NA	NA	NA	NA
2019-nCoV	7323	A	-T	33	15	23	1	0	20	0.030303	33	0.515152	FALSE	NA	NA	NA	NA	NA	NA
2019-nCoV	7333	A	G	72	41	25	1	0	27	0.0136986	73	0.503448	FALSE	NA	NA	NA	NA	NA	NA
2019-nCoV	7335	A	-T	72	40	24	4	0	20	0.0555556	72	0.0687114	FALSE	NA	NA	NA	NA	NA	NA
2019-nCoV	7335	A	+T	72	40	24	2	0	20	0.0277778	72	0.258716	FALSE	NA	NA	NA	NA	NA	NA
2019-nCoV	7339	T	+TC	48	43	25	1	0	20	0.0208333	48	0.510417	FALSE	NA	NA	NA	NA	NA	NA
2019-nCoV	7340	A	T	74	40	24	1	0	20	0.0133333	75	0.503356	FALSE	NA	NA	NA	NA	NA	NA
2019-nCoV	7340	A	+T	74	40	24	1	0	20	0.0133333	75	0.503356	FALSE	NA	NA	NA	NA	NA	NA
2019-nCoV	7342	T	+TA	63	38	25	1	0	20	0.015873	63	0.507937	FALSE	NA	NA	NA	NA	NA	NA
2019-nCoV	7344	G	+T	69	37	26	1	0	20	0.0144928	69	0.507246	FALSE	NA	NA	NA	NA	NA	NA
2019-nCoV	7347	A	+T	60	41	24	1	0	20	0.0166667	60	0.508333	FALSE	NA	NA	NA	NA	NA	NA
2019-nCoV	7347	A	+AT	60	41	24	1	0	20	0.0166667	60	0.508333	FALSE	NA	NA	NA	NA	NA	NA
2019-nCoV	7350	C	+T	73	40	25	1	0	20	0.0136986	73	0.506849	FALSE	NA	NA	NA	NA	NA	NA
2019-nCoV	7355	C	+T	70	40	25	1	0	20	0.0142857	70	0.507143	FALSE	NA	NA	NA	NA	NA	NA
2019-nCoV	7357	T	A	52	36	24	1	0	27	0.0188679	53	0.504762	FALSE	NA	NA	NA	NA	NA	NA
2019-nCoV	7382	C	+A	34	17	24	1	0	20	0.0294118	34	0.514706	FALSE	NA	NA	NA	NA	NA	NA
2019-nCoV	7388	G	-C	21	14	23	2	0	20	0.0952381	21	0.280177	FALSE	NA	NA	NA	NA	NA	NA
2019-nCoV	7394	A	-T	28	16	24	1	0	20	0.0357143	28	0.517857	FALSE	NA	NA	NA	NA	NA	NA
2019-nCoV	7420	C	+T	32	19	24	1	0	20	0.03125	32	0.515625	FALSE	NA	NA	NA	NA	NA	NA
2019-nCoV	7421	T	C	25	11	23	1	1	26	0.0384615	26	0.509804	FALSE	NA	NA	NA	NA	NA	NA
2019-nCoV	7428	C	+G	156	80	25	1	0	20	0.00641026	156	0.753999	FALSE	NA	NA	NA	NA	NA	NA
2019-nCoV	7431	C	+T	149	79	24	1	0	20	0.00671141	149	0.754186	FALSE	NA	NA	NA	NA	NA	NA
2019-nCoV	7432	A	-T	149	79	24	8	0	20	0.0536913	149	0.0224947	FALSE	NA	NA	NA	NA	NA	NA
2019-nCoV	7432	A	+T	149	79	24	4	0	20	0.0268456	149	0.195963	FALSE	NA	NA	NA	NA	NA	NA
2019-nCoV	7435	T	-TA	162	80	24	1	0	20	0.00617284	162	0.753851	FALSE	NA	NA	NA	NA	NA	NA
2019-nCoV	7437	A	+T	151	76	23	1	0	20	0.00657895	152	0.752475	FALSE	NA	NA	NA	NA	NA	NA
2019-nCoV	7438	T	A	152	66	23	1	0	24	0.00653595	153	0.752459	FALSE	NA	NA	NA	NA	NA	NA
2019-nCoV	7442	G	T	163	79	25	1	1	27	0.00609756	164	0.752294	FALSE	NA	NA	NA	NA	NA	NA
2019-nCoV	7445	T	C	161	80	25	1	0	25	0.00617284	162	0.752322	FALSE	NA	NA	NA	NA	NA	NA
2019-nCoV	7445	T	+G	161	80	25	2	0	20	0.0123457	162	0.504644	FALSE	NA	NA	NA	NA	NA	NA
2019-nCoV	7445	T	+C	161	80	25	1	0	20	0.00617284	162	0.752322	FALSE	NA	NA	NA	NA	NA	NA
2019-nCoV	7447	G	-A	97	80	23	7	0	20	0.0721649	97	0.00930136	TRUE	NA	NA	NA	NA	NA	NA
2019-nCoV	7447	G	+A	97	80	23	1	0	20	0.0103093	97	0.505155	FALSE	NA	NA	NA	NA	NA	NA
2019-nCoV	7451	A	G	83	79	24	1	1	22	0.0119048	84	0.502994	FALSE	NA	NA	NA	NA	NA	NA
2019-nCoV	7452	G	T	154	79	23	1	0	23	0.00645161	155	0.752427	FALSE	NA	NA	NA	NA	NA	NA
2019-nCoV	7452	G	+T	154	79	23	4	0	20	0.0258065	155	0.193597	FALSE	NA	NA	NA	NA	NA	NA
2019-nCoV	7458	T	C	159	81	26	1	0	26	0.00625	160	0.752351	FALSE	NA	NA	NA	NA	NA	NA
2019-nCoV	7462	T	C	129	79	25	1	1	28	0.00769231	130	0.752896	FALSE	NA	NA	NA	NA	NA	NA
2019-nCoV	7463	G	+T	128	77	25	2	0	20	0.015625	128	0.508789	FALSE	NA	NA	NA	NA	NA	NA
2019-nCoV	7465	T	C	112	76	25	1	1	23	0.00884956	113	0.753333	FALSE	NA	NA	NA	NA	NA	NA
2019-nCoV	7470	A	-C	155	80	25	2	0	20	0.0129032	155	0.507258	FALSE	NA	NA	NA	NA	NA	NA
2019-nCoV	7470	A	+T	155	80	25	2	0	20	0.0129032	155	0.507258	FALSE	NA	NA	NA	NA	NA	NA
2019-nCoV	7477	T	+A	162	81	25	1	0	20	0.00617284	162	0.753851	FALSE	NA	NA	NA	NA	NA	NA
2019-nCoV	7480	T	C	132	60	23	1	0	20	0.0075188	133	0.749064	FALSE	NA	NA	NA	NA	NA	NA
2019-nCoV	7484	T	+TC	161	81	25	1	0	20	0.00621118	161	0.753875	FALSE	NA	NA	NA	NA	NA	NA
2019-nCoV	7485	C	-A	149	81	25	1	0	20	0.00671141	149	0.754186	FALSE	NA	NA	NA	NA	NA	NA
2019-nCoV	7487	A	-C	115	82	25	3	0	20	0.026087	115	0.323965	FALSE	NA	NA	NA	NA	NA	NA
2019-nCoV	7488	C	+T	140	79	24	4	0	20	0.027972	143	0.189697	FALSE	NA	NA	NA	NA	NA	NA
2019-nCoV	7492	T	G	152	78	25	1	1	21	0.00653595	153	0.752459	FALSE	NA	NA	NA	NA	NA	NA
2019-nCoV	7492	T	+A	152	78	25	1	0	20	0.00653595	153	0.752459	FALSE	NA	NA	NA	NA	NA	NA
2019-nCoV	7493	A	G	157	80	25	1	0	24	0.00632911	158	0.752381	FALSE	NA	NA	NA	NA	NA	NA
2019-nCoV	7497	T	C	152	82	25	1	0	28	0.00653595	153	0.752459	FALSE	NA	NA	NA	NA	NA	NA
2019-nCoV	7498	G	+T	152	80	25	1	0	20	0.00657895	152	0.754104	FALSE	NA	NA	NA	NA	NA	NA
2019-nCoV	7499	T	+C	152	79	25	1	0	20	0.00657895	152	0.754104	FALSE	NA	NA	NA	NA	NA	NA
2019-nCoV	7499	T	+A	152	79	25	1	0	20	0.00657895	152	0.754104	FALSE	NA	NA	NA	NA	NA	NA
2019-nCoV	7501	T	C	139	64	23	1	0	27	0.00714286	140	0.752688	FALSE	NA	NA	NA	NA	NA	NA
2019-nCoV	7502	T	C	126	79	24	1	1	27	0.00787402	127	0.752964	FALSE	NA	NA	NA	NA	NA	NA
2019-nCoV	7503	A	G	135	73	24	2	0	26	0.0145985	137	0.502757	FALSE	NA	NA	NA	NA	NA	NA
2019-nCoV	7504	C	-A	129	70	24	2	0	20	0.0155039	129	0.508721	FALSE	NA	NA	NA	NA	NA	NA
2019-nCoV	7507	A	C	95	73	24	1	0	24	0.0104167	96	0.502618	FALSE	NA	NA	NA	NA	NA	NA
2019-nCoV	7508	C	-G	138	74	24	1	0	20	0.00724638	138	0.754519	FALSE	NA	NA	NA	NA	NA	NA
2019-nCoV	7509	G	C	144	77	24	2	0	22	0.0136986	146	0.5	FALSE	NA	NA	NA	NA	NA	NA
2019-nCoV	7515	G	+C	152	79	25	1	0	20	0.00657895	152	0.754104	FALSE	NA	NA	NA	NA	NA	NA
2019-nCoV	7515	G	+A	152	79	25	1	0	20	0.00657895	152	0.754104	FALSE	NA	NA	NA	NA	NA	NA
2019-nCoV	7516	A	G	146	79	25	3	1	26	0.0201342	149	0.313765	FALSE	NA	NA	NA	NA	NA	NA
2019-nCoV	7521	C	+A	136	73	25	4	0	20	0.0294118	136	0.196779	FALSE	NA	NA	NA	NA	NA	NA
2019-nCoV	7522	A	G	115	45	24	1	0	27	0.00862069	116	0.751082	FALSE	NA	NA	NA	NA	NA	NA
2019-nCoV	7523	A	G	119	73	24	1	1	22	0.00833333	120	0.753138	FALSE	NA	NA	NA	NA	NA	NA
2019-nCoV	7524	G	+A	139	74	25	1	0	20	0.00719424	139	0.754487	FALSE	NA	NA	NA	NA	NA	NA
2019-nCoV	7525	A	G	141	74	25	1	0	28	0.00704225	142	0.75265	FALSE	NA	NA	NA	NA	NA	NA
2019-nCoV	7525	A	+C	141	74	25	1	0	20	0.00704225	142	0.75265	FALSE	NA	NA	NA	NA	NA	NA
2019-nCoV	7528	C	T	143	71	25	2	2	22	0.0137931	145	0.502604	FALSE	NA	NA	NA	NA	NA	NA
2019-nCoV	7528	C	+A	143	71	25	1	0	20	0.00689655	145	0.750871	FALSE	NA	NA	NA	NA	NA	NA
2019-nCoV	7532	T	C	141	74	25	3	0	22	0.0208333	144	0.313809	FALSE	NA	NA	NA	NA	NA	NA
2019-nCoV	7532	T	+C	141	74	25	1	0	20	0.00694444	144	0.749123	FALSE	NA	NA	NA	NA	NA	NA
2019-nCoV	7534	T	C	140	75	25	1	0	25	0.0070922	141	0.752669	FALSE	NA	NA	NA	NA	NA	NA
2019-nCoV	7534	T	+A	140	75	25	1	0	20	0.0070922	141	0.752669	FALSE	NA	NA	NA	NA	NA	NA
2019-nCoV	7536	C	G	135	73	24	1	1	27	0.00735294	136	0.752768	FALSE	NA	NA	NA	NA	NA	NA
2019-nCoV	7536	C	+A	135	73	24	1	0	20	0.00735294	136	0.752768	FALSE	NA	NA	NA	NA	NA	NA
2019-nCoV	7540	T	C	148	76	25	1	1	29	0.00671141	149	0.752525	FALSE	NA	NA	NA	NA	NA	NA
2019-nCoV	7541	A	+T	147	77	25	1	0	20	0.00680272	147	0.754243	FALSE	NA	NA	NA	NA	NA	NA
2019-nCoV	7543	T	C	134	80	24	1	0	20	0.00740741	135	0.752788	FALSE	NA	NA	NA	NA	NA	NA
2019-nCoV	7546	T	C	117	69	24	1	0	26	0.00847458	118	0.753191	FALSE	NA	NA	NA	NA	NA	NA
2019-nCoV	7546	T	-A	117	69	24	2	0	20	0.0169492	118	0.506383	FALSE	NA	NA	NA	NA	NA	NA
2019-nCoV	7548	A	-T	114	63	23	1	0	20	0.00877193	114	0.755468	FALSE	NA	NA	NA	NA	NA	NA
2019-nCoV	7549	T	+G	125	61	25	1	0	20	0.00793651	126	0.752988	FALSE	NA	NA	NA	NA	NA	NA
2019-nCoV	7557	G	-A	107	61	25	1	0	20	0.00934579	107	0.755825	FALSE	NA	NA	NA	NA	NA	NA
2019-nCoV	7559	A	G	72	55	24	1	1	21	0.0136986	73	0.503448	FALSE	NA	NA	NA	NA	NA	NA
2019-nCoV	7559	A	-G	72	55	24	1	0	20	0.0136986	73	0.503448	FALSE	NA	NA	NA	NA	NA	NA
2019-nCoV	7570	T	G	82	54	25	1	0	25	0.0117647	85	0.497006	FALSE	NA	NA	NA	NA	NA	NA
2019-nCoV	7570	T	C	82	54	25	2	1	22	0.0235294	85	0.248503	FALSE	NA	NA	NA	NA	NA	NA
2019-nCoV	7571	G	+T	92	53	24	1	0	20	0.0108696	92	0.505435	FALSE	NA	NA	NA	NA	NA	NA
2019-nCoV	7578	C	+T	109	56	25	1	0	20	0.00917431	109	0.755718	FALSE	NA	NA	NA	NA	NA	NA
2019-nCoV	7579	T	+G	110	58	24	1	0	20	0.00909091	110	0.755666	FALSE	NA	NA	NA	NA	NA	NA
2019-nCoV	7579	T	+A	110	58	24	1	0	20	0.00909091	110	0.755666	FALSE	NA	NA	NA	NA	NA	NA
2019-nCoV	7584	G	+A	85	56	23	1	0	20	0.0117647	85	0.505882	FALSE	NA	NA	NA	NA	NA	NA
2019-nCoV	7585	A	-G	100	55	24	3	0	20	0.03	100	0.321851	FALSE	NA	NA	NA	NA	NA	NA
2019-nCoV	7587	G	+T	79	60	24	1	0	20	0.0126582	79	0.506329	FALSE	NA	NA	NA	NA	NA	NA
2019-nCoV	7588	T	+A	100	58	23	1	0	20	0.01	100	0.753731	FALSE	NA	NA	NA	NA	NA	NA
2019-nCoV	7591	A	+C	64	57	24	1	0	20	0.015625	64	0.507813	FALSE	NA	NA	NA	NA	NA	NA
2019-nCoV	7593	G	C	75	59	24	1	0	23	0.0131579	76	0.503311	FALSE	NA	NA	NA	NA	NA	NA
2019-nCoV	7593	G	-CT	75	59	24	1	0	20	0.0131579	76	0.503311	FALSE	NA	NA	NA	NA	NA	NA
2019-nCoV	7594	C	-T	96	55	23	3	0	20	0.0309278	97	0.128896	FALSE	NA	NA	NA	NA	NA	NA
2019-nCoV	7597	T	+CGTGG	106	59	24	1	0	20	0.00943396	106	0.755879	FALSE	NA	NA	NA	NA	NA	NA
2019-nCoV	7598	T	+G	63	58	23	1	0	20	0.015873	63	0.507937	FALSE	NA	NA	NA	NA	NA	NA
2019-nCoV	7600	C	-A	181	105	24	2	0	20	0.0110497	181	0.506215	FALSE	NA	NA	NA	NA	NA	NA
2019-nCoV	7600	C	+A	181	105	24	5	0	20	0.0276243	181	0.115277	FALSE	NA	NA	NA	NA	NA	NA
2019-nCoV	7602	A	G	181	107	25	2	1	25	0.010929	183	0.50206	FALSE	NA	NA	NA	NA	NA	NA
2019-nCoV	7603	A	G	121	106	24	1	0	22	0.00819672	122	0.753086	FALSE	NA	NA	NA	NA	NA	NA
2019-nCoV	7604	C	+A	164	105	24	1	0	20	0.00609756	164	0.753804	FALSE	NA	NA	NA	NA	NA	NA
2019-nCoV	7605	T	+G	173	107	25	1	0	20	0.00578035	173	0.753606	FALSE	NA	NA	NA	NA	NA	NA
2019-nCoV	7608	A	T	182	112	25	1	1	27	0.00546448	183	0.752055	FALSE	NA	NA	NA	NA	NA	NA
2019-nCoV	7609	C	+G	180	111	24	1	0	20	0.00555556	180	0.753466	FALSE	NA	NA	NA	NA	NA	NA
2019-nCoV	7609	C	+A	180	111	24	3	0	20	0.0166667	180	0.319813	FALSE	NA	NA	NA	NA	NA	NA
2019-nCoV	7610	A	G	161	87	23	1	1	20	0.00617284	162	0.752322	FALSE	NA	NA	NA	NA	NA	NA
2019-nCoV	7611	A	+GT	142	109	25	1	0	20	0.00704225	142	0.754392	FALSE	NA	NA	NA	NA	NA	NA
2019-nCoV	7612	T	C	155	81	23	1	0	24	0.00641026	156	0.752412	FALSE	NA	NA	NA	NA	NA	NA
2019-nCoV	7613	T	+TG	150	108	24	1	0	20	0.00666667	150	0.754158	FALSE	NA	NA	NA	NA	NA	NA
2019-nCoV	7615	G	-A	146	106	24	1	0	20	0.00684932	146	0.754272	FALSE	NA	NA	NA	NA	NA	NA
2019-nCoV	7615	G	+A	146	106	24	1	0	20	0.00684932	146	0.754272	FALSE	NA	NA	NA	NA	NA	NA
2019-nCoV	7617	A	+T	158	109	24	2	0	20	0.0126582	158	0.50712	FALSE	NA	NA	NA	NA	NA	NA
2019-nCoV	7619	T	+G	154	107	24	3	0	20	0.0194805	154	0.321052	FALSE	NA	NA	NA	NA	NA	NA
2019-nCoV	7620	G	A	176	102	25	2	1	27	0.011236	178	0.502119	FALSE	NA	NA	NA	NA	NA	NA
2019-nCoV	7620	G	+T	176	102	25	1	0	20	0.00561798	178	0.750708	FALSE	NA	NA	NA	NA	NA	NA
2019-nCoV	7622	G	+T	173	99	25	4	0	20	0.0231214	173	0.19478	FALSE	NA	NA	NA	NA	NA	NA
2019-nCoV	7623	T	C	157	78	23	2	1	24	0.0125786	159	0.502373	FALSE	NA	NA	NA	NA	NA	NA
2019-nCoV	7624	T	+TA	144	102	24	1	0	20	0.00694444	144	0.754331	FALSE	NA	NA	NA	NA	NA	NA
2019-nCoV	7626	A	-T	138	95	23	7	0	20	0.0507246	138	0.0396778	FALSE	NA	NA	NA	NA	NA	NA
2019-nCoV	7629	G	+T	181	103	24	1	0	20	0.00552486	181	0.753447	FALSE	NA	NA	NA	NA	NA	NA
2019-nCoV	7632	A	+T	198	114	25	1	0	20	0.00505051	198	0.753152	FALSE	NA	NA	NA	NA	NA	NA
2019-nCoV	7632	A	+C	198	114	25	1	0	20	0.00505051	198	0.753152	FALSE	NA	NA	NA	NA	NA	NA
2019-nCoV	7634	A	+T	193	111	25	1	0	20	0.00518135	193	0.753233	FALSE	NA	NA	NA	NA	NA	NA
2019-nCoV	7636	A	-T	191	112	25	1	0	20	0.0052356	191	0.753267	FALSE	NA	NA	NA	NA	NA	NA
2019-nCoV	7636	A	+T	191	112	25	1	0	20	0.0052356	191	0.753267	FALSE	NA	NA	NA	NA	NA	NA
2019-nCoV	7639	C	+G	186	110	25	1	0	20	0.00537634	186	0.753355	FALSE	NA	NA	NA	NA	NA	NA
2019-nCoV	7641	G	+T	188	110	25	1	0	20	0.00531915	188	0.753319	FALSE	NA	NA	NA	NA	NA	NA
2019-nCoV	7645	T	A	87	49	25	1	1	32	0.0113636	88	0.502857	FALSE	NA	NA	NA	NA	NA	NA
2019-nCoV	7645	T	+A	87	49	25	1	0	20	0.0113636	88	0.502857	FALSE	NA	NA	NA	NA	NA	NA
2019-nCoV	7650	G	+T	88	50	25	1	0	20	0.0113636	88	0.505682	FALSE	NA	NA	NA	NA	NA	NA
2019-nCoV	7652	A	+G	84	49	25	1	0	20	0.0119048	84	0.505952	FALSE	NA	NA	NA	NA	NA	NA
2019-nCoV	7654	A	-T	83	50	25	2	0	20	0.0240964	83	0.257557	FALSE	NA	NA	NA	NA	NA	NA
2019-nCoV	7654	A	+T	83	50	25	8	0	20	0.0963855	83	0.00503306	TRUE	NA	NA	NA	NA	NA	NA
2019-nCoV	7655	T	C	61	30	23	1	0	25	0.016129	62	0.496	FALSE	NA	NA	NA	NA	NA	NA
2019-nCoV	7659	T	C	75	40	23	1	1	27	0.0131579	76	0.503311	FALSE	NA	NA	NA	NA	NA	NA
2019-nCoV	7661	A	G	85	51	25	1	0	28	0.0116279	86	0.502924	FALSE	NA	NA	NA	NA	NA	NA
2019-nCoV	7664	G	A	82	49	25	1	1	21	0.0120482	83	0.50303	FALSE	NA	NA	NA	NA	NA	NA
2019-nCoV	7666	T	C	81	50	25	1	0	23	0.0121951	82	0.503067	FALSE	NA	NA	NA	NA	NA	NA
2019-nCoV	7667	G	+A	79	50	25	1	0	20	0.0126582	79	0.506329	FALSE	NA	NA	NA	NA	NA	NA
2019-nCoV	7670	G	A	74	46	25	1	1	27	0.0133333	75	0.503356	FALSE	NA	NA	NA	NA	NA	NA
2019-nCoV	7681	C	+T	82	47	24	2	0	20	0.0243902	82	0.25765	FALSE	NA	NA	NA	NA	NA	NA
2019-nCoV	7683	T	C	64	44	24	1	0	26	0.0153846	65	0.503876	FALSE	NA	NA	NA	NA	NA	NA
2019-nCoV	7692	A	G	227	149	24	1	0	24	0.00438596	228	0.876647	FALSE	NA	NA	NA	NA	NA	NA
2019-nCoV	7692	A	+G	227	149	24	1	0	20	0.00438596	228	0.876647	FALSE	NA	NA	NA	NA	NA	NA
2019-nCoV	7693	G	-T	223	148	24	1	0	20	0.0044843	223	0.877513	FALSE	NA	NA	NA	NA	NA	NA
2019-nCoV	7693	G	+T	223	148	24	5	0	20	0.0224215	223	0.23583200000000001	FALSE	NA	NA	NA	NA	NA	NA
2019-nCoV	7693	G	+GT	223	148	24	1	0	20	0.0044843	223	0.877513	FALSE	NA	NA	NA	NA	NA	NA
2019-nCoV	7694	T	+AT	106	28	24	1	0	20	0.00934579	107	0.753521	FALSE	NA	NA	NA	NA	NA	NA
2019-nCoV	7696	T	C	163	141	23	1	0	23	0.00609756	164	0.752294	FALSE	NA	NA	NA	NA	NA	NA
2019-nCoV	7696	T	-A	163	141	23	5	0	20	0.0304878	164	0.114438	FALSE	NA	NA	NA	NA	NA	NA
2019-nCoV	7697	A	T	80	12	23	1	1	20	0.0123457	81	0.496933	FALSE	NA	NA	NA	NA	NA	NA
2019-nCoV	7700	A	G	146	137	23	2	1	25	0.0135135	148	0.502551	FALSE	NA	NA	NA	NA	NA	NA
2019-nCoV	7700	A	+AG	146	137	23	1	0	20	0.00675676	148	0.750853	FALSE	NA	NA	NA	NA	NA	NA
2019-nCoV	7701	G	A	190	128	23	1	0	23	0.0052356	191	0.751969	FALSE	NA	NA	NA	NA	NA	NA
2019-nCoV	7701	G	+A	190	128	23	1	0	20	0.0052356	191	0.751969	FALSE	NA	NA	NA	NA	NA	NA
2019-nCoV	7704	C	+A	183	141	24	2	0	20	0.010929	183	0.506147	FALSE	NA	NA	NA	NA	NA	NA
2019-nCoV	7705	A	G	149	81	23	2	2	22	0.013245	151	0.5025	FALSE	NA	NA	NA	NA	NA	NA
2019-nCoV	7707	T	-A	203	145	24	8	0	20	0.0392157	204	0.0595552	FALSE	NA	NA	NA	NA	NA	NA
2019-nCoV	7707	T	+A	203	145	24	5	0	20	0.0245098	204	0.234674	FALSE	NA	NA	NA	NA	NA	NA
2019-nCoV	7711	T	+A	213	144	24	1	0	20	0.00469484	213	0.87763	FALSE	NA	NA	NA	NA	NA	NA
2019-nCoV	7714	T	+A	222	149	25	2	0	20	0.00900901	222	0.693398	FALSE	NA	NA	NA	NA	NA	NA
2019-nCoV	7715	A	G	230	156	25	1	1	23	0.004329	231	0.876625	FALSE	NA	NA	NA	NA	NA	NA
2019-nCoV	7716	C	T	228	154	25	1	1	22	0.00436681	229	0.876639	FALSE	NA	NA	NA	NA	NA	NA
2019-nCoV	7717	T	C	227	150	25	1	1	28	0.00438596	228	0.876647	FALSE	NA	NA	NA	NA	NA	NA
2019-nCoV	7717	T	+C	227	150	25	1	0	20	0.00438596	228	0.876647	FALSE	NA	NA	NA	NA	NA	NA
2019-nCoV	7717	T	+A	227	150	25	1	0	20	0.00438596	228	0.876647	FALSE	NA	NA	NA	NA	NA	NA
2019-nCoV	7719	A	+T	222	144	25	2	0	20	0.00900901	222	0.693398	FALSE	NA	NA	NA	NA	NA	NA
2019-nCoV	7724	T	+A	218	146	25	1	0	20	0.00458716	218	0.87757	FALSE	NA	NA	NA	NA	NA	NA
2019-nCoV	7725	C	+T	209	142	25	1	0	20	0.00478469	209	0.877681	FALSE	NA	NA	NA	NA	NA	NA
2019-nCoV	7726	T	C	177	106	23	1	1	28	0.00561798	178	0.752113	FALSE	NA	NA	NA	NA	NA	NA
2019-nCoV	7727	T	C	212	159	24	1	0	24	0.00469484	213	0.876763	FALSE	NA	NA	NA	NA	NA	NA
2019-nCoV	7729	T	C	173	100	23	1	1	28	0.00574713	174	0.752161	FALSE	NA	NA	NA	NA	NA	NA
2019-nCoV	7731	A	+C	199	127	25	1	0	20	0.00502513	199	0.753136	FALSE	NA	NA	NA	NA	NA	NA
2019-nCoV	7732	C	T	195	124	25	1	1	31	0.00510204	196	0.501279	FALSE	NA	NA	NA	NA	NA	NA
2019-nCoV	7733	A	-T	190	124	25	9	0	20	0.0473684	190	0.0123169	FALSE	NA	NA	NA	NA	NA	NA
2019-nCoV	7734	T	+C	188	121	25	1	0	20	0.00492611	203	0.863105	FALSE	NA	NA	NA	NA	NA	NA
2019-nCoV	7736	G	A	216	147	25	1	1	23	0.00460829	217	0.87673	FALSE	NA	NA	NA	NA	NA	NA
2019-nCoV	7736	G	+T	216	147	25	3	0	20	0.0138249	217	0.506495	FALSE	NA	NA	NA	NA	NA	NA
2019-nCoV	7737	T	C	177	105	23	1	1	28	0.00561798	178	0.752113	FALSE	NA	NA	NA	NA	NA	NA
2019-nCoV	7739	G	+A	224	156	25	1	0	20	0.00446429	224	0.877502	FALSE	NA	NA	NA	NA	NA	NA
2019-nCoV	7742	A	T	217	149	25	1	1	26	0.00458716	218	0.876722	FALSE	NA	NA	NA	NA	NA	NA
2019-nCoV	7742	A	-G	217	149	25	1	0	20	0.00458716	218	0.876722	FALSE	NA	NA	NA	NA	NA	NA
2019-nCoV	7745	G	A	224	155	25	1	0	27	0.00444444	225	0.876669	FALSE	NA	NA	NA	NA	NA	NA
2019-nCoV	7745	G	+T	224	155	25	1	0	20	0.00444444	225	0.876669	FALSE	NA	NA	NA	NA	NA	NA
2019-nCoV	7746	T	C	187	113	23	1	1	20	0.00531915	188	0.752	FALSE	NA	NA	NA	NA	NA	NA
2019-nCoV	7748	A	G	221	152	25	2	1	21	0.00896861	223	0.690035	FALSE	NA	NA	NA	NA	NA	NA
2019-nCoV	7750	A	G	220	150	25	1	1	20	0.00452489	221	0.87585	FALSE	NA	NA	NA	NA	NA	NA
2019-nCoV	7752	T	C	222	155	25	2	2	27	0.00892857	224	0.690023	FALSE	NA	NA	NA	NA	NA	NA
2019-nCoV	7752	T	+G	222	155	25	1	0	20	0.00446429	224	0.875843	FALSE	NA	NA	NA	NA	NA	NA
2019-nCoV	7755	A	G	119	94	24	3	3	21	0.0245902	122	0.314046	FALSE	NA	NA	NA	NA	NA	NA
2019-nCoV	7762	T	C	77	45	23	1	1	27	0.0128205	78	0.503226	FALSE	NA	NA	NA	NA	NA	NA
2019-nCoV	7766	A	+T	127	99	24	1	0	20	0.00787402	127	0.75491	FALSE	NA	NA	NA	NA	NA	NA
2019-nCoV	7767	T	-C	132	105	24	1	0	20	0.00757576	132	0.754724	FALSE	NA	NA	NA	NA	NA	NA
2019-nCoV	7772	C	-T	124	93	24	4	0	20	0.0322581	124	0.197686	FALSE	NA	NA	NA	NA	NA	NA
2019-nCoV	7772	C	+T	124	93	24	1	0	20	0.00806452	124	0.755028	FALSE	NA	NA	NA	NA	NA	NA
2019-nCoV	7773	T	C	50	22	23	1	1	25	0.0196078	51	0.5	FALSE	NA	NA	NA	NA	NA	NA
2019-nCoV	7776	A	-C	122	96	24	2	0	20	0.0163934	122	0.509221	FALSE	NA	NA	NA	NA	NA	NA
2019-nCoV	7777	C	-T	125	99	24	1	0	20	0.008	125	0.754988	FALSE	NA	NA	NA	NA	NA	NA
2019-nCoV	7780	T	C	110	106	25	1	1	23	0.00900901	111	0.753394	FALSE	NA	NA	NA	NA	NA	NA
2019-nCoV	7783	T	-A	137	107	25	2	0	20	0.0145985	137	0.508211	FALSE	NA	NA	NA	NA	NA	NA
2019-nCoV	7783	T	+A	137	107	25	1	0	20	0.00729927	137	0.754552	FALSE	NA	NA	NA	NA	NA	NA
2019-nCoV	7784	A	G	88	58	22	1	1	25	0.011236	89	0.5	FALSE	NA	NA	NA	NA	NA	NA
2019-nCoV	7785	A	G	135	106	26	10	6	25	0.0689655	145	0.00530794	TRUE	NA	NA	NA	NA	NA	NA
2019-nCoV	7786	A	G	113	108	25	3	1	23	0.0258621	116	0.314127	FALSE	NA	NA	NA	NA	NA	NA
2019-nCoV	7791	G	A	118	111	25	1	1	28	0.00840336	119	0.753165	FALSE	NA	NA	NA	NA	NA	NA
2019-nCoV	7793	C	-A	128	108	24	11	0	20	0.0859375	128	0.00422276	TRUE	NA	NA	NA	NA	NA	NA
2019-nCoV	7797	A	+G	111	109	25	1	0	20	0.00900901	111	0.755615	FALSE	NA	NA	NA	NA	NA	NA
2019-nCoV	7800	C	-T	132	106	25	1	0	20	0.00757576	132	0.754724	FALSE	NA	NA	NA	NA	NA	NA
2019-nCoV	7802	T	C	123	111	25	1	1	28	0.00806452	124	0.753036	FALSE	NA	NA	NA	NA	NA	NA
2019-nCoV	7802	T	+A	123	111	25	1	0	20	0.00806452	124	0.753036	FALSE	NA	NA	NA	NA	NA	NA
2019-nCoV	7805	G	-A	125	100	24	3	0	20	0.024	125	0.323044	FALSE	NA	NA	NA	NA	NA	NA
2019-nCoV	7805	G	+A	125	100	24	2	0	20	0.016	125	0.509	FALSE	NA	NA	NA	NA	NA	NA
2019-nCoV	7811	C	-A	125	102	25	1	0	20	0.008	125	0.754988	FALSE	NA	NA	NA	NA	NA	NA
2019-nCoV	7813	T	+TC	153	97	23	1	0	20	0.00653595	153	0.754077	FALSE	NA	NA	NA	NA	NA	NA
2019-nCoV	7814	T	C	159	129	24	1	1	21	0.00625	160	0.752351	FALSE	NA	NA	NA	NA	NA	NA
2019-nCoV	7814	T	+TC	159	129	24	1	0	20	0.00625	160	0.752351	FALSE	NA	NA	NA	NA	NA	NA
2019-nCoV	7814	T	+C	159	129	24	1	0	20	0.00625	160	0.752351	FALSE	NA	NA	NA	NA	NA	NA
2019-nCoV	7815	C	+T	180	125	24	1	0	20	0.00555556	180	0.753466	FALSE	NA	NA	NA	NA	NA	NA
2019-nCoV	7816	T	C	177	123	24	1	1	28	0.00561798	178	0.752113	FALSE	NA	NA	NA	NA	NA	NA
2019-nCoV	7816	T	+A	177	123	24	1	0	20	0.00561798	178	0.752113	FALSE	NA	NA	NA	NA	NA	NA
2019-nCoV	7819	C	+T	186	134	24	1	0	20	0.00537634	186	0.753355	FALSE	NA	NA	NA	NA	NA	NA
2019-nCoV	7821	C	+T	185	135	25	1	0	20	0.00540541	185	0.753373	FALSE	NA	NA	NA	NA	NA	NA
2019-nCoV	7822	T	+A	180	132	25	4	0	20	0.0222222	180	0.194495	FALSE	NA	NA	NA	NA	NA	NA
2019-nCoV	7823	C	+A	180	133	24	1	0	20	0.00555556	180	0.753466	FALSE	NA	NA	NA	NA	NA	NA
2019-nCoV	7824	A	-T	175	130	24	13	0	20	0.0742857	175	0.00121668	TRUE	NA	NA	NA	NA	NA	NA
2019-nCoV	7824	A	+T	175	130	24	3	0	20	0.0171429	175	0.320023	FALSE	NA	NA	NA	NA	NA	NA
2019-nCoV	7829	G	-T	169	134	24	1	0	20	0.00591716	169	0.753692	FALSE	NA	NA	NA	NA	NA	NA
2019-nCoV	7829	G	+T	169	134	24	1	0	20	0.00591716	169	0.753692	FALSE	NA	NA	NA	NA	NA	NA
2019-nCoV	7831	T	G	164	134	25	1	1	27	0.00606061	165	0.75228	FALSE	NA	NA	NA	NA	NA	NA
2019-nCoV	7831	T	+A	164	134	25	2	0	20	0.0121212	165	0.504559	FALSE	NA	NA	NA	NA	NA	NA
2019-nCoV	7832	A	G	142	92	23	1	0	20	0.00699301	143	0.752632	FALSE	NA	NA	NA	NA	NA	NA
2019-nCoV	7833	A	+T	164	133	24	1	0	20	0.00609756	164	0.753804	FALSE	NA	NA	NA	NA	NA	NA
2019-nCoV	7834	C	+T	183	133	24	1	0	20	0.00546448	183	0.75341	FALSE	NA	NA	NA	NA	NA	NA
2019-nCoV	7837	A	G	181	133	25	3	3	22	0.0163043	184	0.313523	FALSE	NA	NA	NA	NA	NA	NA
2019-nCoV	7839	A	G	189	140	25	2	2	27	0.0104712	191	0.501974	FALSE	NA	NA	NA	NA	NA	NA
2019-nCoV	7840	C	-A	185	137	24	2	0	20	0.0108108	185	0.506081	FALSE	NA	NA	NA	NA	NA	NA
2019-nCoV	7841	A	T	174	129	24	1	1	26	0.00568182	176	0.74786300000000006	FALSE	NA	NA	NA	NA	NA	NA
2019-nCoV	7841	A	G	174	129	24	1	0	26	0.00568182	176	0.74786300000000006	FALSE	NA	NA	NA	NA	NA	NA
2019-nCoV	7841	A	+G	174	129	24	1	0	20	0.00561798	178	0.74786300000000006	FALSE	NA	NA	NA	NA	NA	NA
2019-nCoV	7842	A	G	3	2	22	173	127	24	0.982955	176	8.11103e-97	TRUE	NA	NA	NA	NA	NA	NA
2019-nCoV	7843	C	T	136	84	23	1	1	30	0.00724638	138	0.5	FALSE	NA	NA	NA	NA	NA	NA
2019-nCoV	7843	C	G	136	84	23	1	1	20	0.00724638	138	0.750916	FALSE	NA	NA	NA	NA	NA	NA
2019-nCoV	7844	C	T	158	137	25	1	1	23	0.00628931	159	0.752366	FALSE	NA	NA	NA	NA	NA	NA
2019-nCoV	7845	T	C	184	139	25	1	1	27	0.00540541	185	0.752033	FALSE	NA	NA	NA	NA	NA	NA
2019-nCoV	7845	T	+G	184	139	25	1	0	20	0.00540541	185	0.752033	FALSE	NA	NA	NA	NA	NA	NA
2019-nCoV	7845	T	+C	184	139	25	2	0	20	0.0108108	185	0.504065	FALSE	NA	NA	NA	NA	NA	NA
2019-nCoV	7846	G	A	176	134	25	1	0	23	0.00564972	177	0.752125	FALSE	NA	NA	NA	NA	NA	NA
2019-nCoV	7846	G	+A	176	134	25	1	0	20	0.00564972	177	0.752125	FALSE	NA	NA	NA	NA	NA	NA
2019-nCoV	7848	G	+A	177	133	25	2	0	20	0.0112994	177	0.506356	FALSE	NA	NA	NA	NA	NA	NA
2019-nCoV	7849	A	G	181	134	25	1	1	26	0.00549451	182	0.752066	FALSE	NA	NA	NA	NA	NA	NA
2019-nCoV	7852	T	+A	162	129	24	4	0	20	0.0246914	162	0.195278	FALSE	NA	NA	NA	NA	NA	NA
2019-nCoV	7854	A	+T	156	132	24	1	0	20	0.00641026	156	0.753999	FALSE	NA	NA	NA	NA	NA	NA
2019-nCoV	7855	T	+A	171	130	24	1	0	20	0.00584795	171	0.753649	FALSE	NA	NA	NA	NA	NA	NA
2019-nCoV	7857	A	G	157	136	24	1	1	23	0.00632911	158	0.752381	FALSE	NA	NA	NA	NA	NA	NA
2019-nCoV	7857	A	+C	157	136	24	1	0	20	0.00632911	158	0.752381	FALSE	NA	NA	NA	NA	NA	NA
2019-nCoV	7858	C	T	179	134	24	1	1	28	0.00555556	180	0.752089	FALSE	NA	NA	NA	NA	NA	NA
2019-nCoV	7859	A	G	185	137	25	1	1	25	0.00537634	186	0.752022	FALSE	NA	NA	NA	NA	NA	NA
2019-nCoV	7860	C	+T	181	138	24	1	0	20	0.00552486	181	0.753447	FALSE	NA	NA	NA	NA	NA	NA
2019-nCoV	7861	T	-A	179	136	24	2	0	20	0.0111732	179	0.506285	FALSE	NA	NA	NA	NA	NA	NA
2019-nCoV	7861	T	+A	179	136	24	4	0	20	0.0223464	179	0.194534	FALSE	NA	NA	NA	NA	NA	NA
2019-nCoV	7863	A	G	192	142	25	1	1	30	0.00518135	193	0.501299	FALSE	NA	NA	NA	NA	NA	NA
2019-nCoV	7864	A	G	158	143	24	1	0	23	0.00628931	159	0.752366	FALSE	NA	NA	NA	NA	NA	NA
2019-nCoV	7864	A	+G	158	143	24	2	0	20	0.0125786	159	0.504732	FALSE	NA	NA	NA	NA	NA	NA
2019-nCoV	7864	A	+C	158	143	24	1	0	20	0.00628931	159	0.752366	FALSE	NA	NA	NA	NA	NA	NA
2019-nCoV	7864	A	+AG	158	143	24	2	0	20	0.0125786	159	0.504732	FALSE	NA	NA	NA	NA	NA	NA
2019-nCoV	7866	G	T	168	139	24	1	0	25	0.00591716	169	0.752226	FALSE	NA	NA	NA	NA	NA	NA
2019-nCoV	7866	G	+T	168	139	24	3	0	20	0.0177515	169	0.318072	FALSE	NA	NA	NA	NA	NA	NA
2019-nCoV	7866	G	+A	168	139	24	1	0	20	0.00591716	169	0.752226	FALSE	NA	NA	NA	NA	NA	NA
2019-nCoV	7868	T	-C	159	137	24	1	0	20	0.00628931	159	0.753923	FALSE	NA	NA	NA	NA	NA	NA
2019-nCoV	7870	A	G	158	113	23	1	1	20	0.00628931	159	0.752366	FALSE	NA	NA	NA	NA	NA	NA
2019-nCoV	7870	A	+T	158	113	23	1	0	20	0.00628931	159	0.752366	FALSE	NA	NA	NA	NA	NA	NA
2019-nCoV	7872	T	+TCG	145	124	23	1	0	20	0.00689655	145	0.754301	FALSE	NA	NA	NA	NA	NA	NA
2019-nCoV	7873	G	A	160	118	22	1	1	26	0.00621118	161	0.752336	FALSE	NA	NA	NA	NA	NA	NA
2019-nCoV	7873	G	-C	160	118	22	2	0	20	0.0124224	161	0.504673	FALSE	NA	NA	NA	NA	NA	NA
2019-nCoV	7873	G	+T	160	118	22	1	0	20	0.00621118	161	0.752336	FALSE	NA	NA	NA	NA	NA	NA
2019-nCoV	7874	C	T	96	53	22	1	1	20	0.0103093	97	0.497436	FALSE	NA	NA	NA	NA	NA	NA
2019-nCoV	7875	C	+T	142	118	22	5	0	20	0.0352113	142	0.116924	FALSE	NA	NA	NA	NA	NA	NA
2019-nCoV	7877	A	T	139	99	23	1	1	21	0.00714286	140	0.752688	FALSE	NA	NA	NA	NA	NA	NA
2019-nCoV	7877	A	+T	139	99	23	3	0	20	0.0214286	140	0.319232	FALSE	NA	NA	NA	NA	NA	NA
2019-nCoV	7879	T	C	133	111	23	1	1	20	0.00746269	134	0.752809	FALSE	NA	NA	NA	NA	NA	NA
2019-nCoV	7879	T	-A	133	111	23	4	0	20	0.0298507	134	0.194562	FALSE	NA	NA	NA	NA	NA	NA
2019-nCoV	7879	T	+C	133	111	23	1	0	20	0.00746269	134	0.752809	FALSE	NA	NA	NA	NA	NA	NA
2019-nCoV	7881	A	+T	135	111	23	1	0	20	0.00740741	135	0.754619	FALSE	NA	NA	NA	NA	NA	NA
2019-nCoV	7883	G	-T	157	116	23	2	0	20	0.0127389	157	0.507165	FALSE	NA	NA	NA	NA	NA	NA
2019-nCoV	7883	G	+T	157	116	23	1	0	20	0.00636943	157	0.753973	FALSE	NA	NA	NA	NA	NA	NA
2019-nCoV	7884	T	C	111	67	22	4	3	24	0.0347826	115	0.184753	FALSE	NA	NA	NA	NA	NA	NA
2019-nCoV	7885	T	C	162	133	23	1	1	27	0.00613497	163	0.752308	FALSE	NA	NA	NA	NA	NA	NA
2019-nCoV	7886	A	+C	164	120	23	1	0	20	0.00609756	164	0.753804	FALSE	NA	NA	NA	NA	NA	NA
2019-nCoV	7888	A	G	155	111	23	1	1	20	0.00641026	156	0.752412	FALSE	NA	NA	NA	NA	NA	NA
2019-nCoV	7888	A	-G	155	111	23	1	0	20	0.00641026	156	0.752412	FALSE	NA	NA	NA	NA	NA	NA
2019-nCoV	7889	G	A	150	106	22	1	1	20	0.00662252	151	0.752492	FALSE	NA	NA	NA	NA	NA	NA
2019-nCoV	7889	G	-TTT	150	106	22	4	0	20	0.0264901	151	0.19376	FALSE	NA	NA	NA	NA	NA	NA
2019-nCoV	7889	G	-TT	150	106	22	9	0	20	0.0596026	151	0.0124236	FALSE	NA	NA	NA	NA	NA	NA
2019-nCoV	7889	G	-T	150	106	22	60	0	20	0.397351	151	4.4119e-15	TRUE	NA	NA	NA	NA	NA	NA
2019-nCoV	7889	G	+T	150	106	22	1	0	20	0.00662252	151	0.752492	FALSE	NA	NA	NA	NA	NA	NA
2019-nCoV	7891	T	C	95	51	22	1	1	20	0.0104167	96	0.502618	FALSE	NA	NA	NA	NA	NA	NA
2019-nCoV	7892	T	C	152	108	23	1	0	22	0.00653595	153	0.752459	FALSE	NA	NA	NA	NA	NA	NA
2019-nCoV	7894	T	G	93	93	21	1	1	20	0.0106383	94	0.502674	FALSE	NA	NA	NA	NA	NA	NA
2019-nCoV	7895	G	C	134	93	21	1	1	20	0.00740741	135	0.752788	FALSE	NA	NA	NA	NA	NA	NA
2019-nCoV	7896	A	+G	128	88	22	1	0	20	0.0078125	128	0.754871	FALSE	NA	NA	NA	NA	NA	NA
2019-nCoV	7897	T	C	150	109	23	1	1	22	0.00662252	151	0.752492	FALSE	NA	NA	NA	NA	NA	NA
2019-nCoV	7897	T	+G	150	109	23	1	0	20	0.00662252	151	0.752492	FALSE	NA	NA	NA	NA	NA	NA
2019-nCoV	7900	T	-A	175	138	23	6	0	20	0.0342857	175	0.067284	FALSE	NA	NA	NA	NA	NA	NA
2019-nCoV	7900	T	+A	175	138	23	1	0	20	0.00571429	175	0.753565	FALSE	NA	NA	NA	NA	NA	NA
2019-nCoV	7904	T	-C	179	145	23	1	0	20	0.00558659	179	0.753486	FALSE	NA	NA	NA	NA	NA	NA
2019-nCoV	7905	C	-A	177	143	23	10	0	20	0.0564972	177	0.00698978	TRUE	NA	NA	NA	NA	NA	NA
2019-nCoV	7905	C	+A	177	143	23	9	0	20	0.0508475	177	0.0124382	FALSE	NA	NA	NA	NA	NA	NA
2019-nCoV	7910	T	+G	169	138	23	1	0	20	0.00591716	169	0.753692	FALSE	NA	NA	NA	NA	NA	NA
2019-nCoV	7911	G	+A	170	136	24	2	0	20	0.0117647	170	0.506618	FALSE	NA	NA	NA	NA	NA	NA
2019-nCoV	7912	T	C	179	143	24	1	1	23	0.00555556	180	0.752089	FALSE	NA	NA	NA	NA	NA	NA
2019-nCoV	7912	T	+G	179	143	24	2	0	20	0.0111111	180	0.504178	FALSE	NA	NA	NA	NA	NA	NA
2019-nCoV	7913	G	+A	183	146	23	3	0	20	0.0163934	183	0.319693	FALSE	NA	NA	NA	NA	NA	NA
2019-nCoV	7917	A	G	50	21	24	1	0	24	0.0196078	51	0.50495	FALSE	NA	NA	NA	NA	NA	NA
2019-nCoV	7919	T	C	55	27	24	1	0	24	0.0178571	56	0.504505	FALSE	NA	NA	NA	NA	NA	NA
2019-nCoV	7926	C	T	46	22	22	1	0	27	0.0212766	47	0.505376	FALSE	NA	NA	NA	NA	NA	NA
2019-nCoV	7926	C	-A	46	22	22	5	0	20	0.106383	47	0.03645	FALSE	NA	NA	NA	NA	NA	NA
2019-nCoV	7931	T	C	54	25	22	1	0	28	0.0181818	55	0.504587	FALSE	NA	NA	NA	NA	NA	NA
2019-nCoV	7932	C	+G	57	27	24	1	0	20	0.0175439	57	0.508772	FALSE	NA	NA	NA	NA	NA	NA
2019-nCoV	7935	C	T	59	29	25	1	0	27	0.0166667	60	0.504202	FALSE	NA	NA	NA	NA	NA	NA
2019-nCoV	7936	G	+A	60	29	25	1	0	20	0.0166667	60	0.508333	FALSE	NA	NA	NA	NA	NA	NA
2019-nCoV	7937	T	C	59	28	25	1	1	23	0.0166667	60	0.504202	FALSE	NA	NA	NA	NA	NA	NA
2019-nCoV	7940	G	-T	60	29	24	1	0	20	0.0166667	60	0.508333	FALSE	NA	NA	NA	NA	NA	NA
2019-nCoV	7940	G	+T	60	29	24	1	0	20	0.0166667	60	0.508333	FALSE	NA	NA	NA	NA	NA	NA
2019-nCoV	7945	C	+A	59	28	25	1	0	20	0.0169492	59	0.508475	FALSE	NA	NA	NA	NA	NA	NA
2019-nCoV	7955	C	+T	130	62	24	2	0	20	0.0153846	130	0.508654	FALSE	NA	NA	NA	NA	NA	NA
2019-nCoV	7956	T	C	100	34	24	1	0	24	0.00990099	101	0.753731	FALSE	NA	NA	NA	NA	NA	NA
2019-nCoV	7959	T	+CC	137	65	24	1	0	20	0.00729927	137	0.754552	FALSE	NA	NA	NA	NA	NA	NA
2019-nCoV	7961	T	+G	147	67	24	1	0	20	0.00680272	147	0.754243	FALSE	NA	NA	NA	NA	NA	NA
2019-nCoV	7962	G	T	135	58	25	1	0	25	0.00735294	136	0.752768	FALSE	NA	NA	NA	NA	NA	NA
2019-nCoV	7962	G	+T	135	58	25	1	0	20	0.00735294	136	0.752768	FALSE	NA	NA	NA	NA	NA	NA
2019-nCoV	7963	T	C	137	61	24	1	1	22	0.00724638	138	0.752727	FALSE	NA	NA	NA	NA	NA	NA
2019-nCoV	7964	C	+A	134	69	24	2	0	20	0.0149254	134	0.508395	FALSE	NA	NA	NA	NA	NA	NA
2019-nCoV	7969	T	G	136	67	24	1	0	25	0.00724638	138	0.750916	FALSE	NA	NA	NA	NA	NA	NA
2019-nCoV	7969	T	C	136	67	24	1	1	25	0.00724638	138	0.750916	FALSE	NA	NA	NA	NA	NA	NA
2019-nCoV	7971	T	-A	142	68	24	1	0	20	0.00704225	142	0.754392	FALSE	NA	NA	NA	NA	NA	NA
2019-nCoV	7972	A	G	133	61	24	1	0	22	0.00746269	134	0.749071	FALSE	NA	NA	NA	NA	NA	NA
2019-nCoV	7975	G	A	143	72	24	1	1	25	0.00694444	144	0.752613	FALSE	NA	NA	NA	NA	NA	NA
2019-nCoV	7981	A	G	149	77	25	2	2	22	0.013245	151	0.5025	FALSE	NA	NA	NA	NA	NA	NA
2019-nCoV	7984	T	+C	147	71	24	1	0	20	0.00680272	147	0.754243	FALSE	NA	NA	NA	NA	NA	NA
2019-nCoV	7990	A	+T	141	66	24	2	0	20	0.0141844	141	0.507979	FALSE	NA	NA	NA	NA	NA	NA
2019-nCoV	7992	T	+A	136	78	23	1	0	20	0.00735294	136	0.754585	FALSE	NA	NA	NA	NA	NA	NA
2019-nCoV	7996	G	+T	160	82	25	1	0	20	0.00625	160	0.753899	FALSE	NA	NA	NA	NA	NA	NA
2019-nCoV	8002	T	C	152	78	25	1	1	27	0.00653595	153	0.752459	FALSE	NA	NA	NA	NA	NA	NA
2019-nCoV	8004	T	C	124	51	24	1	1	22	0.008	125	0.753012	FALSE	NA	NA	NA	NA	NA	NA
2019-nCoV	8005	T	C	132	77	24	1	1	23	0.0075188	133	0.75283	FALSE	NA	NA	NA	NA	NA	NA
2019-nCoV	8010	A	G	146	74	26	2	1	24	0.0135135	148	0.502551	FALSE	NA	NA	NA	NA	NA	NA
2019-nCoV	8014	T	+G	150	76	25	1	0	20	0.00666667	150	0.754158	FALSE	NA	NA	NA	NA	NA	NA
2019-nCoV	8015	G	A	149	75	25	1	0	28	0.00666667	150	0.752508	FALSE	NA	NA	NA	NA	NA	NA
2019-nCoV	8015	G	+T	149	75	25	1	0	20	0.00666667	150	0.752508	FALSE	NA	NA	NA	NA	NA	NA
2019-nCoV	8016	C	+G	147	72	24	2	0	20	0.0136054	147	0.507653	FALSE	NA	NA	NA	NA	NA	NA
2019-nCoV	8021	G	+T	149	78	24	1	0	20	0.00671141	149	0.754186	FALSE	NA	NA	NA	NA	NA	NA
2019-nCoV	8027	G	+T	84	39	23	6	0	20	0.0714286	84	0.0182531	FALSE	NA	NA	NA	NA	NA	NA
2019-nCoV	8029	T	A	43	29	23	1	0	20	0.0227273	44	0.505747	FALSE	NA	NA	NA	NA	NA	NA
2019-nCoV	8029	T	-AA	43	29	23	4	0	20	0.0909091	44	0.069805	FALSE	NA	NA	NA	NA	NA	NA
2019-nCoV	8029	T	-A	43	29	23	24	0	20	0.545455	44	9.20844e-7	TRUE	NA	NA	NA	NA	NA	NA
2019-nCoV	8038	T	C	59	44	23	1	1	21	0.0166667	60	0.504202	FALSE	NA	NA	NA	NA	NA	NA
2019-nCoV	8044	T	C	73	26	24	1	1	28	0.0135135	74	0.503401	FALSE	NA	NA	NA	NA	NA	NA
2019-nCoV	8045	T	C	68	41	23	4	3	23	0.0555556	72	0.061598	FALSE	NA	NA	NA	NA	NA	NA
2019-nCoV	8048	G	+T	85	40	25	1	0	20	0.0117647	85	0.505882	FALSE	NA	NA	NA	NA	NA	NA
2019-nCoV	8052	A	+T	74	41	23	1	0	20	0.0135135	74	0.506757	FALSE	NA	NA	NA	NA	NA	NA
2019-nCoV	8054	A	G	87	44	24	1	0	26	0.0113636	88	0.502857	FALSE	NA	NA	NA	NA	NA	NA
2019-nCoV	8056	G	-TT	86	43	24	1	0	20	0.0116279	86	0.505814	FALSE	NA	NA	NA	NA	NA	NA
2019-nCoV	8056	G	-T	86	43	24	8	0	20	0.0930233	86	0.00499061	TRUE	NA	NA	NA	NA	NA	NA
2019-nCoV	8059	T	C	84	42	24	1	0	27	0.0117647	85	0.502959	FALSE	NA	NA	NA	NA	NA	NA
2019-nCoV	8062	A	G	94	52	24	1	0	28	0.0105263	95	0.502646	FALSE	NA	NA	NA	NA	NA	NA
2019-nCoV	8063	T	+C	95	51	24	1	0	20	0.0105263	95	0.505263	FALSE	NA	NA	NA	NA	NA	NA
2019-nCoV	8064	C	+A	89	44	25	1	0	20	0.011236	89	0.505618	FALSE	NA	NA	NA	NA	NA	NA
2019-nCoV	8066	A	T	84	53	23	1	1	21	0.0117647	85	0.502959	FALSE	NA	NA	NA	NA	NA	NA
2019-nCoV	8067	C	-T	93	51	23	5	0	20	0.0537634	93	0.0347051	FALSE	NA	NA	NA	NA	NA	NA
2019-nCoV	8067	C	+T	93	51	23	1	0	20	0.0107527	93	0.505376	FALSE	NA	NA	NA	NA	NA	NA
2019-nCoV	8071	T	+A	53	51	23	3	0	20	0.0566038	53	0.135779	FALSE	NA	NA	NA	NA	NA	NA
2019-nCoV	8073	A	G	83	52	23	1	1	22	0.0119048	84	0.502994	FALSE	NA	NA	NA	NA	NA	NA
2019-nCoV	8076	T	C	91	53	24	1	0	24	0.0108696	92	0.5	FALSE	NA	NA	NA	NA	NA	NA
2019-nCoV	8079	C	-A	77	50	24	1	0	20	0.012987	77	0.506494	FALSE	NA	NA	NA	NA	NA	NA
2019-nCoV	8081	A	T	59	52	24	1	0	24	0.0166667	60	0.504202	FALSE	NA	NA	NA	NA	NA	NA
2019-nCoV	8084	G	-AA	66	53	23	1	0	20	0.0151515	66	0.507576	FALSE	NA	NA	NA	NA	NA	NA
2019-nCoV	8084	G	-A	66	53	23	26	0	20	0.393939	66	1.65034e-7	TRUE	NA	NA	NA	NA	NA	NA
2019-nCoV	8092	C	T	74	43	23	2	2	26	0.0263158	76	0.251656	FALSE	NA	NA	NA	NA	NA	NA
2019-nCoV	8092	C	-A	74	43	23	8	0	20	0.105263	76	0.00466655	TRUE	NA	NA	NA	NA	NA	NA
2019-nCoV	8092	C	+A	74	43	23	2	0	20	0.0263158	76	0.251656	FALSE	NA	NA	NA	NA	NA	NA
2019-nCoV	8100	T	-A	165	90	24	1	0	20	0.00606061	165	0.753781	FALSE	NA	NA	NA	NA	NA	NA
2019-nCoV	8103	T	C	141	56	24	2	2	25	0.013986	143	0.502641	FALSE	NA	NA	NA	NA	NA	NA
2019-nCoV	8104	T	+A	142	86	24	1	0	20	0.00704225	142	0.754392	FALSE	NA	NA	NA	NA	NA	NA
2019-nCoV	8105	G	A	159	82	24	1	1	27	0.00625	160	0.752351	FALSE	NA	NA	NA	NA	NA	NA
2019-nCoV	8105	G	+A	159	82	24	1	0	20	0.00625	160	0.752351	FALSE	NA	NA	NA	NA	NA	NA
2019-nCoV	8106	C	+A	158	83	24	6	0	20	0.0379747	158	0.0678102	FALSE	NA	NA	NA	NA	NA	NA
2019-nCoV	8108	A	G	144	88	24	1	1	28	0.00689655	145	0.752595	FALSE	NA	NA	NA	NA	NA	NA
2019-nCoV	8109	C	+T	170	88	25	1	0	20	0.00588235	170	0.75367	FALSE	NA	NA	NA	NA	NA	NA
2019-nCoV	8110	T	C	163	87	25	3	0	22	0.0180723	166	0.313635	FALSE	NA	NA	NA	NA	NA	NA
2019-nCoV	8113	A	G	154	82	25	2	1	25	0.0128205	156	0.502419	FALSE	NA	NA	NA	NA	NA	NA
2019-nCoV	8114	G	+GA	149	83	25	1	0	20	0.00671141	149	0.754186	FALSE	NA	NA	NA	NA	NA	NA
2019-nCoV	8114	G	+A	149	83	25	1	0	20	0.00671141	149	0.754186	FALSE	NA	NA	NA	NA	NA	NA
2019-nCoV	8116	A	G	117	86	24	1	0	27	0.00847458	118	0.753191	FALSE	NA	NA	NA	NA	NA	NA
2019-nCoV	8117	G	A	147	85	25	1	0	22	0.00675676	148	0.752542	FALSE	NA	NA	NA	NA	NA	NA
2019-nCoV	8118	C	+T	155	84	25	1	0	20	0.00645161	155	0.754024	FALSE	NA	NA	NA	NA	NA	NA
2019-nCoV	8119	T	-G	167	87	25	1	0	20	0.00598802	167	0.753736	FALSE	NA	NA	NA	NA	NA	NA
2019-nCoV	8120	G	+A	166	88	25	2	0	20	0.0120482	166	0.506777	FALSE	NA	NA	NA	NA	NA	NA
2019-nCoV	8121	A	G	151	67	24	1	1	28	0.00657895	152	0.752475	FALSE	NA	NA	NA	NA	NA	NA
2019-nCoV	8123	C	-T	162	86	24	1	0	20	0.00613497	163	0.752308	FALSE	NA	NA	NA	NA	NA	NA
2019-nCoV	8123	C	+T	162	86	24	1	0	20	0.00613497	163	0.752308	FALSE	NA	NA	NA	NA	NA	NA
2019-nCoV	8123	C	+A	162	86	24	1	0	20	0.00613497	163	0.752308	FALSE	NA	NA	NA	NA	NA	NA
2019-nCoV	8125	T	C	134	89	24	1	0	24	0.00740741	135	0.752788	FALSE	NA	NA	NA	NA	NA	NA
2019-nCoV	8126	G	+T	160	85	24	1	0	20	0.00625	160	0.753899	FALSE	NA	NA	NA	NA	NA	NA
2019-nCoV	8126	G	+A	160	85	24	1	0	20	0.00625	160	0.753899	FALSE	NA	NA	NA	NA	NA	NA
2019-nCoV	8127	C	-A	155	82	24	2	0	20	0.0129032	155	0.507258	FALSE	NA	NA	NA	NA	NA	NA
2019-nCoV	8127	C	+A	155	82	24	2	0	20	0.0129032	155	0.507258	FALSE	NA	NA	NA	NA	NA	NA
2019-nCoV	8129	A	G	164	84	24	1	1	29	0.00606061	165	0.75228	FALSE	NA	NA	NA	NA	NA	NA
2019-nCoV	8131	G	-A	152	81	23	1	0	20	0.00657895	152	0.754104	FALSE	NA	NA	NA	NA	NA	NA
2019-nCoV	8131	G	+A	152	81	23	1	0	20	0.00657895	152	0.754104	FALSE	NA	NA	NA	NA	NA	NA
2019-nCoV	8133	A	-T	123	84	23	1	0	20	0.00813008	123	0.755069	FALSE	NA	NA	NA	NA	NA	NA
2019-nCoV	8133	A	+C	123	84	23	1	0	20	0.00813008	123	0.755069	FALSE	NA	NA	NA	NA	NA	NA
2019-nCoV	8134	T	C	150	80	24	1	1	24	0.00662252	151	0.750831	FALSE	NA	NA	NA	NA	NA	NA
2019-nCoV	8135	G	A	154	81	25	1	1	20	0.00645161	155	0.752427	FALSE	NA	NA	NA	NA	NA	NA
2019-nCoV	8137	G	-T	165	88	25	1	0	20	0.00606061	165	0.753781	FALSE	NA	NA	NA	NA	NA	NA
2019-nCoV	8140	C	+T	131	88	24	1	0	20	0.00763359	131	0.75476	FALSE	NA	NA	NA	NA	NA	NA
2019-nCoV	8140	C	+G	131	88	24	1	0	20	0.00763359	131	0.75476	FALSE	NA	NA	NA	NA	NA	NA
2019-nCoV	8150	G	+T	143	79	24	1	0	20	0.00699301	143	0.754361	FALSE	NA	NA	NA	NA	NA	NA
2019-nCoV	8151	T	C	148	75	25	1	1	20	0.00671141	149	0.752525	FALSE	NA	NA	NA	NA	NA	NA
2019-nCoV	8151	T	+TC	148	75	25	1	0	20	0.00671141	149	0.752525	FALSE	NA	NA	NA	NA	NA	NA
2019-nCoV	8151	T	+GC	148	75	25	1	0	20	0.00671141	149	0.752525	FALSE	NA	NA	NA	NA	NA	NA
2019-nCoV	8151	T	+G	148	75	25	1	0	20	0.00671141	149	0.752525	FALSE	NA	NA	NA	NA	NA	NA
2019-nCoV	8152	C	+T	152	75	24	1	0	20	0.00657895	152	0.754104	FALSE	NA	NA	NA	NA	NA	NA
2019-nCoV	8153	T	C	124	43	24	1	1	27	0.008	125	0.753012	FALSE	NA	NA	NA	NA	NA	NA
2019-nCoV	8157	C	T	159	82	24	1	1	23	0.00625	160	0.752351	FALSE	NA	NA	NA	NA	NA	NA
2019-nCoV	8157	C	+T	159	82	24	1	0	20	0.00625	160	0.752351	FALSE	NA	NA	NA	NA	NA	NA
2019-nCoV	8159	A	-C	64	22	24	1	0	20	0.015625	64	0.507813	FALSE	NA	NA	NA	NA	NA	NA
2019-nCoV	8160	C	-T	66	24	23	1	0	20	0.0149254	67	0.503759	FALSE	NA	NA	NA	NA	NA	NA
2019-nCoV	8160	C	+T	66	24	23	7	0	20	0.104478	67	0.00954995	TRUE	NA	NA	NA	NA	NA	NA
2019-nCoV	8165	A	-T	64	22	23	1	0	20	0.015625	64	0.507813	FALSE	NA	NA	NA	NA	NA	NA
2019-nCoV	8165	A	+T	64	22	23	1	0	20	0.015625	64	0.507813	FALSE	NA	NA	NA	NA	NA	NA
2019-nCoV	8171	G	A	62	20	24	1	0	22	0.015873	63	0.504	FALSE	NA	NA	NA	NA	NA	NA
2019-nCoV	8193	A	+T	67	23	24	1	0	20	0.0149254	67	0.507463	FALSE	NA	NA	NA	NA	NA	NA
2019-nCoV	8195	T	C	54	27	23	1	0	23	0.0181818	55	0.504587	FALSE	NA	NA	NA	NA	NA	NA
2019-nCoV	8200	T	+C	79	35	25	2	0	20	0.0253165	79	0.257941	FALSE	NA	NA	NA	NA	NA	NA
2019-nCoV	8204	G	-A	94	40	24	6	0	20	0.0638298	94	0.0179623	FALSE	NA	NA	NA	NA	NA	NA
2019-nCoV	8204	G	+A	94	40	24	1	0	20	0.0106383	94	0.505319	FALSE	NA	NA	NA	NA	NA	NA
2019-nCoV	8211	A	G	89	43	25	16	7	26	0.152381	105	8.56968e-5	TRUE	NA	NA	NA	NA	NA	NA
2019-nCoV	8214	A	+T	100	50	25	1	0	20	0.01	100	0.753731	FALSE	NA	NA	NA	NA	NA	NA
2019-nCoV	8216	G	+T	99	48	25	1	0	20	0.010101	99	0.505051	FALSE	NA	NA	NA	NA	NA	NA
2019-nCoV	8217	T	A	90	38	24	2	1	26	0.0217391	92	0.251366	FALSE	NA	NA	NA	NA	NA	NA
2019-nCoV	8220	T	C	91	37	24	1	1	25	0.0108696	92	0.502732	FALSE	NA	NA	NA	NA	NA	NA
2019-nCoV	8222	G	-A	100	51	25	1	0	20	0.01	100	0.753731	FALSE	NA	NA	NA	NA	NA	NA
2019-nCoV	8224	A	G	86	50	24	1	0	29	0.0114943	87	0.50289	FALSE	NA	NA	NA	NA	NA	NA
2019-nCoV	8227	T	A	103	52	24	1	0	23	0.00961538	104	0.753623	FALSE	NA	NA	NA	NA	NA	NA
2019-nCoV	8227	T	+A	103	52	24	1	0	20	0.00961538	104	0.753623	FALSE	NA	NA	NA	NA	NA	NA
2019-nCoV	8230	T	-A	83	52	24	1	0	20	0.0120482	83	0.506024	FALSE	NA	NA	NA	NA	NA	NA
2019-nCoV	8230	T	+A	83	52	24	1	0	20	0.0120482	83	0.506024	FALSE	NA	NA	NA	NA	NA	NA
2019-nCoV	8237	T	C	99	54	24	1	0	27	0.01	100	0.751256	FALSE	NA	NA	NA	NA	NA	NA
2019-nCoV	8237	T	+C	99	54	24	1	0	20	0.01	100	0.751256	FALSE	NA	NA	NA	NA	NA	NA
2019-nCoV	8238	C	+A	104	55	25	1	0	20	0.00961538	104	0.755992	FALSE	NA	NA	NA	NA	NA	NA
2019-nCoV	8240	C	+A	107	55	25	1	0	20	0.00934579	107	0.755825	FALSE	NA	NA	NA	NA	NA	NA
2019-nCoV	8242	T	-C	106	56	25	1	0	20	0.00943396	106	0.755879	FALSE	NA	NA	NA	NA	NA	NA
2019-nCoV	8251	C	T	103	54	25	1	0	27	0.00961538	104	0.753623	FALSE	NA	NA	NA	NA	NA	NA
2019-nCoV	8251	C	+G	103	54	25	1	0	20	0.00961538	104	0.753623	FALSE	NA	NA	NA	NA	NA	NA
2019-nCoV	8252	A	+G	104	54	25	1	0	20	0.00961538	104	0.755992	FALSE	NA	NA	NA	NA	NA	NA
2019-nCoV	8253	T	C	105	55	26	1	0	27	0.00943396	106	0.753555	FALSE	NA	NA	NA	NA	NA	NA
2019-nCoV	8254	A	+T	105	54	25	1	0	20	0.00952381	105	0.755935	FALSE	NA	NA	NA	NA	NA	NA
2019-nCoV	8255	G	+T	103	52	25	1	0	20	0.00970874	103	0.75605	FALSE	NA	NA	NA	NA	NA	NA
2019-nCoV	8256	A	G	82	31	25	1	1	27	0.0120482	83	0.50303	FALSE	NA	NA	NA	NA	NA	NA
2019-nCoV	8258	G	-T	99	49	25	1	0	20	0.010101	99	0.505051	FALSE	NA	NA	NA	NA	NA	NA
2019-nCoV	8258	G	+T	99	49	25	1	0	20	0.010101	99	0.505051	FALSE	NA	NA	NA	NA	NA	NA
2019-nCoV	8260	T	+A	87	50	24	3	0	20	0.0344828	87	0.131527	FALSE	NA	NA	NA	NA	NA	NA
2019-nCoV	8261	A	-C	93	44	25	1	0	20	0.0107527	93	0.505376	FALSE	NA	NA	NA	NA	NA	NA
2019-nCoV	8265	G	+A	94	56	24	1	0	20	0.0106383	94	0.505319	FALSE	NA	NA	NA	NA	NA	NA
2019-nCoV	8275	T	+A	108	55	25	1	0	20	0.00925926	108	0.755771	FALSE	NA	NA	NA	NA	NA	NA
2019-nCoV	8277	A	+T	99	56	24	1	0	20	0.010101	99	0.505051	FALSE	NA	NA	NA	NA	NA	NA
2019-nCoV	8277	A	+G	99	56	24	1	0	20	0.010101	99	0.505051	FALSE	NA	NA	NA	NA	NA	NA
2019-nCoV	8278	T	-A	107	54	25	1	0	20	0.00934579	107	0.755825	FALSE	NA	NA	NA	NA	NA	NA
2019-nCoV	8279	A	G	84	32	24	1	1	20	0.0117647	85	0.5	FALSE	NA	NA	NA	NA	NA	NA
2019-nCoV	8280	A	+C	99	57	24	1	0	20	0.010101	99	0.505051	FALSE	NA	NA	NA	NA	NA	NA
2019-nCoV	8282	T	C	105	54	25	1	0	22	0.00943396	106	0.753555	FALSE	NA	NA	NA	NA	NA	NA
2019-nCoV	8285	A	G	104	52	25	1	0	25	0.00952381	105	0.753589	FALSE	NA	NA	NA	NA	NA	NA
2019-nCoV	8285	A	+T	104	52	25	1	0	20	0.00952381	105	0.753589	FALSE	NA	NA	NA	NA	NA	NA
2019-nCoV	8288	C	T	105	54	24	1	1	21	0.00943396	106	0.753555	FALSE	NA	NA	NA	NA	NA	NA
2019-nCoV	8289	T	C	101	54	25	2	0	24	0.0194175	103	0.503677	FALSE	NA	NA	NA	NA	NA	NA
2019-nCoV	8291	A	-C	100	52	25	1	0	20	0.01	100	0.753731	FALSE	NA	NA	NA	NA	NA	NA
2019-nCoV	8293	C	T	1	1	20	84	33	24	0.988235	85	1.85897e-48	TRUE	NA	NA	NA	NA	NA	NA
2019-nCoV	8293	C	+T	1	1	20	1	0	20	0.0117647	85	0.0232558	FALSE	NA	NA	NA	NA	NA	NA
2019-nCoV	8296	T	+A	106	56	25	2	0	20	0.0188679	106	0.510613	FALSE	NA	NA	NA	NA	NA	NA
2019-nCoV	8299	C	-A	106	57	24	3	0	20	0.0283019	106	0.324944	FALSE	NA	NA	NA	NA	NA	NA
2019-nCoV	8299	C	+A	106	57	24	4	0	20	0.0377358	106	0.199437	FALSE	NA	NA	NA	NA	NA	NA
2019-nCoV	8300	A	G	72	24	24	1	1	20	0.0136986	73	0.5	FALSE	NA	NA	NA	NA	NA	NA
2019-nCoV	8303	G	+T	106	57	24	1	0	20	0.00943396	106	0.755879	FALSE	NA	NA	NA	NA	NA	NA
2019-nCoV	8305	T	+G	90	60	23	1	0	20	0.0111111	90	0.505556	FALSE	NA	NA	NA	NA	NA	NA
2019-nCoV	8306	G	-A	105	57	23	15	0	20	0.142857	105	4.71396e-4	TRUE	NA	NA	NA	NA	NA	NA
2019-nCoV	8306	G	+A	105	57	23	1	0	20	0.00952381	105	0.755935	FALSE	NA	NA	NA	NA	NA	NA
2019-nCoV	8307	A	G	41	3	23	1	1	23	0.0238095	42	0.446809	FALSE	NA	NA	NA	NA	NA	NA
2019-nCoV	8310	A	C	62	57	23	1	0	20	0.015873	63	0.504	FALSE	NA	NA	NA	NA	NA	NA
2019-nCoV	8311	C	G	99	54	23	1	0	20	0.01	100	0.751256	FALSE	NA	NA	NA	NA	NA	NA
2019-nCoV	8311	C	+A	99	54	23	1	0	20	0.01	100	0.751256	FALSE	NA	NA	NA	NA	NA	NA
2019-nCoV	8313	T	+C	103	57	25	1	0	20	0.00970874	103	0.75605	FALSE	NA	NA	NA	NA	NA	NA
2019-nCoV	8315	A	G	101	55	25	1	1	26	0.00980392	102	0.753695	FALSE	NA	NA	NA	NA	NA	NA
2019-nCoV	8315	A	+C	101	55	25	1	0	20	0.00980392	102	0.753695	FALSE	NA	NA	NA	NA	NA	NA
2019-nCoV	8317	A	-C	99	52	24	4	0	20	0.040404	99	0.0669907	FALSE	NA	NA	NA	NA	NA	NA
2019-nCoV	8317	A	+C	99	52	24	4	0	20	0.040404	99	0.0669907	FALSE	NA	NA	NA	NA	NA	NA
2019-nCoV	8321	C	-G	64	53	24	1	0	20	0.015625	64	0.507813	FALSE	NA	NA	NA	NA	NA	NA
2019-nCoV	8362	T	+A	14	8	24	1	0	20	0.0714286	14	0.535714	FALSE	NA	NA	NA	NA	NA	NA
2019-nCoV	8365	T	+C	69	36	24	1	0	20	0.0144928	69	0.507246	FALSE	NA	NA	NA	NA	NA	NA
2019-nCoV	8372	G	+T	62	38	24	1	0	20	0.016129	62	0.508065	FALSE	NA	NA	NA	NA	NA	NA
2019-nCoV	8375	G	A	85	38	24	1	1	20	0.0116279	86	0.502924	FALSE	NA	NA	NA	NA	NA	NA
2019-nCoV	8376	C	-A	83	40	23	37	0	20	0.445783	83	2.87188e-10	TRUE	NA	NA	NA	NA	NA	NA
2019-nCoV	8376	C	+A	83	40	23	1	0	20	0.0120482	83	0.506024	FALSE	NA	NA	NA	NA	NA	NA
2019-nCoV	8383	T	C	89	47	24	1	0	20	0.0111111	90	0.502793	FALSE	NA	NA	NA	NA	NA	NA
2019-nCoV	8388	A	G	65	42	24	1	0	27	0.0151515	66	0.503817	FALSE	NA	NA	NA	NA	NA	NA
2019-nCoV	8392	T	+TA	64	42	24	1	0	20	0.015625	64	0.507813	FALSE	NA	NA	NA	NA	NA	NA
2019-nCoV	8393	G	A	1	0	27	74	40	24	0.986667	75	1.6159299999999998e-42	TRUE	NA	NA	NA	NA	NA	NA
2019-nCoV	8395	T	G	54	14	24	1	1	26	0.0181818	55	0.5	FALSE	NA	NA	NA	NA	NA	NA
2019-nCoV	8400	T	+C	83	40	24	1	0	20	0.0120482	83	0.506024	FALSE	NA	NA	NA	NA	NA	NA
2019-nCoV	8401	A	+C	78	35	24	1	0	20	0.0128205	78	0.50641	FALSE	NA	NA	NA	NA	NA	NA
2019-nCoV	8402	T	+G	79	38	25	1	0	20	0.0126582	79	0.506329	FALSE	NA	NA	NA	NA	NA	NA
2019-nCoV	8402	T	+C	79	38	25	1	0	20	0.0126582	79	0.506329	FALSE	NA	NA	NA	NA	NA	NA
2019-nCoV	8404	G	+A	64	41	23	1	0	20	0.015625	64	0.507813	FALSE	NA	NA	NA	NA	NA	NA
2019-nCoV	8408	G	T	78	37	24	1	1	22	0.0126582	79	0.503185	FALSE	NA	NA	NA	NA	NA	NA
2019-nCoV	8408	G	-T	78	37	24	1	0	20	0.0126582	79	0.503185	FALSE	NA	NA	NA	NA	NA	NA
2019-nCoV	8408	G	+T	78	37	24	5	0	20	0.0632911	79	0.0342921	FALSE	NA	NA	NA	NA	NA	NA
2019-nCoV	8408	G	+GT	78	37	24	1	0	20	0.0126582	79	0.503185	FALSE	NA	NA	NA	NA	NA	NA
2019-nCoV	8409	T	C	67	27	23	1	0	26	0.0147059	68	0.5	FALSE	NA	NA	NA	NA	NA	NA
2019-nCoV	8410	T	-A	61	40	23	1	0	20	0.0163934	61	0.508197	FALSE	NA	NA	NA	NA	NA	NA
2019-nCoV	8410	T	+TA	61	40	23	2	0	20	0.0327869	61	0.260296	FALSE	NA	NA	NA	NA	NA	NA
2019-nCoV	8413	A	G	55	42	23	1	0	27	0.0178571	56	0.504505	FALSE	NA	NA	NA	NA	NA	NA
2019-nCoV	8413	A	+AG	55	42	23	1	0	20	0.0178571	56	0.504505	FALSE	NA	NA	NA	NA	NA	NA
2019-nCoV	8415	A	-T	76	42	24	1	0	20	0.0131579	76	0.506579	FALSE	NA	NA	NA	NA	NA	NA
2019-nCoV	8415	A	+T	76	42	24	2	0	20	0.0263158	76	0.258256	FALSE	NA	NA	NA	NA	NA	NA
2019-nCoV	8415	A	+C	76	42	24	1	0	20	0.0131579	76	0.506579	FALSE	NA	NA	NA	NA	NA	NA
2019-nCoV	8418	T	+C	58	43	24	1	0	20	0.0172414	58	0.508621	FALSE	NA	NA	NA	NA	NA	NA
2019-nCoV	8420	A	G	80	39	24	1	1	27	0.0123457	81	0.503106	FALSE	NA	NA	NA	NA	NA	NA
2019-nCoV	8420	A	+T	80	39	24	1	0	20	0.0123457	81	0.503106	FALSE	NA	NA	NA	NA	NA	NA
2019-nCoV	8421	T	+C	65	28	24	1	0	20	0.0153846	65	0.507692	FALSE	NA	NA	NA	NA	NA	NA
2019-nCoV	8423	T	+C	68	31	25	1	0	20	0.0147059	68	0.507353	FALSE	NA	NA	NA	NA	NA	NA
2019-nCoV	8425	A	-T	67	34	25	1	0	20	0.0149254	67	0.507463	FALSE	NA	NA	NA	NA	NA	NA
2019-nCoV	8425	A	+T	67	34	25	2	0	20	0.0298507	67	0.25937	FALSE	NA	NA	NA	NA	NA	NA
2019-nCoV	8430	C	+T	65	35	25	1	0	20	0.0153846	65	0.507692	FALSE	NA	NA	NA	NA	NA	NA
2019-nCoV	8432	G	+A	64	32	24	1	0	20	0.015625	64	0.507813	FALSE	NA	NA	NA	NA	NA	NA
2019-nCoV	8439	T	G	73	35	24	1	1	22	0.0135135	74	0.503401	FALSE	NA	NA	NA	NA	NA	NA
2019-nCoV	8439	T	+TA	73	35	24	1	0	20	0.0135135	74	0.503401	FALSE	NA	NA	NA	NA	NA	NA
2019-nCoV	8441	C	T	71	36	24	1	0	26	0.0138889	72	0.503497	FALSE	NA	NA	NA	NA	NA	NA
2019-nCoV	8442	G	-A	69	35	23	3	0	20	0.0434783	69	0.13325	FALSE	NA	NA	NA	NA	NA	NA
2019-nCoV	8442	G	+A	69	35	23	5	0	20	0.0724638	69	0.0359513	FALSE	NA	NA	NA	NA	NA	NA
2019-nCoV	8443	A	G	39	6	24	1	0	21	0.025	40	0.493827	FALSE	NA	NA	NA	NA	NA	NA
2019-nCoV	8447	C	+GA	69	34	23	1	0	20	0.0144928	69	0.507246	FALSE	NA	NA	NA	NA	NA	NA
2019-nCoV	8447	C	+A	69	34	23	1	0	20	0.0144928	69	0.507246	FALSE	NA	NA	NA	NA	NA	NA
2019-nCoV	8450	A	+T	49	38	24	1	0	20	0.0204082	49	0.510204	FALSE	NA	NA	NA	NA	NA	NA
2019-nCoV	8451	T	-A	68	36	24	5	0	20	0.0735294	68	0.036023	FALSE	NA	NA	NA	NA	NA	NA
2019-nCoV	8454	G	+T	72	36	25	1	0	20	0.0138889	72	0.506944	FALSE	NA	NA	NA	NA	NA	NA
2019-nCoV	8455	T	+G	69	34	25	2	0	20	0.0289855	69	0.259097	FALSE	NA	NA	NA	NA	NA	NA
2019-nCoV	8455	T	+A	69	34	25	1	0	20	0.0144928	69	0.507246	FALSE	NA	NA	NA	NA	NA	NA
2019-nCoV	8464	T	C	69	33	24	1	1	31	0.0142857	70	0.503597	FALSE	NA	NA	NA	NA	NA	NA
2019-nCoV	8464	T	-AA	69	33	24	1	0	20	0.0142857	70	0.503597	FALSE	NA	NA	NA	NA	NA	NA
2019-nCoV	8464	T	-A	69	33	24	16	0	20	0.228571	70	3.68584e-5	TRUE	NA	NA	NA	NA	NA	NA
2019-nCoV	8464	T	+A	69	33	24	2	0	20	0.0285714	70	0.255396	FALSE	NA	NA	NA	NA	NA	NA
2019-nCoV	8465	A	G	46	0	24	1	0	22	0.0212766	47	0.465347	FALSE	NA	NA	NA	NA	NA	NA
2019-nCoV	8470	G	+A	104	53	23	3	0	20	0.0288462	104	0.325184	FALSE	NA	NA	NA	NA	NA	NA
2019-nCoV	8471	A	G	98	45	23	1	1	27	0.010101	99	0.502538	FALSE	NA	NA	NA	NA	NA	NA
2019-nCoV	8473	T	+A	106	57	24	4	0	20	0.0377358	106	0.199437	FALSE	NA	NA	NA	NA	NA	NA
2019-nCoV	8475	A	+C	96	61	24	1	0	20	0.0104167	96	0.505208	FALSE	NA	NA	NA	NA	NA	NA
2019-nCoV	8476	C	+T	106	60	25	1	0	20	0.00943396	106	0.755879	FALSE	NA	NA	NA	NA	NA	NA
2019-nCoV	8477	T	C	99	44	24	1	1	25	0.01	100	0.751256	FALSE	NA	NA	NA	NA	NA	NA
2019-nCoV	8481	C	-T	73	61	23	9	0	20	0.123288	73	0.00276991	TRUE	NA	NA	NA	NA	NA	NA
2019-nCoV	8481	C	+T	73	61	23	2	0	20	0.0273973	73	0.258597	FALSE	NA	NA	NA	NA	NA	NA
2019-nCoV	8481	C	+CT	73	61	23	1	0	20	0.0136986	73	0.506849	FALSE	NA	NA	NA	NA	NA	NA
2019-nCoV	8486	A	G	78	29	22	1	0	23	0.0126582	79	0.503185	FALSE	NA	NA	NA	NA	NA	NA
2019-nCoV	8487	A	-G	94	62	24	1	0	20	0.0106383	94	0.505319	FALSE	NA	NA	NA	NA	NA	NA
2019-nCoV	8488	G	+T	111	59	24	7	0	20	0.0630631	111	0.0408271	FALSE	NA	NA	NA	NA	NA	NA
2019-nCoV	8502	C	T	34	19	25	1	0	29	0.0285714	35	0.507246	FALSE	NA	NA	NA	NA	NA	NA
2019-nCoV	8506	T	C	38	19	25	1	1	25	0.025641	39	0.506494	FALSE	NA	NA	NA	NA	NA	NA
2019-nCoV	8511	A	T	24	8	24	1	1	25	0.04	25	0.510204	FALSE	NA	NA	NA	NA	NA	NA
2019-nCoV	8521	T	C	31	18	25	1	0	24	0.03125	32	0.507937	FALSE	NA	NA	NA	NA	NA	NA
2019-nCoV	8524	T	C	32	19	24	1	1	24	0.030303	33	0.507692	FALSE	NA	NA	NA	NA	NA	NA
2019-nCoV	8526	T	+A	34	17	24	1	0	20	0.0294118	34	0.514706	FALSE	NA	NA	NA	NA	NA	NA
2019-nCoV	8532	C	-A	37	19	24	1	0	20	0.027027	37	0.513514	FALSE	NA	NA	NA	NA	NA	NA
2019-nCoV	8535	A	G	29	19	24	1	0	27	0.0333333	30	0.508475	FALSE	NA	NA	NA	NA	NA	NA
2019-nCoV	8547	A	-G	34	22	23	2	0	20	0.0588235	34	0.268542	FALSE	NA	NA	NA	NA	NA	NA
2019-nCoV	8550	G	+A	28	21	24	1	0	20	0.0357143	28	0.517857	FALSE	NA	NA	NA	NA	NA	NA
2019-nCoV	8553	G	+T	61	31	23	1	0	20	0.0163934	61	0.508197	FALSE	NA	NA	NA	NA	NA	NA
2019-nCoV	8554	T	-A	66	27	24	3	0	20	0.0454545	66	0.13363	FALSE	NA	NA	NA	NA	NA	NA
2019-nCoV	8554	T	+A	66	27	24	1	0	20	0.0151515	66	0.507576	FALSE	NA	NA	NA	NA	NA	NA
2019-nCoV	8558	A	T	38	30	23	1	0	23	0.025641	39	0.506494	FALSE	NA	NA	NA	NA	NA	NA
2019-nCoV	8560	T	+A	63	34	23	1	0	20	0.015873	63	0.507937	FALSE	NA	NA	NA	NA	NA	NA
2019-nCoV	8562	T	C	62	24	24	1	1	23	0.015873	63	0.504	FALSE	NA	NA	NA	NA	NA	NA
2019-nCoV	8566	T	+A	71	33	25	2	0	20	0.028169	71	0.25884	FALSE	NA	NA	NA	NA	NA	NA
2019-nCoV	8570	T	+TAG	56	30	23	1	0	20	0.0178571	56	0.508929	FALSE	NA	NA	NA	NA	NA	NA
2019-nCoV	8572	G	T	60	31	23	1	0	20	0.0163934	61	0.504132	FALSE	NA	NA	NA	NA	NA	NA
2019-nCoV	8575	G	+C	70	32	24	1	0	20	0.0142857	70	0.507143	FALSE	NA	NA	NA	NA	NA	NA
2019-nCoV	8577	A	+G	53	32	23	1	0	20	0.0188679	53	0.509434	FALSE	NA	NA	NA	NA	NA	NA
2019-nCoV	8580	A	+T	70	34	25	1	0	20	0.0142857	70	0.507143	FALSE	NA	NA	NA	NA	NA	NA
2019-nCoV	8581	G	+T	70	35	24	1	0	20	0.0142857	70	0.507143	FALSE	NA	NA	NA	NA	NA	NA
2019-nCoV	8590	A	-G	53	31	23	1	0	20	0.0188679	53	0.509434	FALSE	NA	NA	NA	NA	NA	NA
2019-nCoV	8596	A	+C	74	34	25	1	0	20	0.0135135	74	0.506757	FALSE	NA	NA	NA	NA	NA	NA
2019-nCoV	8606	C	G	42	32	23	1	1	20	0.0232558	43	0.505882	FALSE	NA	NA	NA	NA	NA	NA
2019-nCoV	8606	C	-T	42	32	23	4	0	20	0.0930233	43	0.0699797	FALSE	NA	NA	NA	NA	NA	NA
2019-nCoV	8609	T	G	67	33	24	1	1	27	0.0144928	69	0.5	FALSE	NA	NA	NA	NA	NA	NA
2019-nCoV	8609	T	C	67	33	24	1	1	27	0.0144928	69	0.5	FALSE	NA	NA	NA	NA	NA	NA
2019-nCoV	8612	G	-T	64	32	23	1	0	20	0.015625	64	0.507813	FALSE	NA	NA	NA	NA	NA	NA
2019-nCoV	8621	A	-T	70	34	24	1	0	20	0.0142857	70	0.507143	FALSE	NA	NA	NA	NA	NA	NA
2019-nCoV	8624	T	C	70	33	25	1	1	20	0.0140845	71	0.503546	FALSE	NA	NA	NA	NA	NA	NA
2019-nCoV	8626	C	T	67	34	24	1	1	22	0.0147059	68	0.503704	FALSE	NA	NA	NA	NA	NA	NA
2019-nCoV	8626	C	+T	67	34	24	1	0	20	0.0147059	68	0.503704	FALSE	NA	NA	NA	NA	NA	NA
2019-nCoV	8627	T	C	67	35	24	1	0	21	0.0147059	68	0.503704	FALSE	NA	NA	NA	NA	NA	NA
2019-nCoV	8628	A	+T	72	37	24	7	0	20	0.0972222	72	0.00985603	TRUE	NA	NA	NA	NA	NA	NA
2019-nCoV	8644	T	C	63	36	24	1	0	26	0.015625	64	0.503937	FALSE	NA	NA	NA	NA	NA	NA
2019-nCoV	8645	C	+G	67	29	25	1	0	20	0.0149254	67	0.507463	FALSE	NA	NA	NA	NA	NA	NA
2019-nCoV	8646	A	+C	66	27	25	1	0	20	0.0151515	66	0.507576	FALSE	NA	NA	NA	NA	NA	NA
2019-nCoV	8647	T	+A	67	31	24	1	0	20	0.0149254	67	0.507463	FALSE	NA	NA	NA	NA	NA	NA
2019-nCoV	8650	C	+T	66	30	24	1	0	20	0.0151515	66	0.507576	FALSE	NA	NA	NA	NA	NA	NA
2019-nCoV	8654	T	C	71	34	25	1	0	25	0.0138889	72	0.503497	FALSE	NA	NA	NA	NA	NA	NA
2019-nCoV	8656	T	-A	73	35	24	1	0	20	0.0136986	73	0.506849	FALSE	NA	NA	NA	NA	NA	NA
2019-nCoV	8656	T	+C	73	35	24	1	0	20	0.0136986	73	0.506849	FALSE	NA	NA	NA	NA	NA	NA
2019-nCoV	8656	T	+A	73	35	24	1	0	20	0.0136986	73	0.506849	FALSE	NA	NA	NA	NA	NA	NA
2019-nCoV	8657	A	G	49	14	24	1	0	22	0.02	50	0.505051	FALSE	NA	NA	NA	NA	NA	NA
2019-nCoV	8660	C	+G	72	36	24	1	0	20	0.0138889	72	0.506944	FALSE	NA	NA	NA	NA	NA	NA
2019-nCoV	8661	A	G	73	38	24	1	1	26	0.0135135	74	0.503401	FALSE	NA	NA	NA	NA	NA	NA
2019-nCoV	8661	A	+C	73	38	24	1	0	20	0.0135135	74	0.503401	FALSE	NA	NA	NA	NA	NA	NA
2019-nCoV	8665	T	+A	72	38	25	1	0	20	0.0138889	72	0.506944	FALSE	NA	NA	NA	NA	NA	NA
2019-nCoV	8668	C	-T	71	37	23	10	0	20	0.140845	71	0.00149971	TRUE	NA	NA	NA	NA	NA	NA
2019-nCoV	8668	C	+G	71	37	23	1	0	20	0.0140845	71	0.507042	FALSE	NA	NA	NA	NA	NA	NA
2019-nCoV	8669	T	C	31	3	23	2	2	21	0.0606061	33	0.212475	FALSE	NA	NA	NA	NA	NA	NA
2019-nCoV	8670	T	C	67	33	24	1	1	27	0.0147059	68	0.503704	FALSE	NA	NA	NA	NA	NA	NA
2019-nCoV	8673	C	+A	71	37	23	1	0	20	0.0140845	71	0.507042	FALSE	NA	NA	NA	NA	NA	NA
2019-nCoV	8678	G	-A	76	39	23	2	0	20	0.0263158	76	0.258256	FALSE	NA	NA	NA	NA	NA	NA
2019-nCoV	8678	G	+A	76	39	23	1	0	20	0.0131579	76	0.506579	FALSE	NA	NA	NA	NA	NA	NA
2019-nCoV	8681	A	+T	45	38	23	1	0	20	0.0222222	45	0.511111	FALSE	NA	NA	NA	NA	NA	NA
2019-nCoV	8682	T	C	73	36	23	1	1	22	0.0135135	74	0.503401	FALSE	NA	NA	NA	NA	NA	NA
2019-nCoV	8684	A	+G	75	38	25	1	0	20	0.0133333	75	0.506667	FALSE	NA	NA	NA	NA	NA	NA
2019-nCoV	8685	T	C	74	39	25	1	0	27	0.0133333	75	0.503356	FALSE	NA	NA	NA	NA	NA	NA
2019-nCoV	8686	A	+G	77	41	25	1	0	20	0.012987	77	0.506494	FALSE	NA	NA	NA	NA	NA	NA
2019-nCoV	8718	G	+C	29	9	26	1	0	20	0.0344828	29	0.517241	FALSE	NA	NA	NA	NA	NA	NA
2019-nCoV	8737	T	+A	36	10	24	1	0	20	0.0277778	36	0.513889	FALSE	NA	NA	NA	NA	NA	NA
2019-nCoV	8742	G	+T	34	8	25	2	0	20	0.0588235	34	0.268542	FALSE	NA	NA	NA	NA	NA	NA
2019-nCoV	8749	T	+A	39	14	25	1	0	20	0.025641	39	0.512821	FALSE	NA	NA	NA	NA	NA	NA
2019-nCoV	8752	C	+A	37	13	24	3	0	20	0.0810811	37	0.140541	FALSE	NA	NA	NA	NA	NA	NA
2019-nCoV	8757	A	G	37	14	24	1	0	20	0.0263158	38	0.506667	FALSE	NA	NA	NA	NA	NA	NA
2019-nCoV	8758	T	+G	36	15	23	1	0	20	0.0277778	36	0.513889	FALSE	NA	NA	NA	NA	NA	NA
2019-nCoV	8773	A	-T	14	7	24	1	0	20	0.0714286	14	0.535714	FALSE	NA	NA	NA	NA	NA	NA
2019-nCoV	8774	T	C	12	5	24	1	1	22	0.0769231	13	0.5	FALSE	NA	NA	NA	NA	NA	NA
2019-nCoV	8776	G	-T	11	6	23	1	0	20	0.0909091	11	0.545455	FALSE	NA	NA	NA	NA	NA	NA
2019-nCoV	8791	T	C	8	3	23	1	0	25	0.111111	9	0.529412	FALSE	NA	NA	NA	NA	NA	NA
2019-nCoV	8808	A	G	26	9	24	1	1	23	0.037037	27	0.509434	FALSE	NA	NA	NA	NA	NA	NA
2019-nCoV	8809	C	+A	29	11	23	3	0	20	0.103448	29	0.144944	FALSE	NA	NA	NA	NA	NA	NA
2019-nCoV	8817	G	-C	27	12	24	1	0	20	0.037037	27	0.518519	FALSE	NA	NA	NA	NA	NA	NA
2019-nCoV	8830	T	C	29	11	25	1	1	23	0.0333333	30	0.508475	FALSE	NA	NA	NA	NA	NA	NA
2019-nCoV	8846	G	C	23	12	25	1	1	25	0.0416667	24	0.510638	FALSE	NA	NA	NA	NA	NA	NA
2019-nCoV	8850	T	-G	29	14	24	1	0	20	0.0344828	29	0.517241	FALSE	NA	NA	NA	NA	NA	NA
2019-nCoV	8853	G	-T	15	14	23	4	0	20	0.266667	15	0.0947214	FALSE	NA	NA	NA	NA	NA	NA
2019-nCoV	8858	G	-T	23	13	22	1	0	20	0.0434783	23	0.521739	FALSE	NA	NA	NA	NA	NA	NA
2019-nCoV	8860	C	-G	24	12	24	3	0	20	0.125	24	0.149235	FALSE	NA	NA	NA	NA	NA	NA
2019-nCoV	8873	C	T	20	6	24	2	1	26	0.0909091	22	0.255814	FALSE	NA	NA	NA	NA	NA	NA
2019-nCoV	8896	T	-A	12	4	25	2	0	20	0.166667	12	0.303333	FALSE	NA	NA	NA	NA	NA	NA
2019-nCoV	8905	C	-T	11	4	23	5	0	20	0.454545	11	0.0664032	FALSE	NA	NA	NA	NA	NA	NA
2019-nCoV	8911	G	+C	10	4	25	1	0	20	0.1	10	0.55	FALSE	NA	NA	NA	NA	NA	NA
2019-nCoV	8924	A	+AAAAAAG	41	13	24	1	0	20	0.0243902	41	0.512195	FALSE	NA	NA	NA	NA	NA	NA
2019-nCoV	8927	G	-T	43	13	23	5	0	20	0.116279	43	0.0389609	FALSE	NA	NA	NA	NA	NA	NA
2019-nCoV	8927	G	+T	43	13	23	1	0	20	0.0232558	43	0.511628	FALSE	NA	NA	NA	NA	NA	NA
2019-nCoV	8935	T	+C	44	13	24	1	0	20	0.0227273	44	0.511364	FALSE	NA	NA	NA	NA	NA	NA
2019-nCoV	8938	A	G	38	13	25	3	0	24	0.0731707	41	0.124941	FALSE	NA	NA	NA	NA	NA	NA
2019-nCoV	8939	G	+T	41	13	24	1	0	20	0.0243902	41	0.512195	FALSE	NA	NA	NA	NA	NA	NA
2019-nCoV	8941	T	+G	28	12	23	1	0	20	0.0357143	28	0.517857	FALSE	NA	NA	NA	NA	NA	NA
2019-nCoV	8947	C	-A	41	15	24	1	0	20	0.0243902	41	0.512195	FALSE	NA	NA	NA	NA	NA	NA
2019-nCoV	8947	C	+T	41	15	24	1	0	20	0.0243902	41	0.512195	FALSE	NA	NA	NA	NA	NA	NA
2019-nCoV	8950	C	T	44	13	24	1	0	23	0.0222222	45	0.505618	FALSE	NA	NA	NA	NA	NA	NA
2019-nCoV	8951	T	+G	44	14	24	1	0	20	0.0227273	44	0.511364	FALSE	NA	NA	NA	NA	NA	NA
2019-nCoV	8958	C	T	40	14	24	1	1	31	0.0243902	41	0.506173	FALSE	NA	NA	NA	NA	NA	NA
2019-nCoV	8958	C	+A	40	14	24	2	0	20	0.0487805	41	0.259259	FALSE	NA	NA	NA	NA	NA	NA
2019-nCoV	8962	A	+C	36	13	23	1	0	20	0.0277778	36	0.513889	FALSE	NA	NA	NA	NA	NA	NA
2019-nCoV	8964	C	-A	32	12	22	1	0	20	0.03125	32	0.515625	FALSE	NA	NA	NA	NA	NA	NA
2019-nCoV	8964	C	+A	32	12	22	1	0	20	0.03125	32	0.515625	FALSE	NA	NA	NA	NA	NA	NA
2019-nCoV	8969	C	+T	32	13	23	1	0	20	0.03125	32	0.515625	FALSE	NA	NA	NA	NA	NA	NA
2019-nCoV	8986	C	-T	43	16	23	1	0	20	0.0232558	43	0.511628	FALSE	NA	NA	NA	NA	NA	NA
2019-nCoV	8987	T	C	32	4	24	1	1	30	0.030303	33	0.5	FALSE	NA	NA	NA	NA	NA	NA
2019-nCoV	8998	A	G	41	14	24	2	1	24	0.0465116	43	0.252941	FALSE	NA	NA	NA	NA	NA	NA
2019-nCoV	8999	G	+T	43	15	25	2	0	20	0.0465116	43	0.264635	FALSE	NA	NA	NA	NA	NA	NA
2019-nCoV	9003	G	+T	43	15	24	1	0	20	0.0232558	43	0.511628	FALSE	NA	NA	NA	NA	NA	NA
2019-nCoV	9005	G	-T	31	7	23	3	0	20	0.0967742	31	0.143625	FALSE	NA	NA	NA	NA	NA	NA
2019-nCoV	9005	G	+T	31	7	23	1	0	20	0.0322581	31	0.516129	FALSE	NA	NA	NA	NA	NA	NA
2019-nCoV	9049	G	A	25	6	24	1	0	22	0.0384615	26	0.509804	FALSE	NA	NA	NA	NA	NA	NA
2019-nCoV	9056	C	T	51	15	24	1	1	28	0.0192308	52	0.504854	FALSE	NA	NA	NA	NA	NA	NA
2019-nCoV	9066	A	+G	51	15	25	1	0	20	0.0196078	51	0.509804	FALSE	NA	NA	NA	NA	NA	NA
2019-nCoV	9068	G	-A	52	17	25	1	0	20	0.0192308	52	0.509615	FALSE	NA	NA	NA	NA	NA	NA
2019-nCoV	9072	C	T	46	10	25	1	0	25	0.0212766	47	0.505376	FALSE	NA	NA	NA	NA	NA	NA
2019-nCoV	9083	G	+A	54	17	25	1	0	20	0.0185185	54	0.509259	FALSE	NA	NA	NA	NA	NA	NA
2019-nCoV	9092	G	+T	53	17	24	2	0	20	0.0377358	53	0.261859	FALSE	NA	NA	NA	NA	NA	NA
2019-nCoV	9096	C	-T	53	17	25	1	0	20	0.0188679	53	0.509434	FALSE	NA	NA	NA	NA	NA	NA
2019-nCoV	9101	G	-A	48	14	25	1	0	20	0.0208333	48	0.510417	FALSE	NA	NA	NA	NA	NA	NA
2019-nCoV	9105	G	-T	50	16	24	1	0	20	0.02	50	0.51	FALSE	NA	NA	NA	NA	NA	NA
2019-nCoV	9108	T	C	31	16	22	1	0	23	0.03125	32	0.507937	FALSE	NA	NA	NA	NA	NA	NA
2019-nCoV	9108	T	-A	31	16	22	1	0	20	0.03125	32	0.507937	FALSE	NA	NA	NA	NA	NA	NA
2019-nCoV	9110	C	+GGGG	48	14	24	1	0	20	0.0208333	48	0.510417	FALSE	NA	NA	NA	NA	NA	NA
2019-nCoV	9111	G	-C	48	15	25	2	0	20	0.0416667	48	0.263101	FALSE	NA	NA	NA	NA	NA	NA
2019-nCoV	9111	G	+C	48	15	25	1	0	20	0.0208333	48	0.510417	FALSE	NA	NA	NA	NA	NA	NA
2019-nCoV	9119	A	G	53	17	25	1	1	26	0.0185185	54	0.504673	FALSE	NA	NA	NA	NA	NA	NA
2019-nCoV	9123	G	+T	52	17	26	1	0	20	0.0192308	52	0.509615	FALSE	NA	NA	NA	NA	NA	NA
2019-nCoV	9124	T	C	46	11	26	1	1	23	0.0212766	47	0.505376	FALSE	NA	NA	NA	NA	NA	NA
2019-nCoV	9129	T	C	46	12	25	1	1	24	0.0212766	47	0.505376	FALSE	NA	NA	NA	NA	NA	NA
2019-nCoV	9129	T	+G	46	12	25	1	0	20	0.0212766	47	0.505376	FALSE	NA	NA	NA	NA	NA	NA
2019-nCoV	9132	T	C	22	9	25	1	1	23	0.0434783	23	0.511111	FALSE	NA	NA	NA	NA	NA	NA
2019-nCoV	9135	T	+G	22	9	25	1	0	20	0.0454545	22	0.522727	FALSE	NA	NA	NA	NA	NA	NA
2019-nCoV	9148	T	G	16	9	25	1	1	27	0.0588235	17	0.515152	FALSE	NA	NA	NA	NA	NA	NA
2019-nCoV	9166	C	+G	17	10	24	1	0	20	0.0588235	17	0.529412	FALSE	NA	NA	NA	NA	NA	NA
2019-nCoV	9178	T	C	17	6	25	1	0	28	0.0555556	18	0.514286	FALSE	NA	NA	NA	NA	NA	NA
2019-nCoV	9188	G	+T	41	17	26	1	0	20	0.0243902	41	0.512195	FALSE	NA	NA	NA	NA	NA	NA
2019-nCoV	9195	C	+A	43	19	25	1	0	20	0.0232558	43	0.511628	FALSE	NA	NA	NA	NA	NA	NA
2019-nCoV	9198	C	+T	41	18	24	2	0	20	0.0487805	41	0.265354	FALSE	NA	NA	NA	NA	NA	NA
2019-nCoV	9210	A	G	17	8	25	1	0	27	0.0555556	18	0.514286	FALSE	NA	NA	NA	NA	NA	NA
2019-nCoV	9214	C	+G	21	8	25	1	0	20	0.047619	21	0.52381	FALSE	NA	NA	NA	NA	NA	NA
2019-nCoV	9228	C	+T	18	8	25	1	0	20	0.0555556	18	0.527778	FALSE	NA	NA	NA	NA	NA	NA
2019-nCoV	9243	A	T	14	4	24	1	1	25	0.0666667	15	0.517241	FALSE	NA	NA	NA	NA	NA	NA
2019-nCoV	9256	T	G	71	36	24	2	0	24	0.0273973	73	0.251724	FALSE	NA	NA	NA	NA	NA	NA
2019-nCoV	9256	T	+G	71	36	24	1	0	20	0.0136986	73	0.5	FALSE	NA	NA	NA	NA	NA	NA
2019-nCoV	9259	A	G	74	35	24	1	1	23	0.0133333	75	0.503356	FALSE	NA	NA	NA	NA	NA	NA
2019-nCoV	9259	A	+G	74	35	24	1	0	20	0.0133333	75	0.503356	FALSE	NA	NA	NA	NA	NA	NA
2019-nCoV	9262	T	A	76	37	24	1	0	27	0.012987	77	0.503268	FALSE	NA	NA	NA	NA	NA	NA
2019-nCoV	9268	T	C	72	36	24	1	1	20	0.0136986	73	0.503448	FALSE	NA	NA	NA	NA	NA	NA
2019-nCoV	9268	T	+G	72	36	24	1	0	20	0.0136986	73	0.503448	FALSE	NA	NA	NA	NA	NA	NA
2019-nCoV	9270	G	+T	65	37	23	1	0	20	0.0153846	65	0.507692	FALSE	NA	NA	NA	NA	NA	NA
2019-nCoV	9271	T	+C	75	36	24	1	0	20	0.0133333	75	0.506667	FALSE	NA	NA	NA	NA	NA	NA
2019-nCoV	9274	A	-T	74	38	24	1	0	20	0.0135135	74	0.506757	FALSE	NA	NA	NA	NA	NA	NA
2019-nCoV	9275	T	-G	71	37	24	1	0	20	0.0138889	72	0.503497	FALSE	NA	NA	NA	NA	NA	NA
2019-nCoV	9275	T	+G	71	37	24	1	0	20	0.0138889	72	0.503497	FALSE	NA	NA	NA	NA	NA	NA
2019-nCoV	9278	G	T	53	40	24	1	0	20	0.0185185	54	0.504673	FALSE	NA	NA	NA	NA	NA	NA
2019-nCoV	9278	G	+GT	53	40	24	1	0	20	0.0185185	54	0.504673	FALSE	NA	NA	NA	NA	NA	NA
2019-nCoV	9279	T	A	74	39	24	2	0	21	0.0263158	76	0.251656	FALSE	NA	NA	NA	NA	NA	NA
2019-nCoV	9280	A	G	72	38	24	1	0	20	0.0136986	73	0.503448	FALSE	NA	NA	NA	NA	NA	NA
2019-nCoV	9291	A	-T	69	36	25	1	0	20	0.0144928	69	0.507246	FALSE	NA	NA	NA	NA	NA	NA
2019-nCoV	9294	A	+T	69	36	25	1	0	20	0.0144928	69	0.507246	FALSE	NA	NA	NA	NA	NA	NA
2019-nCoV	9296	T	+TA	66	40	24	1	0	20	0.0151515	66	0.507576	FALSE	NA	NA	NA	NA	NA	NA
2019-nCoV	9303	C	+T	69	40	24	1	0	20	0.0144928	69	0.507246	FALSE	NA	NA	NA	NA	NA	NA
2019-nCoV	9304	T	C	52	20	23	1	1	27	0.0188679	53	0.504762	FALSE	NA	NA	NA	NA	NA	NA
2019-nCoV	9313	A	-G	71	40	24	2	0	20	0.028169	71	0.25884	FALSE	NA	NA	NA	NA	NA	NA
2019-nCoV	9314	G	-T	63	37	23	13	0	20	0.206349	63	2.5882e-4	TRUE	NA	NA	NA	NA	NA	NA
2019-nCoV	9314	G	+T	63	37	23	3	0	20	0.047619	63	0.134046	FALSE	NA	NA	NA	NA	NA	NA
2019-nCoV	9318	T	C	42	41	24	1	0	21	0.0232558	43	0.505882	FALSE	NA	NA	NA	NA	NA	NA
2019-nCoV	9328	A	G	70	37	25	3	0	26	0.0410959	73	0.124982	FALSE	NA	NA	NA	NA	NA	NA
2019-nCoV	9332	G	+T	72	39	25	1	0	20	0.0138889	72	0.506944	FALSE	NA	NA	NA	NA	NA	NA
2019-nCoV	9332	G	+A	72	39	25	1	0	20	0.0138889	72	0.506944	FALSE	NA	NA	NA	NA	NA	NA
2019-nCoV	9334	T	C	71	39	25	1	1	29	0.0138889	72	0.503497	FALSE	NA	NA	NA	NA	NA	NA
2019-nCoV	9336	T	-A	70	39	25	2	0	20	0.0285714	70	0.258967	FALSE	NA	NA	NA	NA	NA	NA
2019-nCoV	9336	T	+A	70	39	25	2	0	20	0.0285714	70	0.258967	FALSE	NA	NA	NA	NA	NA	NA
2019-nCoV	9338	A	G	72	39	26	1	0	25	0.0136986	73	0.503448	FALSE	NA	NA	NA	NA	NA	NA
2019-nCoV	9339	A	+AT	53	41	24	1	0	20	0.0188679	53	0.509434	FALSE	NA	NA	NA	NA	NA	NA
2019-nCoV	9341	T	C	77	43	26	1	0	20	0.0128205	78	0.503226	FALSE	NA	NA	NA	NA	NA	NA
2019-nCoV	9343	A	-C	72	39	23	9	0	20	0.125	72	0.00278264	TRUE	NA	NA	NA	NA	NA	NA
2019-nCoV	9344	C	T	0	0	0	37	5	24	1	37	7.7351e-23	TRUE	NA	NA	NA	NA	NA	NA
2019-nCoV	9353	A	+T	72	38	25	1	0	20	0.0138889	72	0.506944	FALSE	NA	NA	NA	NA	NA	NA
2019-nCoV	9355	G	-T	70	38	24	2	0	20	0.0285714	70	0.258967	FALSE	NA	NA	NA	NA	NA	NA
2019-nCoV	9355	G	+T	70	38	24	1	0	20	0.0142857	70	0.507143	FALSE	NA	NA	NA	NA	NA	NA
2019-nCoV	9357	T	C	77	42	25	1	0	30	0.0128205	78	0.503226	FALSE	NA	NA	NA	NA	NA	NA
2019-nCoV	9361	A	G	71	40	25	1	0	24	0.0138889	72	0.503497	FALSE	NA	NA	NA	NA	NA	NA
2019-nCoV	9368	A	G	59	39	24	1	1	24	0.0166667	60	0.504202	FALSE	NA	NA	NA	NA	NA	NA
2019-nCoV	9370	T	C	59	37	23	1	1	22	0.0166667	60	0.504202	FALSE	NA	NA	NA	NA	NA	NA
2019-nCoV	9376	T	C	72	38	25	1	1	23	0.0136986	73	0.503448	FALSE	NA	NA	NA	NA	NA	NA
2019-nCoV	9378	T	C	61	27	24	1	0	26	0.016129	62	0.504065	FALSE	NA	NA	NA	NA	NA	NA
2019-nCoV	9379	T	+G	64	43	24	1	0	20	0.015625	64	0.507813	FALSE	NA	NA	NA	NA	NA	NA
2019-nCoV	9384	C	+T	72	38	24	2	0	20	0.0277778	72	0.258716	FALSE	NA	NA	NA	NA	NA	NA
2019-nCoV	9385	T	G	52	21	23	1	0	22	0.0188679	53	0.504762	FALSE	NA	NA	NA	NA	NA	NA
2019-nCoV	9391	C	T	58	33	26	1	0	27	0.0169492	59	0.504274	FALSE	NA	NA	NA	NA	NA	NA
2019-nCoV	9396	C	+G	59	34	26	1	0	20	0.0169492	59	0.508475	FALSE	NA	NA	NA	NA	NA	NA
2019-nCoV	9417	G	+A	51	32	24	1	0	20	0.0196078	51	0.509804	FALSE	NA	NA	NA	NA	NA	NA
2019-nCoV	9424	A	G	0	0	0	48	23	23	1	48	3.1079699999999995e-28	TRUE	NA	NA	NA	NA	NA	NA
2019-nCoV	9431	G	-T	57	32	25	1	0	20	0.0175439	57	0.508772	FALSE	NA	NA	NA	NA	NA	NA
2019-nCoV	9440	T	-G	60	35	25	1	0	20	0.0166667	60	0.508333	FALSE	NA	NA	NA	NA	NA	NA
2019-nCoV	9445	T	C	48	31	24	1	1	27	0.0204082	49	0.505155	FALSE	NA	NA	NA	NA	NA	NA
2019-nCoV	9452	T	C	52	33	24	1	0	22	0.0188679	53	0.504762	FALSE	NA	NA	NA	NA	NA	NA
2019-nCoV	9453	A	-T	54	34	23	9	0	20	0.166667	54	0.00310453	TRUE	NA	NA	NA	NA	NA	NA
2019-nCoV	9458	A	+T	56	35	24	1	0	20	0.0178571	56	0.508929	FALSE	NA	NA	NA	NA	NA	NA
2019-nCoV	9460	G	+A	58	33	25	1	0	20	0.0172414	58	0.508621	FALSE	NA	NA	NA	NA	NA	NA
2019-nCoV	9462	G	-GT	50	26	23	1	0	20	0.02	50	0.51	FALSE	NA	NA	NA	NA	NA	NA
2019-nCoV	9473	G	+C	60	36	24	1	0	20	0.0166667	60	0.508333	FALSE	NA	NA	NA	NA	NA	NA
2019-nCoV	9474	C	+T	61	36	24	1	0	20	0.0163934	61	0.508197	FALSE	NA	NA	NA	NA	NA	NA
2019-nCoV	9475	T	C	28	3	24	3	3	25	0.0967742	31	0.124896	FALSE	NA	NA	NA	NA	NA	NA
2019-nCoV	9581	T	C	17	10	23	1	0	25	0.0555556	18	0.514286	FALSE	NA	NA	NA	NA	NA	NA
2019-nCoV	9584	G	+T	19	6	23	2	0	20	0.105263	19	0.283401	FALSE	NA	NA	NA	NA	NA	NA
2019-nCoV	9587	A	-T	19	6	23	2	0	20	0.105263	19	0.283401	FALSE	NA	NA	NA	NA	NA	NA
2019-nCoV	9587	A	+C	19	6	23	1	0	20	0.0526316	19	0.526316	FALSE	NA	NA	NA	NA	NA	NA
2019-nCoV	9592	C	+T	21	10	23	1	0	20	0.047619	21	0.52381	FALSE	NA	NA	NA	NA	NA	NA
2019-nCoV	9597	A	-C	17	7	24	1	0	20	0.0588235	17	0.529412	FALSE	NA	NA	NA	NA	NA	NA
2019-nCoV	9598	C	T	15	6	24	1	1	20	0.0625	16	0.5	FALSE	NA	NA	NA	NA	NA	NA
2019-nCoV	9598	C	+T	15	6	24	1	0	20	0.0588235	17	0.5	FALSE	NA	NA	NA	NA	NA	NA
2019-nCoV	9601	G	C	15	8	24	1	1	25	0.0625	16	0.516129	FALSE	NA	NA	NA	NA	NA	NA
2019-nCoV	9602	A	G	19	10	24	1	1	24	0.05	20	0.512821	FALSE	NA	NA	NA	NA	NA	NA
2019-nCoV	9604	A	C	18	9	23	1	0	21	0.0526316	19	0.513514	FALSE	NA	NA	NA	NA	NA	NA
2019-nCoV	9604	A	+T	18	9	23	2	0	20	0.105263	19	0.27027	FALSE	NA	NA	NA	NA	NA	NA
2019-nCoV	9604	A	+AT	18	9	23	1	0	20	0.0526316	19	0.513514	FALSE	NA	NA	NA	NA	NA	NA
2019-nCoV	9609	A	+T	16	7	22	1	0	20	0.0625	16	0.53125	FALSE	NA	NA	NA	NA	NA	NA
2019-nCoV	9611	C	+T	15	7	23	2	0	20	0.133333	15	0.292473	FALSE	NA	NA	NA	NA	NA	NA
2019-nCoV	9622	T	+G	17	9	24	1	0	20	0.0588235	17	0.529412	FALSE	NA	NA	NA	NA	NA	NA
2019-nCoV	9627	C	-TT	17	7	23	1	0	20	0.0588235	17	0.529412	FALSE	NA	NA	NA	NA	NA	NA
2019-nCoV	9627	C	-T	17	7	23	6	0	20	0.352941	17	0.0309404	FALSE	NA	NA	NA	NA	NA	NA
2019-nCoV	9627	C	+T	17	7	23	1	0	20	0.0588235	17	0.529412	FALSE	NA	NA	NA	NA	NA	NA
2019-nCoV	9632	T	C	23	13	24	1	0	24	0.0416667	24	0.510638	FALSE	NA	NA	NA	NA	NA	NA
2019-nCoV	9639	A	G	18	9	23	3	3	25	0.142857	21	0.124765	FALSE	NA	NA	NA	NA	NA	NA
2019-nCoV	9642	T	C	15	6	23	1	0	20	0.0625	16	0.516129	FALSE	NA	NA	NA	NA	NA	NA
2019-nCoV	9651	T	-G	22	13	25	1	0	20	0.0454545	22	0.522727	FALSE	NA	NA	NA	NA	NA	NA
2019-nCoV	9656	A	+C	20	10	25	1	0	20	0.05	20	0.525	FALSE	NA	NA	NA	NA	NA	NA
2019-nCoV	9662	A	+T	24	14	25	1	0	20	0.0416667	24	0.520833	FALSE	NA	NA	NA	NA	NA	NA
2019-nCoV	9670	A	-G	24	13	23	1	0	20	0.0416667	24	0.520833	FALSE	NA	NA	NA	NA	NA	NA
2019-nCoV	9693	C	+T	64	29	24	1	0	20	0.015625	64	0.507813	FALSE	NA	NA	NA	NA	NA	NA
2019-nCoV	9701	A	-T	61	30	24	2	0	20	0.0327869	61	0.260296	FALSE	NA	NA	NA	NA	NA	NA
2019-nCoV	9701	A	+T	61	30	24	3	0	20	0.0491803	61	0.134346	FALSE	NA	NA	NA	NA	NA	NA
2019-nCoV	9707	A	-T	63	29	24	1	0	20	0.015873	63	0.507937	FALSE	NA	NA	NA	NA	NA	NA
2019-nCoV	9707	A	+T	63	29	24	1	0	20	0.015873	63	0.507937	FALSE	NA	NA	NA	NA	NA	NA
2019-nCoV	9710	T	+TC	46	31	23	1	0	20	0.0217391	46	0.51087	FALSE	NA	NA	NA	NA	NA	NA
2019-nCoV	9712	C	+T	52	31	24	1	0	20	0.0192308	52	0.509615	FALSE	NA	NA	NA	NA	NA	NA
2019-nCoV	9714	C	-A	63	30	24	1	0	20	0.015873	63	0.507937	FALSE	NA	NA	NA	NA	NA	NA
2019-nCoV	9714	C	+A	63	30	24	7	0	20	0.111111	63	0.010172	FALSE	NA	NA	NA	NA	NA	NA
2019-nCoV	9717	A	+AC	46	30	23	1	0	20	0.0217391	46	0.51087	FALSE	NA	NA	NA	NA	NA	NA
2019-nCoV	9718	G	T	64	30	24	1	0	23	0.0153846	65	0.503876	FALSE	NA	NA	NA	NA	NA	NA
2019-nCoV	9720	A	+T	66	31	24	2	0	20	0.030303	66	0.259512	FALSE	NA	NA	NA	NA	NA	NA
2019-nCoV	9725	T	+A	63	27	25	1	0	20	0.015873	63	0.507937	FALSE	NA	NA	NA	NA	NA	NA
2019-nCoV	9726	A	+T	62	27	24	2	0	20	0.0322581	62	0.260129	FALSE	NA	NA	NA	NA	NA	NA
2019-nCoV	9728	T	+TGG	56	31	23	1	0	20	0.0178571	56	0.508929	FALSE	NA	NA	NA	NA	NA	NA
2019-nCoV	9730	G	T	56	30	24	1	0	20	0.0175439	57	0.504425	FALSE	NA	NA	NA	NA	NA	NA
2019-nCoV	9733	C	-T	62	29	24	1	0	20	0.016129	62	0.508065	FALSE	NA	NA	NA	NA	NA	NA
2019-nCoV	9733	C	+T	62	29	24	3	0	20	0.0483871	62	0.134194	FALSE	NA	NA	NA	NA	NA	NA
2019-nCoV	9733	C	+G	62	29	24	1	0	20	0.016129	62	0.508065	FALSE	NA	NA	NA	NA	NA	NA
2019-nCoV	9735	T	A	61	28	26	2	1	25	0.031746	63	0.252	FALSE	NA	NA	NA	NA	NA	NA
2019-nCoV	9741	A	+T	54	30	24	2	0	20	0.037037	54	0.261638	FALSE	NA	NA	NA	NA	NA	NA
2019-nCoV	9741	A	+G	54	30	24	1	0	20	0.0185185	54	0.509259	FALSE	NA	NA	NA	NA	NA	NA
2019-nCoV	9746	C	+T	55	33	23	1	0	20	0.0181818	55	0.509091	FALSE	NA	NA	NA	NA	NA	NA
2019-nCoV	9747	T	+A	62	32	24	3	0	20	0.0483871	62	0.134194	FALSE	NA	NA	NA	NA	NA	NA
2019-nCoV	9751	G	+A	62	33	24	1	0	20	0.016129	62	0.508065	FALSE	NA	NA	NA	NA	NA	NA
2019-nCoV	9754	A	G	60	30	24	1	0	20	0.0163934	61	0.504132	FALSE	NA	NA	NA	NA	NA	NA
2019-nCoV	9757	T	C	60	28	25	2	1	28	0.0322581	62	0.252033	FALSE	NA	NA	NA	NA	NA	NA
2019-nCoV	9760	A	-G	61	28	24	1	0	20	0.0163934	61	0.508197	FALSE	NA	NA	NA	NA	NA	NA
2019-nCoV	9766	T	-A	40	28	23	5	0	20	0.125	40	0.039575	FALSE	NA	NA	NA	NA	NA	NA
2019-nCoV	9767	A	T	43	9	24	1	1	23	0.0222222	45	0.468085	FALSE	NA	NA	NA	NA	NA	NA
2019-nCoV	9767	A	G	43	9	24	1	1	21	0.0222222	45	0.468085	FALSE	NA	NA	NA	NA	NA	NA
2019-nCoV	9768	A	+T	54	27	22	1	0	20	0.0185185	54	0.509259	FALSE	NA	NA	NA	NA	NA	NA
2019-nCoV	9772	T	C	63	29	25	1	0	26	0.015625	64	0.503937	FALSE	NA	NA	NA	NA	NA	NA
2019-nCoV	9773	G	-T	65	30	24	1	0	20	0.0153846	65	0.507692	FALSE	NA	NA	NA	NA	NA	NA
2019-nCoV	9773	G	+T	65	30	24	1	0	20	0.0153846	65	0.507692	FALSE	NA	NA	NA	NA	NA	NA
2019-nCoV	9778	C	+T	51	32	23	1	0	20	0.0196078	51	0.509804	FALSE	NA	NA	NA	NA	NA	NA
2019-nCoV	9783	G	+AT	36	15	24	1	0	20	0.0277778	36	0.513889	FALSE	NA	NA	NA	NA	NA	NA
2019-nCoV	9786	C	-T	37	16	23	2	0	20	0.0540541	37	0.267027	FALSE	NA	NA	NA	NA	NA	NA
2019-nCoV	9791	G	-A	28	12	23	1	0	20	0.0357143	28	0.517857	FALSE	NA	NA	NA	NA	NA	NA
2019-nCoV	9798	C	T	32	10	24	1	1	24	0.030303	33	0.507692	FALSE	NA	NA	NA	NA	NA	NA
2019-nCoV	9798	C	+T	32	10	24	2	0	20	0.0606061	33	0.261538	FALSE	NA	NA	NA	NA	NA	NA
2019-nCoV	9802	G	A	38	16	24	1	0	27	0.025641	39	0.506494	FALSE	NA	NA	NA	NA	NA	NA
2019-nCoV	9809	A	G	28	9	24	2	2	22	0.0666667	30	0.254237	FALSE	NA	NA	NA	NA	NA	NA
2019-nCoV	9811	C	-T	20	14	24	6	0	20	0.3	20	0.0282662	FALSE	NA	NA	NA	NA	NA	NA
2019-nCoV	9811	C	+T	20	14	24	2	0	20	0.1	20	0.281707	FALSE	NA	NA	NA	NA	NA	NA
2019-nCoV	9817	G	+T	31	14	23	1	0	20	0.0322581	31	0.516129	FALSE	NA	NA	NA	NA	NA	NA
2019-nCoV	9823	T	+A	38	18	24	3	0	20	0.0789474	38	0.140123	FALSE	NA	NA	NA	NA	NA	NA
2019-nCoV	9824	A	G	29	7	24	1	1	27	0.0333333	30	0.508475	FALSE	NA	NA	NA	NA	NA	NA
2019-nCoV	9827	G	+A	36	17	24	1	0	20	0.0277778	36	0.513889	FALSE	NA	NA	NA	NA	NA	NA
2019-nCoV	9837	T	-A	36	16	23	1	0	20	0.0277778	36	0.513889	FALSE	NA	NA	NA	NA	NA	NA
2019-nCoV	9841	G	+T	35	16	23	1	0	20	0.0285714	35	0.514286	FALSE	NA	NA	NA	NA	NA	NA
2019-nCoV	9852	A	+T	30	10	23	1	0	20	0.0333333	30	0.516667	FALSE	NA	NA	NA	NA	NA	NA
2019-nCoV	9859	A	-T	71	37	24	1	0	20	0.0140845	71	0.507042	FALSE	NA	NA	NA	NA	NA	NA
2019-nCoV	9862	A	-C	63	36	24	1	0	20	0.015873	63	0.507937	FALSE	NA	NA	NA	NA	NA	NA
2019-nCoV	9864	C	+G	63	39	23	1	0	20	0.015873	63	0.507937	FALSE	NA	NA	NA	NA	NA	NA
2019-nCoV	9865	T	+C	71	38	24	1	0	20	0.0140845	71	0.507042	FALSE	NA	NA	NA	NA	NA	NA
2019-nCoV	9871	G	-C	68	35	24	1	0	20	0.0147059	68	0.507353	FALSE	NA	NA	NA	NA	NA	NA
2019-nCoV	9871	G	+T	68	35	24	2	0	20	0.0294118	68	0.259231	FALSE	NA	NA	NA	NA	NA	NA
2019-nCoV	9874	A	G	60	36	23	1	1	27	0.0163934	61	0.504132	FALSE	NA	NA	NA	NA	NA	NA
2019-nCoV	9874	A	+T	60	36	23	1	0	20	0.0163934	61	0.504132	FALSE	NA	NA	NA	NA	NA	NA
2019-nCoV	9877	T	-A	64	35	24	16	0	20	0.25	64	4.40867e-5	TRUE	NA	NA	NA	NA	NA	NA
2019-nCoV	9877	T	+A	64	35	24	1	0	20	0.015625	64	0.507813	FALSE	NA	NA	NA	NA	NA	NA
2019-nCoV	9879	A	G	59	35	23	1	0	27	0.0166667	60	0.504202	FALSE	NA	NA	NA	NA	NA	NA
2019-nCoV	9886	C	+G	65	33	24	1	0	20	0.0151515	66	0.503817	FALSE	NA	NA	NA	NA	NA	NA
2019-nCoV	9889	A	+G	72	38	25	1	0	20	0.0138889	72	0.506944	FALSE	NA	NA	NA	NA	NA	NA
2019-nCoV	9889	A	+C	72	38	25	1	0	20	0.0138889	72	0.506944	FALSE	NA	NA	NA	NA	NA	NA
2019-nCoV	9893	C	+T	71	37	25	3	0	20	0.0422535	71	0.133015	FALSE	NA	NA	NA	NA	NA	NA
2019-nCoV	9898	T	+A	74	42	25	1	0	20	0.0135135	74	0.506757	FALSE	NA	NA	NA	NA	NA	NA
2019-nCoV	9899	A	G	60	26	24	1	0	27	0.0163934	61	0.504132	FALSE	NA	NA	NA	NA	NA	NA
2019-nCoV	9901	T	+A	74	41	24	2	0	20	0.027027	74	0.25848	FALSE	NA	NA	NA	NA	NA	NA
2019-nCoV	9903	A	-G	64	42	24	1	0	20	0.015625	64	0.507813	FALSE	NA	NA	NA	NA	NA	NA
2019-nCoV	9910	G	+T	31	22	24	1	0	20	0.0322581	31	0.516129	FALSE	NA	NA	NA	NA	NA	NA
2019-nCoV	9911	T	C	30	22	24	1	0	24	0.0322581	31	0.508197	FALSE	NA	NA	NA	NA	NA	NA
2019-nCoV	9912	A	-T	26	19	23	2	0	20	0.0769231	26	0.274311	FALSE	NA	NA	NA	NA	NA	NA
2019-nCoV	9931	T	+A	34	21	24	1	0	20	0.0294118	34	0.514706	FALSE	NA	NA	NA	NA	NA	NA
2019-nCoV	9934	A	G	20	10	23	1	0	25	0.047619	21	0.512195	FALSE	NA	NA	NA	NA	NA	NA
2019-nCoV	9943	C	+A	35	22	25	1	0	20	0.0285714	35	0.514286	FALSE	NA	NA	NA	NA	NA	NA
2019-nCoV	9949	A	G	29	19	23	1	1	24	0.0333333	30	0.508475	FALSE	NA	NA	NA	NA	NA	NA
2019-nCoV	9954	C	+T	56	28	25	1	0	20	0.0178571	56	0.508929	FALSE	NA	NA	NA	NA	NA	NA
2019-nCoV	9957	G	-T	61	31	24	1	0	20	0.0163934	61	0.508197	FALSE	NA	NA	NA	NA	NA	NA
2019-nCoV	9969	C	-A	65	32	24	1	0	20	0.0153846	65	0.507692	FALSE	NA	NA	NA	NA	NA	NA
2019-nCoV	9969	C	+A	65	32	24	2	0	20	0.0307692	65	0.259659	FALSE	NA	NA	NA	NA	NA	NA
2019-nCoV	9979	C	-A	64	31	25	1	0	20	0.015625	64	0.507813	FALSE	NA	NA	NA	NA	NA	NA
2019-nCoV	9983	G	+AC	65	32	25	1	0	20	0.0153846	65	0.507692	FALSE	NA	NA	NA	NA	NA	NA
2019-nCoV	9987	T	+TA	53	33	24	1	0	20	0.0188679	53	0.509434	FALSE	NA	NA	NA	NA	NA	NA
2019-nCoV	9987	T	+C	53	33	24	1	0	20	0.0188679	53	0.509434	FALSE	NA	NA	NA	NA	NA	NA
2019-nCoV	9990	G	A	65	31	25	1	0	24	0.0151515	66	0.503817	FALSE	NA	NA	NA	NA	NA	NA
2019-nCoV	9991	T	+A	62	28	25	1	0	20	0.016129	62	0.508065	FALSE	NA	NA	NA	NA	NA	NA
2019-nCoV	9994	C	T	62	31	26	1	0	23	0.015873	63	0.504	FALSE	NA	NA	NA	NA	NA	NA
2019-nCoV	9995	T	A	61	30	26	1	0	27	0.016129	62	0.504065	FALSE	NA	NA	NA	NA	NA	NA
2019-nCoV	9996	C	+G	64	32	25	1	0	20	0.015625	64	0.507813	FALSE	NA	NA	NA	NA	NA	NA
2019-nCoV	9997	A	T	60	30	25	1	0	22	0.0163934	61	0.504132	FALSE	NA	NA	NA	NA	NA	NA
2019-nCoV	9997	A	+G	60	30	25	1	0	20	0.0163934	61	0.504132	FALSE	NA	NA	NA	NA	NA	NA
2019-nCoV	9999	G	+T	50	31	24	2	0	20	0.04	50	0.262574	FALSE	NA	NA	NA	NA	NA	NA
2019-nCoV	10004	G	+A	57	29	25	1	0	20	0.0175439	57	0.508772	FALSE	NA	NA	NA	NA	NA	NA
2019-nCoV	10007	G	+T	57	29	24	3	0	20	0.0526316	57	0.135011	FALSE	NA	NA	NA	NA	NA	NA
2019-nCoV	10010	C	-T	58	29	24	1	0	20	0.0172414	58	0.508621	FALSE	NA	NA	NA	NA	NA	NA
2019-nCoV	10013	T	C	39	31	25	2	1	27	0.0487805	41	0.253086	FALSE	NA	NA	NA	NA	NA	NA
2019-nCoV	10018	A	G	44	30	24	1	1	26	0.0222222	45	0.505618	FALSE	NA	NA	NA	NA	NA	NA
2019-nCoV	10024	A	T	62	32	24	1	0	20	0.015873	63	0.504	FALSE	NA	NA	NA	NA	NA	NA
2019-nCoV	10025	C	-A	59	32	24	2	0	20	0.0338983	59	0.260647	FALSE	NA	NA	NA	NA	NA	NA
2019-nCoV	10028	A	T	43	33	24	1	0	20	0.0227273	44	0.505747	FALSE	NA	NA	NA	NA	NA	NA
2019-nCoV	10029	C	T	2	1	20	60	32	24	0.967742	62	2.56838e-33	TRUE	NA	NA	NA	NA	NA	NA
2019-nCoV	10030	C	T	63	32	24	1	0	20	0.015625	64	0.503937	FALSE	NA	NA	NA	NA	NA	NA
2019-nCoV	10031	T	C	61	32	24	2	0	23	0.031746	63	0.252	FALSE	NA	NA	NA	NA	NA	NA
2019-nCoV	10031	T	+C	61	32	24	3	0	20	0.047619	63	0.128	FALSE	NA	NA	NA	NA	NA	NA
2019-nCoV	10033	T	+A	62	31	25	1	0	20	0.016129	62	0.508065	FALSE	NA	NA	NA	NA	NA	NA
2019-nCoV	10040	T	C	57	31	24	1	1	23	0.0172414	58	0.504348	FALSE	NA	NA	NA	NA	NA	NA
2019-nCoV	10040	T	+C	57	31	24	1	0	20	0.0172414	58	0.504348	FALSE	NA	NA	NA	NA	NA	NA
2019-nCoV	10042	A	+C	62	32	24	1	0	20	0.016129	62	0.508065	FALSE	NA	NA	NA	NA	NA	NA
2019-nCoV	10043	G	+T	63	33	24	1	0	20	0.015873	63	0.507937	FALSE	NA	NA	NA	NA	NA	NA
2019-nCoV	10046	G	-T	63	31	23	3	0	20	0.047619	63	0.134046	FALSE	NA	NA	NA	NA	NA	NA
2019-nCoV	10046	G	+T	63	31	23	2	0	20	0.031746	63	0.259968	FALSE	NA	NA	NA	NA	NA	NA
2019-nCoV	10050	T	C	34	30	22	1	1	23	0.0285714	35	0.507246	FALSE	NA	NA	NA	NA	NA	NA
2019-nCoV	10050	T	+G	34	30	22	1	0	20	0.0285714	35	0.507246	FALSE	NA	NA	NA	NA	NA	NA
2019-nCoV	10051	G	+T	55	26	23	1	0	20	0.0181818	55	0.509091	FALSE	NA	NA	NA	NA	NA	NA
2019-nCoV	10054	G	A	52	23	24	1	1	25	0.0188679	53	0.504762	FALSE	NA	NA	NA	NA	NA	NA
2019-nCoV	10059	G	-T	35	26	23	5	0	20	0.142857	35	0.0408478	FALSE	NA	NA	NA	NA	NA	NA
2019-nCoV	10059	G	+T	35	26	23	2	0	20	0.0571429	35	0.268008	FALSE	NA	NA	NA	NA	NA	NA
2019-nCoV	10063	T	+A	31	28	24	1	0	20	0.0322581	31	0.516129	FALSE	NA	NA	NA	NA	NA	NA
2019-nCoV	10065	G	-A	45	21	23	15	0	20	0.333333	45	1.11496e-4	TRUE	NA	NA	NA	NA	NA	NA
2019-nCoV	10070	A	T	21	21	23	1	0	24	0.0454545	22	0.511628	FALSE	NA	NA	NA	NA	NA	NA
2019-nCoV	10071	T	G	53	28	22	1	0	24	0.0185185	54	0.5	FALSE	NA	NA	NA	NA	NA	NA
2019-nCoV	10071	T	+G	53	28	22	1	0	20	0.0181818	55	0.5	FALSE	NA	NA	NA	NA	NA	NA
2019-nCoV	10073	G	-C	20	11	23	1	0	20	0.05	20	0.525	FALSE	NA	NA	NA	NA	NA	NA
2019-nCoV	10075	A	+T	28	11	23	1	0	20	0.0357143	28	0.517857	FALSE	NA	NA	NA	NA	NA	NA
2019-nCoV	10103	A	-T	28	13	24	1	0	20	0.0357143	28	0.517857	FALSE	NA	NA	NA	NA	NA	NA
2019-nCoV	10104	T	+G	25	11	24	1	0	20	0.04	25	0.52	FALSE	NA	NA	NA	NA	NA	NA
2019-nCoV	10113	T	-A	26	12	25	1	0	20	0.0384615	26	0.519231	FALSE	NA	NA	NA	NA	NA	NA
2019-nCoV	10116	C	+T	94	41	24	2	0	20	0.0212766	94	0.25667	FALSE	NA	NA	NA	NA	NA	NA
2019-nCoV	10120	T	+G	95	42	24	1	0	20	0.0105263	95	0.505263	FALSE	NA	NA	NA	NA	NA	NA
2019-nCoV	10122	G	+T	91	46	23	1	0	20	0.010989	91	0.505495	FALSE	NA	NA	NA	NA	NA	NA
2019-nCoV	10123	T	C	100	43	24	1	0	23	0.00990099	101	0.753731	FALSE	NA	NA	NA	NA	NA	NA
2019-nCoV	10123	T	+C	100	43	24	1	0	20	0.00990099	101	0.753731	FALSE	NA	NA	NA	NA	NA	NA
2019-nCoV	10125	C	-A	98	44	24	1	0	20	0.0102041	98	0.505102	FALSE	NA	NA	NA	NA	NA	NA
2019-nCoV	10126	A	G	84	29	24	1	0	22	0.0117647	85	0.5	FALSE	NA	NA	NA	NA	NA	NA
2019-nCoV	10127	A	+C	82	47	23	1	0	20	0.0121951	82	0.506098	FALSE	NA	NA	NA	NA	NA	NA
2019-nCoV	10128	C	+G	97	44	24	1	0	20	0.0103093	97	0.505155	FALSE	NA	NA	NA	NA	NA	NA
2019-nCoV	10128	C	+A	97	44	24	1	0	20	0.0103093	97	0.505155	FALSE	NA	NA	NA	NA	NA	NA
2019-nCoV	10133	C	-T	100	47	25	2	0	20	0.02	100	0.507463	FALSE	NA	NA	NA	NA	NA	NA
2019-nCoV	10133	C	+T	100	47	25	2	0	20	0.02	100	0.507463	FALSE	NA	NA	NA	NA	NA	NA
2019-nCoV	10138	C	-G	102	45	25	1	0	20	0.00980392	102	0.756109	FALSE	NA	NA	NA	NA	NA	NA
2019-nCoV	10138	C	+G	102	45	25	1	0	20	0.00980392	102	0.756109	FALSE	NA	NA	NA	NA	NA	NA
2019-nCoV	10139	G	A	95	37	24	1	1	27	0.0104167	96	0.5	FALSE	NA	NA	NA	NA	NA	NA
2019-nCoV	10142	C	-T	100	47	25	1	0	20	0.01	100	0.753731	FALSE	NA	NA	NA	NA	NA	NA
2019-nCoV	10142	C	+T	100	47	25	1	0	20	0.01	100	0.753731	FALSE	NA	NA	NA	NA	NA	NA
2019-nCoV	10144	T	C	104	49	26	2	0	22	0.0188679	106	0.503572	FALSE	NA	NA	NA	NA	NA	NA
2019-nCoV	10148	C	+T	99	48	25	1	0	20	0.010101	99	0.505051	FALSE	NA	NA	NA	NA	NA	NA
2019-nCoV	10148	C	+G	99	48	25	1	0	20	0.010101	99	0.505051	FALSE	NA	NA	NA	NA	NA	NA
2019-nCoV	10152	A	+C	102	48	25	1	0	20	0.00980392	102	0.756109	FALSE	NA	NA	NA	NA	NA	NA
2019-nCoV	10160	G	+T	76	35	25	1	0	20	0.0131579	76	0.506579	FALSE	NA	NA	NA	NA	NA	NA
2019-nCoV	10163	T	+A	51	35	25	1	0	20	0.0196078	51	0.509804	FALSE	NA	NA	NA	NA	NA	NA
2019-nCoV	10165	C	T	67	31	26	5	3	24	0.0684932	73	0.0290879	FALSE	NA	NA	NA	NA	NA	NA
2019-nCoV	10165	C	G	67	31	26	1	0	25	0.0136986	73	0.485714	FALSE	NA	NA	NA	NA	NA	NA
2019-nCoV	10166	T	+GA	72	35	25	1	0	20	0.0138889	72	0.506944	FALSE	NA	NA	NA	NA	NA	NA
2019-nCoV	10167	G	-T	71	34	25	1	0	20	0.0140845	71	0.507042	FALSE	NA	NA	NA	NA	NA	NA
2019-nCoV	10168	T	-C	72	34	25	1	0	20	0.0136986	73	0.503448	FALSE	NA	NA	NA	NA	NA	NA
2019-nCoV	10176	A	G	71	32	25	1	0	26	0.0138889	72	0.503497	FALSE	NA	NA	NA	NA	NA	NA
2019-nCoV	10185	G	A	73	31	25	1	1	22	0.0135135	74	0.503401	FALSE	NA	NA	NA	NA	NA	NA
2019-nCoV	10186	C	T	71	32	25	1	0	25	0.0138889	72	0.503497	FALSE	NA	NA	NA	NA	NA	NA
2019-nCoV	10187	A	-C	64	24	24	2	0	20	0.03125	64	0.259811	FALSE	NA	NA	NA	NA	NA	NA
2019-nCoV	10193	G	-A	70	32	25	2	0	20	0.0285714	70	0.258967	FALSE	NA	NA	NA	NA	NA	NA
2019-nCoV	10197	A	G	139	63	26	1	1	28	0.00714286	140	0.752688	FALSE	NA	NA	NA	NA	NA	NA
2019-nCoV	10198	C	T	0	0	0	140	64	25	1	140	3.04703e-81	TRUE	NA	NA	NA	NA	NA	NA
2019-nCoV	10198	C	+A	0	0	0	1	0	20	0.00714286	140	0.0142857	FALSE	NA	NA	NA	NA	NA	NA
2019-nCoV	10199	A	G	136	63	25	1	1	26	0.00729927	137	0.752747	FALSE	NA	NA	NA	NA	NA	NA
2019-nCoV	10200	T	C	135	65	25	1	0	27	0.00735294	136	0.752768	FALSE	NA	NA	NA	NA	NA	NA
2019-nCoV	10201	G	A	135	63	25	2	1	28	0.0145985	137	0.502757	FALSE	NA	NA	NA	NA	NA	NA
2019-nCoV	10201	G	+T	135	63	25	1	0	20	0.00729927	137	0.750923	FALSE	NA	NA	NA	NA	NA	NA
2019-nCoV	10202	C	T	136	64	25	1	0	20	0.00729927	137	0.752747	FALSE	NA	NA	NA	NA	NA	NA
2019-nCoV	10203	T	C	122	52	23	4	0	23	0.031746	126	0.187485	FALSE	NA	NA	NA	NA	NA	NA
2019-nCoV	10204	T	-A	100	63	24	2	0	20	0.02	100	0.507463	FALSE	NA	NA	NA	NA	NA	NA
2019-nCoV	10205	A	-AC	103	44	23	1	0	20	0.00943396	106	0.748804	FALSE	NA	NA	NA	NA	NA	NA
2019-nCoV	10210	T	-A	119	54	24	1	0	20	0.00840336	119	0.755239	FALSE	NA	NA	NA	NA	NA	NA
2019-nCoV	10213	T	C	111	40	24	2	1	23	0.0176991	113	0.503348	FALSE	NA	NA	NA	NA	NA	NA
2019-nCoV	10214	T	C	102	61	24	1	1	27	0.00970874	103	0.753659	FALSE	NA	NA	NA	NA	NA	NA
2019-nCoV	10216	T	+C	127	62	25	1	0	20	0.00787402	127	0.75491	FALSE	NA	NA	NA	NA	NA	NA
2019-nCoV	10217	G	+A	130	62	25	1	0	20	0.00769231	130	0.754797	FALSE	NA	NA	NA	NA	NA	NA
2019-nCoV	10225	A	-C	124	59	24	1	0	20	0.00806452	124	0.755028	FALSE	NA	NA	NA	NA	NA	NA
2019-nCoV	10226	C	T	126	60	25	1	0	29	0.00787402	127	0.750988	FALSE	NA	NA	NA	NA	NA	NA
2019-nCoV	10226	C	+G	126	60	25	1	0	20	0.0078125	128	0.750988	FALSE	NA	NA	NA	NA	NA	NA
2019-nCoV	10227	T	-C	130	59	24	4	0	20	0.0307692	130	0.197212	FALSE	NA	NA	NA	NA	NA	NA
2019-nCoV	10229	A	-T	125	62	24	1	0	20	0.008	125	0.754988	FALSE	NA	NA	NA	NA	NA	NA
2019-nCoV	10229	A	+T	125	62	24	1	0	20	0.008	125	0.754988	FALSE	NA	NA	NA	NA	NA	NA
2019-nCoV	10232	C	A	122	61	25	1	1	27	0.00813008	123	0.753061	FALSE	NA	NA	NA	NA	NA	NA
2019-nCoV	10233	G	+A	131	62	25	1	0	20	0.00763359	131	0.75476	FALSE	NA	NA	NA	NA	NA	NA
2019-nCoV	10237	G	+T	126	64	25	1	0	20	0.00793651	126	0.754948	FALSE	NA	NA	NA	NA	NA	NA
2019-nCoV	10240	T	C	129	64	25	1	1	32	0.00769231	130	0.501931	FALSE	NA	NA	NA	NA	NA	NA
2019-nCoV	10240	T	+A	129	64	25	1	0	20	0.00769231	130	0.752896	FALSE	NA	NA	NA	NA	NA	NA
2019-nCoV	10246	T	+C	122	64	25	1	0	20	0.00819672	122	0.75511	FALSE	NA	NA	NA	NA	NA	NA
2019-nCoV	10246	T	+A	122	64	25	1	0	20	0.00819672	122	0.75511	FALSE	NA	NA	NA	NA	NA	NA
2019-nCoV	10248	A	+T	99	66	24	2	0	20	0.020202	99	0.256332	FALSE	NA	NA	NA	NA	NA	NA
2019-nCoV	10249	T	C	108	42	23	2	0	24	0.0181818	110	0.50344	FALSE	NA	NA	NA	NA	NA	NA
2019-nCoV	10251	T	+C	82	64	25	1	0	20	0.0121951	82	0.506098	FALSE	NA	NA	NA	NA	NA	NA
2019-nCoV	10254	T	-G	121	63	24	1	0	20	0.00826446	121	0.755152	FALSE	NA	NA	NA	NA	NA	NA
2019-nCoV	10257	T	C	131	62	25	1	1	27	0.00757576	132	0.752852	FALSE	NA	NA	NA	NA	NA	NA
2019-nCoV	10258	A	G	129	65	25	1	0	22	0.00769231	130	0.752896	FALSE	NA	NA	NA	NA	NA	NA
2019-nCoV	10262	G	+GC	117	64	24	1	0	20	0.00854701	117	0.755328	FALSE	NA	NA	NA	NA	NA	NA
2019-nCoV	10262	G	+C	117	64	24	1	0	20	0.00854701	117	0.755328	FALSE	NA	NA	NA	NA	NA	NA
2019-nCoV	10264	T	-G	121	64	25	1	0	20	0.00826446	121	0.755152	FALSE	NA	NA	NA	NA	NA	NA
2019-nCoV	10266	G	+T	105	62	24	1	0	20	0.00952381	105	0.755935	FALSE	NA	NA	NA	NA	NA	NA
2019-nCoV	10267	T	+A	118	58	25	3	0	20	0.0254237	118	0.323673	FALSE	NA	NA	NA	NA	NA	NA
2019-nCoV	10271	G	+T	120	60	25	1	0	20	0.00833333	120	0.755195	FALSE	NA	NA	NA	NA	NA	NA
2019-nCoV	10277	C	+G	125	62	25	1	0	20	0.008	125	0.754988	FALSE	NA	NA	NA	NA	NA	NA
2019-nCoV	10278	T	+A	120	60	25	1	0	20	0.00833333	120	0.755195	FALSE	NA	NA	NA	NA	NA	NA
2019-nCoV	10280	A	-G	121	61	25	2	0	20	0.0165289	121	0.509297	FALSE	NA	NA	NA	NA	NA	NA
2019-nCoV	10280	A	+G	121	61	25	1	0	20	0.00826446	121	0.755152	FALSE	NA	NA	NA	NA	NA	NA
2019-nCoV	10283	G	+T	90	62	24	1	0	20	0.0111111	90	0.505556	FALSE	NA	NA	NA	NA	NA	NA
2019-nCoV	10285	T	+C	100	63	24	1	0	20	0.01	100	0.753731	FALSE	NA	NA	NA	NA	NA	NA
2019-nCoV	10286	A	+T	119	61	25	3	0	20	0.0252101	119	0.323578	FALSE	NA	NA	NA	NA	NA	NA
2019-nCoV	10292	C	+A	126	64	25	2	0	20	0.015873	126	0.508928	FALSE	NA	NA	NA	NA	NA	NA
2019-nCoV	10294	T	C	116	55	24	1	0	22	0.00854701	117	0.753219	FALSE	NA	NA	NA	NA	NA	NA
2019-nCoV	10295	T	+G	115	67	24	1	0	20	0.00869565	115	0.755421	FALSE	NA	NA	NA	NA	NA	NA
2019-nCoV	10301	C	T	117	62	24	1	0	28	0.00847458	118	0.753191	FALSE	NA	NA	NA	NA	NA	NA
2019-nCoV	10301	C	-A	117	62	24	3	0	20	0.0254237	118	0.320496	FALSE	NA	NA	NA	NA	NA	NA
2019-nCoV	10301	C	+A	117	62	24	2	0	20	0.0169492	118	0.506383	FALSE	NA	NA	NA	NA	NA	NA
2019-nCoV	10302	A	T	67	11	24	1	1	20	0.0147059	68	0.49635	FALSE	NA	NA	NA	NA	NA	NA
2019-nCoV	10309	T	C	111	63	24	1	1	30	0.00892857	112	0.502242	FALSE	NA	NA	NA	NA	NA	NA
2019-nCoV	10311	T	+A	114	64	24	1	0	20	0.00877193	114	0.755468	FALSE	NA	NA	NA	NA	NA	NA
2019-nCoV	10312	A	+C	110	61	25	1	0	20	0.00909091	110	0.755666	FALSE	NA	NA	NA	NA	NA	NA
2019-nCoV	10313	C	+T	110	63	24	5	0	20	0.0454545	110	0.119166	FALSE	NA	NA	NA	NA	NA	NA
2019-nCoV	10314	T	C	100	45	24	2	0	22	0.0196078	102	0.503713	FALSE	NA	NA	NA	NA	NA	NA
2019-nCoV	10315	T	+A	98	64	24	1	0	20	0.0102041	98	0.505102	FALSE	NA	NA	NA	NA	NA	NA
2019-nCoV	10316	A	G	101	45	24	1	1	27	0.00980392	102	0.753695	FALSE	NA	NA	NA	NA	NA	NA
2019-nCoV	10319	C	+T	124	67	25	1	0	20	0.00806452	124	0.755028	FALSE	NA	NA	NA	NA	NA	NA
2019-nCoV	10321	T	+A	108	68	24	1	0	20	0.00925926	108	0.755771	FALSE	NA	NA	NA	NA	NA	NA
2019-nCoV	10327	T	C	105	60	24	1	0	27	0.00943396	106	0.753555	FALSE	NA	NA	NA	NA	NA	NA
2019-nCoV	10332	C	A	50	29	25	1	0	26	0.0196078	51	0.50495	FALSE	NA	NA	NA	NA	NA	NA
2019-nCoV	10339	T	+C	51	29	25	1	0	20	0.0196078	51	0.509804	FALSE	NA	NA	NA	NA	NA	NA
2019-nCoV	10342	T	+A	53	31	25	1	0	20	0.0188679	53	0.509434	FALSE	NA	NA	NA	NA	NA	NA
2019-nCoV	10347	C	+A	53	31	25	1	0	20	0.0188679	53	0.509434	FALSE	NA	NA	NA	NA	NA	NA
2019-nCoV	10348	A	+C	54	31	25	1	0	20	0.0185185	54	0.509259	FALSE	NA	NA	NA	NA	NA	NA
2019-nCoV	10360	G	+T	46	29	24	3	0	20	0.0652174	46	0.137447	FALSE	NA	NA	NA	NA	NA	NA
2019-nCoV	10365	T	C	38	19	23	1	1	20	0.025641	39	0.506494	FALSE	NA	NA	NA	NA	NA	NA
2019-nCoV	10367	C	T	47	28	24	1	1	20	0.0208333	48	0.505263	FALSE	NA	NA	NA	NA	NA	NA
2019-nCoV	10368	G	+C	45	23	24	1	0	20	0.0222222	45	0.511111	FALSE	NA	NA	NA	NA	NA	NA
2019-nCoV	10370	A	+T	48	26	24	1	0	20	0.0208333	48	0.510417	FALSE	NA	NA	NA	NA	NA	NA
2019-nCoV	10371	T	C	46	23	23	1	1	27	0.0212766	47	0.505376	FALSE	NA	NA	NA	NA	NA	NA
2019-nCoV	10373	C	+G	51	30	25	1	0	20	0.0196078	51	0.509804	FALSE	NA	NA	NA	NA	NA	NA
2019-nCoV	10373	C	+A	51	30	25	2	0	20	0.0392157	51	0.262326	FALSE	NA	NA	NA	NA	NA	NA
2019-nCoV	10378	A	+G	49	29	24	1	0	20	0.0204082	49	0.510204	FALSE	NA	NA	NA	NA	NA	NA
2019-nCoV	10385	A	+T	61	34	23	1	0	20	0.0163934	61	0.508197	FALSE	NA	NA	NA	NA	NA	NA
2019-nCoV	10385	A	+G	61	34	23	1	0	20	0.0163934	61	0.508197	FALSE	NA	NA	NA	NA	NA	NA
2019-nCoV	10386	C	-T	53	31	22	10	0	20	0.188679	53	0.00171458	TRUE	NA	NA	NA	NA	NA	NA
2019-nCoV	10386	C	+T	53	31	22	4	0	20	0.0754717	53	0.0710034	FALSE	NA	NA	NA	NA	NA	NA
2019-nCoV	10395	T	A	59	33	24	1	0	23	0.0166667	60	0.504202	FALSE	NA	NA	NA	NA	NA	NA
2019-nCoV	10396	G	-T	54	34	24	6	0	20	0.111111	54	0.019815	FALSE	NA	NA	NA	NA	NA	NA
2019-nCoV	10427	G	+T	13	2	23	2	0	20	0.153846	13	0.299145	FALSE	NA	NA	NA	NA	NA	NA
2019-nCoV	10447	G	A	0	0	0	13	2	25	1	13	1.92297e-7	TRUE	NA	NA	NA	NA	NA	NA
2019-nCoV	10449	C	A	0	0	0	12	2	25	1	12	7.39602e-7	TRUE	NA	NA	NA	NA	NA	NA
2019-nCoV	10464	A	-G	4	1	22	1	0	20	0.25	4	0.625	FALSE	NA	NA	NA	NA	NA	NA
2019-nCoV	10469	T	C	8	2	22	1	0	24	0.111111	9	0.529412	FALSE	NA	NA	NA	NA	NA	NA
2019-nCoV	10500	G	-T	6	2	22	2	0	20	0.333333	6	0.358974	FALSE	NA	NA	NA	NA	NA	NA
2019-nCoV	10518	A	T	11	3	25	2	0	24	0.153846	13	0.26	FALSE	NA	NA	NA	NA	NA	NA
2019-nCoV	10527	C	-T	9	2	22	1	0	20	0.111111	9	0.555556	FALSE	NA	NA	NA	NA	NA	NA
2019-nCoV	10594	C	-T	11	4	25	1	0	20	0.0909091	11	0.545455	FALSE	NA	NA	NA	NA	NA	NA
2019-nCoV	10657	A	C	49	13	25	3	2	24	0.0576923	52	0.124964	FALSE	NA	NA	NA	NA	NA	NA
2019-nCoV	10664	G	-T	47	15	24	2	0	20	0.0425532	47	0.263382	FALSE	NA	NA	NA	NA	NA	NA
2019-nCoV	10664	G	+T	47	15	24	1	0	20	0.0212766	47	0.510638	FALSE	NA	NA	NA	NA	NA	NA
2019-nCoV	10669	A	G	52	16	24	1	0	23	0.0188679	53	0.504762	FALSE	NA	NA	NA	NA	NA	NA
2019-nCoV	10684	T	+TG	62	22	25	1	0	20	0.016129	62	0.508065	FALSE	NA	NA	NA	NA	NA	NA
2019-nCoV	10685	G	T	61	22	25	1	0	24	0.016129	62	0.504065	FALSE	NA	NA	NA	NA	NA	NA
2019-nCoV	10685	G	+T	61	22	25	1	0	20	0.016129	62	0.504065	FALSE	NA	NA	NA	NA	NA	NA
2019-nCoV	10692	T	+A	66	22	25	1	0	20	0.0151515	66	0.507576	FALSE	NA	NA	NA	NA	NA	NA
2019-nCoV	10695	A	G	42	22	23	1	1	27	0.0232558	43	0.505882	FALSE	NA	NA	NA	NA	NA	NA
2019-nCoV	10708	G	-T	39	20	24	1	0	20	0.025641	39	0.512821	FALSE	NA	NA	NA	NA	NA	NA
2019-nCoV	10710	T	A	56	20	26	1	0	27	0.0175439	57	0.504425	FALSE	NA	NA	NA	NA	NA	NA
2019-nCoV	10711	T	A	35	20	24	1	0	26	0.0277778	36	0.507042	FALSE	NA	NA	NA	NA	NA	NA
2019-nCoV	10714	C	+A	54	20	25	1	0	20	0.0185185	54	0.509259	FALSE	NA	NA	NA	NA	NA	NA
2019-nCoV	10720	A	-T	156	55	24	4	0	20	0.025641	156	0.19558	FALSE	NA	NA	NA	NA	NA	NA
2019-nCoV	10720	A	+T	156	55	24	4	0	20	0.025641	156	0.19558	FALSE	NA	NA	NA	NA	NA	NA
2019-nCoV	10720	A	+C	156	55	24	1	0	20	0.00641026	156	0.753999	FALSE	NA	NA	NA	NA	NA	NA
2019-nCoV	10724	A	+C	152	54	24	1	0	20	0.00657895	152	0.754104	FALSE	NA	NA	NA	NA	NA	NA
2019-nCoV	10726	C	T	117	54	23	1	1	27	0.00847458	118	0.753191	FALSE	NA	NA	NA	NA	NA	NA
2019-nCoV	10726	C	+CA	117	54	23	1	0	20	0.00847458	118	0.753191	FALSE	NA	NA	NA	NA	NA	NA
2019-nCoV	10728	C	+A	161	59	24	4	0	20	0.0248447	161	0.195327	FALSE	NA	NA	NA	NA	NA	NA
2019-nCoV	10730	A	G	121	60	24	1	0	27	0.00819672	122	0.753086	FALSE	NA	NA	NA	NA	NA	NA
2019-nCoV	10731	C	T	162	59	25	1	0	24	0.00613497	163	0.752308	FALSE	NA	NA	NA	NA	NA	NA
2019-nCoV	10732	T	C	160	60	25	1	0	33	0.00621118	161	0.501558	FALSE	NA	NA	NA	NA	NA	NA
2019-nCoV	10732	T	+C	160	60	25	3	0	20	0.0186335	161	0.31835	FALSE	NA	NA	NA	NA	NA	NA
2019-nCoV	10733	C	+T	161	60	25	2	0	20	0.0124224	161	0.506987	FALSE	NA	NA	NA	NA	NA	NA
2019-nCoV	10734	T	C	156	52	24	1	0	23	0.00636943	157	0.752396	FALSE	NA	NA	NA	NA	NA	NA
2019-nCoV	10735	T	+TA	127	59	24	1	0	20	0.00787402	127	0.75491	FALSE	NA	NA	NA	NA	NA	NA
2019-nCoV	10737	A	C	125	60	24	1	0	20	0.00793651	126	0.752988	FALSE	NA	NA	NA	NA	NA	NA
2019-nCoV	10738	T	C	162	60	25	1	1	28	0.00613497	163	0.752308	FALSE	NA	NA	NA	NA	NA	NA
2019-nCoV	10741	C	-T	161	60	24	3	0	20	0.0186335	161	0.320679	FALSE	NA	NA	NA	NA	NA	NA
2019-nCoV	10741	C	+T	161	60	24	4	0	20	0.0248447	161	0.195327	FALSE	NA	NA	NA	NA	NA	NA
2019-nCoV	10748	C	+T	118	57	23	1	0	20	0.00847458	118	0.755283	FALSE	NA	NA	NA	NA	NA	NA
2019-nCoV	10752	T	C	156	56	24	1	0	22	0.00636943	157	0.752396	FALSE	NA	NA	NA	NA	NA	NA
2019-nCoV	10752	T	+C	156	56	24	1	0	20	0.00636943	157	0.752396	FALSE	NA	NA	NA	NA	NA	NA
2019-nCoV	10756	T	+A	166	58	25	1	0	20	0.0060241	166	0.753758	FALSE	NA	NA	NA	NA	NA	NA
2019-nCoV	10757	A	G	161	57	25	1	1	26	0.00617284	162	0.752322	FALSE	NA	NA	NA	NA	NA	NA
2019-nCoV	10759	G	+A	162	59	25	1	0	20	0.00617284	162	0.753851	FALSE	NA	NA	NA	NA	NA	NA
2019-nCoV	10762	G	+T	163	60	25	1	0	20	0.00613497	163	0.753827	FALSE	NA	NA	NA	NA	NA	NA
2019-nCoV	10763	T	C	159	57	25	2	2	26	0.0124224	161	0.502344	FALSE	NA	NA	NA	NA	NA	NA
2019-nCoV	10765	C	+A	164	58	25	1	0	20	0.00609756	164	0.753804	FALSE	NA	NA	NA	NA	NA	NA
2019-nCoV	10770	A	+C	166	55	25	1	0	20	0.0060241	166	0.753758	FALSE	NA	NA	NA	NA	NA	NA
2019-nCoV	10771	T	C	163	56	25	3	2	26	0.0180723	166	0.313635	FALSE	NA	NA	NA	NA	NA	NA
2019-nCoV	10773	A	G	145	37	24	1	1	27	0.00684932	146	0.752577	FALSE	NA	NA	NA	NA	NA	NA
2019-nCoV	10774	A	-C	127	47	23	3	0	20	0.023622	127	0.322878	FALSE	NA	NA	NA	NA	NA	NA
2019-nCoV	10777	T	G	162	48	25	1	1	28	0.00613497	163	0.752308	FALSE	NA	NA	NA	NA	NA	NA
2019-nCoV	10779	T	+A	158	57	25	2	0	20	0.0126582	158	0.50712	FALSE	NA	NA	NA	NA	NA	NA
2019-nCoV	10782	C	+A	158	57	24	1	0	20	0.00632911	158	0.753948	FALSE	NA	NA	NA	NA	NA	NA
2019-nCoV	10785	A	G	134	41	24	1	0	26	0.00740741	135	0.752788	FALSE	NA	NA	NA	NA	NA	NA
2019-nCoV	10788	A	-C	154	55	24	1	0	20	0.00649351	154	0.754051	FALSE	NA	NA	NA	NA	NA	NA
2019-nCoV	10791	A	-T	153	56	25	1	0	20	0.00653595	153	0.754077	FALSE	NA	NA	NA	NA	NA	NA
2019-nCoV	10793	G	+T	160	56	24	1	0	20	0.00625	160	0.753899	FALSE	NA	NA	NA	NA	NA	NA
2019-nCoV	10795	T	G	131	56	23	1	1	21	0.00757576	132	0.752852	FALSE	NA	NA	NA	NA	NA	NA
2019-nCoV	10797	A	G	154	54	25	1	0	23	0.00645161	155	0.752427	FALSE	NA	NA	NA	NA	NA	NA
2019-nCoV	10799	A	+T	152	55	24	3	0	20	0.0197368	152	0.321165	FALSE	NA	NA	NA	NA	NA	NA
2019-nCoV	10799	A	+C	152	55	24	1	0	20	0.00657895	152	0.754104	FALSE	NA	NA	NA	NA	NA	NA
2019-nCoV	10801	A	G	155	56	25	1	1	27	0.00641026	156	0.752412	FALSE	NA	NA	NA	NA	NA	NA
2019-nCoV	10802	C	T	160	56	25	1	1	24	0.00621118	161	0.752336	FALSE	NA	NA	NA	NA	NA	NA
2019-nCoV	10804	A	C	161	58	25	1	0	23	0.00617284	162	0.752322	FALSE	NA	NA	NA	NA	NA	NA
2019-nCoV	10804	A	+G	161	58	25	1	0	20	0.00617284	162	0.752322	FALSE	NA	NA	NA	NA	NA	NA
2019-nCoV	10807	A	+C	168	62	25	2	0	20	0.0119048	168	0.506696	FALSE	NA	NA	NA	NA	NA	NA
2019-nCoV	10809	C	T	147	63	23	1	0	27	0.00675676	148	0.752542	FALSE	NA	NA	NA	NA	NA	NA
2019-nCoV	10809	C	+T	147	63	23	1	0	20	0.00675676	148	0.752542	FALSE	NA	NA	NA	NA	NA	NA
2019-nCoV	10810	T	C	165	62	25	1	0	22	0.0060241	166	0.752266	FALSE	NA	NA	NA	NA	NA	NA
2019-nCoV	10811	C	-T	165	62	25	2	0	20	0.0121212	165	0.506818	FALSE	NA	NA	NA	NA	NA	NA
2019-nCoV	10811	C	+T	165	62	25	2	0	20	0.0121212	165	0.506818	FALSE	NA	NA	NA	NA	NA	NA
2019-nCoV	10812	T	C	135	31	24	1	1	28	0.00735294	136	0.749084	FALSE	NA	NA	NA	NA	NA	NA
2019-nCoV	10815	C	+T	162	61	25	1	0	20	0.00617284	162	0.753851	FALSE	NA	NA	NA	NA	NA	NA
2019-nCoV	10817	G	+A	165	61	25	1	0	20	0.00606061	165	0.753781	FALSE	NA	NA	NA	NA	NA	NA
2019-nCoV	10818	C	T	162	61	25	1	1	21	0.00613497	163	0.752308	FALSE	NA	NA	NA	NA	NA	NA
2019-nCoV	10818	C	+T	162	61	25	1	0	20	0.00613497	163	0.752308	FALSE	NA	NA	NA	NA	NA	NA
2019-nCoV	10820	C	+A	157	59	24	2	0	20	0.0127389	157	0.507165	FALSE	NA	NA	NA	NA	NA	NA
2019-nCoV	10821	A	G	131	25	24	1	0	20	0.00757576	132	0.752852	FALSE	NA	NA	NA	NA	NA	NA
2019-nCoV	10823	A	+AC	105	59	23	1	0	20	0.00952381	105	0.755935	FALSE	NA	NA	NA	NA	NA	NA
2019-nCoV	10824	C	T	156	56	24	1	1	27	0.00636943	157	0.752396	FALSE	NA	NA	NA	NA	NA	NA
2019-nCoV	10825	T	C	160	59	25	1	1	27	0.00621118	161	0.752336	FALSE	NA	NA	NA	NA	NA	NA
2019-nCoV	10827	G	+A	125	63	23	2	0	20	0.016	125	0.509	FALSE	NA	NA	NA	NA	NA	NA
2019-nCoV	10829	A	G	116	61	23	5	1	24	0.0413223	121	0.108374	FALSE	NA	NA	NA	NA	NA	NA
2019-nCoV	10829	A	-T	116	61	23	1	0	20	0.00826446	121	0.74469	FALSE	NA	NA	NA	NA	NA	NA
2019-nCoV	10832	G	+T	118	32	24	1	0	20	0.00847458	118	0.755283	FALSE	NA	NA	NA	NA	NA	NA
2019-nCoV	10832	G	+C	118	32	24	1	0	20	0.00847458	118	0.755283	FALSE	NA	NA	NA	NA	NA	NA
2019-nCoV	10833	C	T	111	14	24	1	1	20	0.00892857	112	0.751121	FALSE	NA	NA	NA	NA	NA	NA
2019-nCoV	10835	G	C	135	39	23	2	2	21	0.0145985	137	0.5	FALSE	NA	NA	NA	NA	NA	NA
2019-nCoV	10835	G	-T	135	39	23	9	0	20	0.0652174	138	0.0118934	FALSE	NA	NA	NA	NA	NA	NA
2019-nCoV	10836	T	G	95	4	23	1	1	22	0.0104167	96	0.735887	FALSE	NA	NA	NA	NA	NA	NA
2019-nCoV	10838	T	G	147	51	24	1	0	26	0.00675676	148	0.752542	FALSE	NA	NA	NA	NA	NA	NA
2019-nCoV	10842	A	+T	145	50	24	1	0	20	0.00689655	145	0.754301	FALSE	NA	NA	NA	NA	NA	NA
2019-nCoV	10844	A	+T	149	51	24	4	0	20	0.0268456	149	0.195963	FALSE	NA	NA	NA	NA	NA	NA
2019-nCoV	10846	G	+A	156	56	24	1	0	20	0.00641026	156	0.753999	FALSE	NA	NA	NA	NA	NA	NA
2019-nCoV	10847	T	+G	155	57	25	1	0	20	0.00645161	155	0.754024	FALSE	NA	NA	NA	NA	NA	NA
2019-nCoV	10849	T	C	155	59	24	1	0	21	0.00641026	156	0.752412	FALSE	NA	NA	NA	NA	NA	NA
2019-nCoV	10857	T	-AAA	88	59	23	1	0	20	0.0113636	88	0.505682	FALSE	NA	NA	NA	NA	NA	NA
2019-nCoV	10857	T	-AA	88	59	23	17	0	20	0.193182	88	1.8467e-5	TRUE	NA	NA	NA	NA	NA	NA
2019-nCoV	10857	T	-A	88	59	23	36	0	20	0.409091	88	4.08919e-10	TRUE	NA	NA	NA	NA	NA	NA
2019-nCoV	10857	T	+A	88	59	23	1	0	20	0.0113636	88	0.505682	FALSE	NA	NA	NA	NA	NA	NA
2019-nCoV	10861	A	G	65	56	23	1	1	20	0.0151515	66	0.503817	FALSE	NA	NA	NA	NA	NA	NA
2019-nCoV	10862	G	+A	130	52	23	1	0	20	0.00769231	130	0.754797	FALSE	NA	NA	NA	NA	NA	NA
2019-nCoV	10867	A	G	135	62	24	1	1	20	0.00735294	136	0.752768	FALSE	NA	NA	NA	NA	NA	NA
2019-nCoV	10869	T	C	142	57	24	2	2	26	0.0138889	144	0.502622	FALSE	NA	NA	NA	NA	NA	NA
2019-nCoV	10871	C	-AA	70	37	22	1	0	20	0.0142857	70	0.507143	FALSE	NA	NA	NA	NA	NA	NA
2019-nCoV	10871	C	-A	70	37	22	13	0	20	0.185714	70	2.41528e-4	TRUE	NA	NA	NA	NA	NA	NA
2019-nCoV	10871	C	+A	70	37	22	1	0	20	0.0142857	70	0.507143	FALSE	NA	NA	NA	NA	NA	NA
2019-nCoV	10873	A	G	72	28	23	1	0	20	0.0136986	73	0.503448	FALSE	NA	NA	NA	NA	NA	NA
2019-nCoV	10875	A	+T	39	38	22	1	0	20	0.025641	39	0.512821	FALSE	NA	NA	NA	NA	NA	NA
2019-nCoV	10879	T	C	81	41	23	1	0	20	0.0121951	82	0.503067	FALSE	NA	NA	NA	NA	NA	NA
2019-nCoV	10880	A	-T	90	42	24	1	0	20	0.0111111	90	0.505556	FALSE	NA	NA	NA	NA	NA	NA
2019-nCoV	10882	G	+A	85	41	23	8	0	20	0.0941176	85	0.0050044	TRUE	NA	NA	NA	NA	NA	NA
2019-nCoV	10883	A	G	73	24	23	1	1	23	0.0135135	74	0.503401	FALSE	NA	NA	NA	NA	NA	NA
2019-nCoV	10884	A	G	63	40	23	1	0	24	0.015625	64	0.503937	FALSE	NA	NA	NA	NA	NA	NA
2019-nCoV	10892	A	G	85	43	24	1	0	22	0.0116279	86	0.502924	FALSE	NA	NA	NA	NA	NA	NA
2019-nCoV	10892	A	+C	85	43	24	1	0	20	0.0116279	86	0.502924	FALSE	NA	NA	NA	NA	NA	NA
2019-nCoV	10894	C	-A	69	42	23	1	0	20	0.0144928	69	0.507246	FALSE	NA	NA	NA	NA	NA	NA
2019-nCoV	10897	A	-T	81	35	23	4	0	20	0.0493827	81	0.068008	FALSE	NA	NA	NA	NA	NA	NA
2019-nCoV	10899	T	C	46	37	23	1	1	27	0.0212766	47	0.505376	FALSE	NA	NA	NA	NA	NA	NA
2019-nCoV	10899	T	+G	46	37	23	2	0	20	0.0425532	47	0.258065	FALSE	NA	NA	NA	NA	NA	NA
2019-nCoV	10902	G	T	53	47	24	1	0	20	0.0185185	54	0.504673	FALSE	NA	NA	NA	NA	NA	NA
2019-nCoV	10903	T	G	98	47	23	1	0	20	0.010101	99	0.502538	FALSE	NA	NA	NA	NA	NA	NA
2019-nCoV	10903	T	+G	98	47	23	2	0	20	0.020202	99	0.253807	FALSE	NA	NA	NA	NA	NA	NA
2019-nCoV	10907	G	+T	102	48	24	1	0	20	0.00980392	102	0.756109	FALSE	NA	NA	NA	NA	NA	NA
2019-nCoV	10908	C	+T	96	48	23	6	0	20	0.0625	96	0.0179117	FALSE	NA	NA	NA	NA	NA	NA
2019-nCoV	10908	C	+G	96	48	23	1	0	20	0.0104167	96	0.505208	FALSE	NA	NA	NA	NA	NA	NA
2019-nCoV	10909	T	C	73	22	23	1	0	23	0.0135135	74	0.503401	FALSE	NA	NA	NA	NA	NA	NA
2019-nCoV	10912	A	+T	93	48	23	1	0	20	0.0107527	93	0.505376	FALSE	NA	NA	NA	NA	NA	NA
2019-nCoV	10915	A	G	117	49	24	1	0	25	0.00847458	118	0.753191	FALSE	NA	NA	NA	NA	NA	NA
2019-nCoV	10916	G	+T	123	47	24	1	0	20	0.00813008	123	0.755069	FALSE	NA	NA	NA	NA	NA	NA
2019-nCoV	10916	G	+A	123	47	24	1	0	20	0.00813008	123	0.755069	FALSE	NA	NA	NA	NA	NA	NA
2019-nCoV	10920	A	+T	130	50	24	1	0	20	0.00769231	130	0.754797	FALSE	NA	NA	NA	NA	NA	NA
2019-nCoV	10920	A	+G	130	50	24	1	0	20	0.00769231	130	0.754797	FALSE	NA	NA	NA	NA	NA	NA
2019-nCoV	10921	T	+G	126	49	24	1	0	20	0.00793651	126	0.754948	FALSE	NA	NA	NA	NA	NA	NA
2019-nCoV	10922	G	+C	130	50	24	1	0	20	0.00769231	130	0.754797	FALSE	NA	NA	NA	NA	NA	NA
2019-nCoV	10923	A	G	113	33	24	1	0	22	0.00877193	114	0.753304	FALSE	NA	NA	NA	NA	NA	NA
2019-nCoV	10924	A	+T	86	51	23	1	0	20	0.0116279	86	0.505814	FALSE	NA	NA	NA	NA	NA	NA
2019-nCoV	10928	A	+T	125	50	24	1	0	20	0.008	125	0.754988	FALSE	NA	NA	NA	NA	NA	NA
2019-nCoV	10932	C	-T	67	50	23	7	0	20	0.104478	67	0.0100203	FALSE	NA	NA	NA	NA	NA	NA
2019-nCoV	10932	C	+T	67	50	23	1	0	20	0.0149254	67	0.507463	FALSE	NA	NA	NA	NA	NA	NA
2019-nCoV	10936	T	-G	53	51	23	1	0	20	0.0188679	53	0.509434	FALSE	NA	NA	NA	NA	NA	NA
2019-nCoV	10939	T	+G	113	46	24	1	0	20	0.00884956	113	0.755516	FALSE	NA	NA	NA	NA	NA	NA
2019-nCoV	10940	G	+T	117	46	24	4	0	20	0.034188	117	0.198303	FALSE	NA	NA	NA	NA	NA	NA
2019-nCoV	10943	G	-T	124	48	24	2	0	20	0.016129	124	0.509072	FALSE	NA	NA	NA	NA	NA	NA
2019-nCoV	10943	G	+T	124	48	24	1	0	20	0.00806452	124	0.755028	FALSE	NA	NA	NA	NA	NA	NA
2019-nCoV	10945	T	C	86	49	23	1	1	28	0.0114943	87	0.50289	FALSE	NA	NA	NA	NA	NA	NA
2019-nCoV	10947	G	T	125	53	25	1	0	20	0.00793651	126	0.752988	FALSE	NA	NA	NA	NA	NA	NA
2019-nCoV	10947	G	+GA	125	53	25	1	0	20	0.00793651	126	0.752988	FALSE	NA	NA	NA	NA	NA	NA
2019-nCoV	10948	A	G	24	3	25	1	0	20	0.04	25	0.510204	FALSE	NA	NA	NA	NA	NA	NA
2019-nCoV	10949	C	+A	25	3	25	1	0	20	0.04	25	0.52	FALSE	NA	NA	NA	NA	NA	NA
2019-nCoV	10956	C	+A	26	2	24	1	0	20	0.0384615	26	0.519231	FALSE	NA	NA	NA	NA	NA	NA
2019-nCoV	10957	A	+G	27	3	23	1	0	20	0.037037	27	0.518519	FALSE	NA	NA	NA	NA	NA	NA
2019-nCoV	10961	G	+T	24	1	24	2	0	20	0.0833333	24	0.276361	FALSE	NA	NA	NA	NA	NA	NA
2019-nCoV	10963	T	C	15	3	22	1	0	25	0.0625	16	0.516129	FALSE	NA	NA	NA	NA	NA	NA
2019-nCoV	10964	A	G	25	3	23	1	0	25	0.0384615	26	0.509804	FALSE	NA	NA	NA	NA	NA	NA
2019-nCoV	10965	C	+A	18	3	23	2	0	20	0.111111	18	0.285285	FALSE	NA	NA	NA	NA	NA	NA
2019-nCoV	10973	A	G	8	3	23	1	1	20	0.111111	9	0.529412	FALSE	NA	NA	NA	NA	NA	NA
2019-nCoV	10975	T	+A	24	4	25	1	0	20	0.0416667	24	0.520833	FALSE	NA	NA	NA	NA	NA	NA
2019-nCoV	10978	A	+G	25	3	24	1	0	20	0.04	25	0.52	FALSE	NA	NA	NA	NA	NA	NA
2019-nCoV	10981	G	A	24	3	23	1	0	26	0.04	25	0.510204	FALSE	NA	NA	NA	NA	NA	NA
2019-nCoV	10981	G	-A	24	3	23	2	0	20	0.08	25	0.265306	FALSE	NA	NA	NA	NA	NA	NA
2019-nCoV	10991	A	G	15	3	22	1	1	24	0.0625	16	0.516129	FALSE	NA	NA	NA	NA	NA	NA
2019-nCoV	10992	T	+C	22	3	24	1	0	20	0.0454545	22	0.522727	FALSE	NA	NA	NA	NA	NA	NA
2019-nCoV	10993	C	+A	21	2	24	1	0	20	0.047619	21	0.52381	FALSE	NA	NA	NA	NA	NA	NA
2019-nCoV	10997	G	T	135	32	25	1	1	20	0.00735294	136	0.752768	FALSE	NA	NA	NA	NA	NA	NA
2019-nCoV	10998	G	T	72	32	22	1	0	24	0.0136986	73	0.503448	FALSE	NA	NA	NA	NA	NA	NA
2019-nCoV	10999	T	A	126	28	23	1	0	20	0.00787402	127	0.752964	FALSE	NA	NA	NA	NA	NA	NA
2019-nCoV	11000	A	G	130	30	24	1	0	20	0.00763359	131	0.752874	FALSE	NA	NA	NA	NA	NA	NA
2019-nCoV	11002	A	G	126	26	24	1	1	20	0.00787402	127	0.752964	FALSE	NA	NA	NA	NA	NA	NA
2019-nCoV	11003	C	+A	128	24	24	2	0	20	0.015625	128	0.508789	FALSE	NA	NA	NA	NA	NA	NA
2019-nCoV	11010	G	T	114	10	25	1	1	20	0.00869565	115	0.753275	FALSE	NA	NA	NA	NA	NA	NA
2019-nCoV	11011	G	+TT	99	27	23	1	0	20	0.010101	99	0.505051	FALSE	NA	NA	NA	NA	NA	NA
2019-nCoV	11011	G	+T	99	27	23	1	0	20	0.010101	99	0.505051	FALSE	NA	NA	NA	NA	NA	NA
2019-nCoV	11013	T	C	110	29	22	1	0	23	0.00900901	111	0.753394	FALSE	NA	NA	NA	NA	NA	NA
2019-nCoV	11014	G	T	128	26	25	1	1	25	0.00775194	129	0.752918	FALSE	NA	NA	NA	NA	NA	NA
2019-nCoV	11014	G	+T	128	26	25	1	0	20	0.00775194	129	0.752918	FALSE	NA	NA	NA	NA	NA	NA
2019-nCoV	11015	T	G	126	20	25	1	1	25	0.00787402	127	0.752964	FALSE	NA	NA	NA	NA	NA	NA
2019-nCoV	11017	A	T	130	34	25	1	1	25	0.00763359	131	0.752874	FALSE	NA	NA	NA	NA	NA	NA
2019-nCoV	11017	A	-C	130	34	25	1	0	20	0.00763359	131	0.752874	FALSE	NA	NA	NA	NA	NA	NA
2019-nCoV	11018	C	+T	123	29	25	1	0	20	0.00806452	124	0.753036	FALSE	NA	NA	NA	NA	NA	NA
2019-nCoV	11019	T	C	127	30	25	1	0	27	0.0078125	128	0.752941	FALSE	NA	NA	NA	NA	NA	NA
2019-nCoV	11019	T	+C	127	30	25	1	0	20	0.0078125	128	0.752941	FALSE	NA	NA	NA	NA	NA	NA
2019-nCoV	11021	A	+T	132	29	25	6	0	20	0.0454545	132	0.0688841	FALSE	NA	NA	NA	NA	NA	NA
2019-nCoV	11022	C	+A	126	24	25	3	0	20	0.0238095	126	0.32296	FALSE	NA	NA	NA	NA	NA	NA
2019-nCoV	11024	A	+T	83	27	22	1	0	20	0.0120482	83	0.506024	FALSE	NA	NA	NA	NA	NA	NA
2019-nCoV	11030	A	G	132	24	24	1	1	22	0.0075188	133	0.75283	FALSE	NA	NA	NA	NA	NA	NA
2019-nCoV	11030	A	+C	132	24	24	1	0	20	0.0075188	133	0.75283	FALSE	NA	NA	NA	NA	NA	NA
2019-nCoV	11031	C	A	133	28	24	1	1	20	0.00746269	134	0.752809	FALSE	NA	NA	NA	NA	NA	NA
2019-nCoV	11031	C	-T	133	28	24	2	0	20	0.0149254	134	0.505618	FALSE	NA	NA	NA	NA	NA	NA
2019-nCoV	11031	C	+T	133	28	24	3	0	20	0.0223881	134	0.319536	FALSE	NA	NA	NA	NA	NA	NA
2019-nCoV	11031	C	+CT	133	28	24	1	0	20	0.00746269	134	0.752809	FALSE	NA	NA	NA	NA	NA	NA
2019-nCoV	11033	T	-C	113	32	22	1	0	20	0.00884956	113	0.755516	FALSE	NA	NA	NA	NA	NA	NA
2019-nCoV	11034	C	+A	134	30	24	1	0	20	0.00740741	135	0.752788	FALSE	NA	NA	NA	NA	NA	NA
2019-nCoV	11036	C	-T	129	31	24	1	0	20	0.00775194	129	0.754834	FALSE	NA	NA	NA	NA	NA	NA
2019-nCoV	11036	C	+T	129	31	24	7	0	20	0.0542636	129	0.0400055	FALSE	NA	NA	NA	NA	NA	NA
2019-nCoV	11037	T	C	104	5	24	1	0	22	0.00952381	105	0.753589	FALSE	NA	NA	NA	NA	NA	NA
2019-nCoV	11039	T	-TA	136	34	25	1	0	20	0.00735294	136	0.754585	FALSE	NA	NA	NA	NA	NA	NA
2019-nCoV	11040	T	C	44	34	23	1	0	27	0.0222222	45	0.494505	FALSE	NA	NA	NA	NA	NA	NA
2019-nCoV	11041	A	T	114	25	22	3	3	24	0.0254237	118	0.304538	FALSE	NA	NA	NA	NA	NA	NA
2019-nCoV	11041	A	G	114	25	22	1	0	20	0.00847458	118	0.742453	FALSE	NA	NA	NA	NA	NA	NA
2019-nCoV	11041	A	-G	114	25	22	30	0	20	0.25	120	5.00915e-8	TRUE	NA	NA	NA	NA	NA	NA
2019-nCoV	11041	A	+T	114	25	22	1	0	20	0.00833333	120	0.742453	FALSE	NA	NA	NA	NA	NA	NA
2019-nCoV	11042	G	T	0	0	0	58	0	23	0.878788	66	1.9491e-43	TRUE	NA	NA	NA	NA	NA	NA
2019-nCoV	11042	G	A	0	0	0	8	5	21	0.121212	66	4.56007e-12	TRUE	NA	NA	NA	NA	NA	NA
2019-nCoV	11042	G	+TT	0	0	0	3	0	20	0.0315789	95	6.78242e-6	TRUE	NA	NA	NA	NA	NA	NA
2019-nCoV	11047	A	G	119	26	23	1	0	27	0.00833333	120	0.753138	FALSE	NA	NA	NA	NA	NA	NA
2019-nCoV	11047	A	+C	119	26	23	1	0	20	0.00833333	120	0.753138	FALSE	NA	NA	NA	NA	NA	NA
2019-nCoV	11048	G	+T	128	31	24	1	0	20	0.0078125	128	0.754871	FALSE	NA	NA	NA	NA	NA	NA
2019-nCoV	11049	T	C	125	32	24	1	0	27	0.00793651	126	0.752988	FALSE	NA	NA	NA	NA	NA	NA
2019-nCoV	11051	C	T	82	34	22	1	0	26	0.0120482	83	0.50303	FALSE	NA	NA	NA	NA	NA	NA
2019-nCoV	11052	A	T	125	31	24	1	0	26	0.00769231	130	0.745067	FALSE	NA	NA	NA	NA	NA	NA
2019-nCoV	11052	A	G	125	31	24	2	0	24	0.0153846	130	0.494118	FALSE	NA	NA	NA	NA	NA	NA
2019-nCoV	11052	A	C	125	31	24	2	2	25	0.0153846	130	0.494118	FALSE	NA	NA	NA	NA	NA	NA
2019-nCoV	11054	A	G	131	35	25	1	0	26	0.00757576	132	0.752852	FALSE	NA	NA	NA	NA	NA	NA
2019-nCoV	11056	T	C	131	32	25	1	0	25	0.00757576	132	0.752852	FALSE	NA	NA	NA	NA	NA	NA
2019-nCoV	11057	A	+C	123	25	24	1	0	20	0.00813008	123	0.755069	FALSE	NA	NA	NA	NA	NA	NA
2019-nCoV	11060	C	-A	123	21	24	1	0	20	0.00813008	123	0.755069	FALSE	NA	NA	NA	NA	NA	NA
2019-nCoV	11061	A	G	110	8	25	1	1	20	0.00900901	111	0.751131	FALSE	NA	NA	NA	NA	NA	NA
2019-nCoV	11063	T	G	123	23	24	1	1	20	0.00806452	124	0.753036	FALSE	NA	NA	NA	NA	NA	NA
2019-nCoV	11063	T	-G	123	23	24	2	0	20	0.016129	124	0.506073	FALSE	NA	NA	NA	NA	NA	NA
2019-nCoV	11066	T	C	133	30	25	2	1	23	0.0148148	135	0.502799	FALSE	NA	NA	NA	NA	NA	NA
2019-nCoV	11066	T	-CT	133	30	25	1	0	20	0.00740741	135	0.750936	FALSE	NA	NA	NA	NA	NA	NA
2019-nCoV	11067	C	-T	136	31	24	1	0	20	0.00735294	136	0.754585	FALSE	NA	NA	NA	NA	NA	NA
2019-nCoV	11067	C	+T	136	31	24	3	0	20	0.0220588	136	0.322188	FALSE	NA	NA	NA	NA	NA	NA
2019-nCoV	11070	T	C	85	41	22	1	0	22	0.0116279	86	0.502924	FALSE	NA	NA	NA	NA	NA	NA
2019-nCoV	11071	G	+T	137	34	24	1	0	20	0.00729927	137	0.754552	FALSE	NA	NA	NA	NA	NA	NA
2019-nCoV	11073	T	C	94	42	21	1	0	25	0.0105263	95	0.502646	FALSE	NA	NA	NA	NA	NA	NA
2019-nCoV	11073	T	-CTTT	94	42	21	1	0	20	0.0105263	95	0.502646	FALSE	NA	NA	NA	NA	NA	NA
2019-nCoV	11073	T	-C	94	42	21	3	0	20	0.0315789	95	0.128979	FALSE	NA	NA	NA	NA	NA	NA
2019-nCoV	11074	C	T	121	34	23	3	3	23	0.0241935	124	0.307961	FALSE	NA	NA	NA	NA	NA	NA
2019-nCoV	11074	C	-TTTT	121	34	23	1	0	20	0.00793651	126	0.744906	FALSE	NA	NA	NA	NA	NA	NA
2019-nCoV	11074	C	-TTT	121	34	23	12	0	20	0.0952381	126	0.00194388	TRUE	NA	NA	NA	NA	NA	NA
2019-nCoV	11074	C	-TT	121	34	23	33	0	20	0.261905	126	9.59968e-9	TRUE	NA	NA	NA	NA	NA	NA
2019-nCoV	11074	C	-T	121	34	23	50	0	20	0.396825	126	8.9037e-13	TRUE	NA	NA	NA	NA	NA	NA
2019-nCoV	11074	C	+T	121	34	23	3	0	20	0.0238095	126	0.307961	FALSE	NA	NA	NA	NA	NA	NA
2019-nCoV	11075	T	C	27	3	23	1	1	22	0.0357143	28	0.227642	FALSE	NA	NA	NA	NA	NA	NA
2019-nCoV	11076	T	C	68	3	24	4	3	20	0.0555556	72	0.0987909	FALSE	NA	NA	NA	NA	NA	NA
2019-nCoV	11077	T	+C	117	22	24	1	0	20	0.00840336	119	0.751064	FALSE	NA	NA	NA	NA	NA	NA
2019-nCoV	11080	T	C	159	61	24	1	0	21	0.00625	160	0.752351	FALSE	NA	NA	NA	NA	NA	NA
2019-nCoV	11081	T	C	158	59	24	1	0	23	0.00628931	159	0.752366	FALSE	NA	NA	NA	NA	NA	NA
2019-nCoV	11082	T	G	63	61	23	1	0	25	0.0153846	65	0.5	FALSE	NA	NA	NA	NA	NA	NA
2019-nCoV	11082	T	C	63	61	23	1	1	24	0.0153846	65	0.5	FALSE	NA	NA	NA	NA	NA	NA
2019-nCoV	11083	G	T	155	59	23	1	0	20	0.00641026	156	0.752412	FALSE	NA	NA	NA	NA	NA	NA
2019-nCoV	11084	T	A	167	72	24	1	0	20	0.00595238	168	0.752239	FALSE	NA	NA	NA	NA	NA	NA
2019-nCoV	11085	A	G	151	56	24	1	0	26	0.00657895	152	0.752475	FALSE	NA	NA	NA	NA	NA	NA
2019-nCoV	11085	A	+T	151	56	24	2	0	20	0.0131579	152	0.50495	FALSE	NA	NA	NA	NA	NA	NA
2019-nCoV	11085	A	+C	151	56	24	1	0	20	0.00657895	152	0.752475	FALSE	NA	NA	NA	NA	NA	NA
2019-nCoV	11087	G	-A	130	52	22	10	0	20	0.0769231	130	0.00743306	TRUE	NA	NA	NA	NA	NA	NA
2019-nCoV	11088	A	G	78	6	23	1	0	20	0.0125	80	0.467456	FALSE	NA	NA	NA	NA	NA	NA
2019-nCoV	11088	A	C	78	6	23	1	0	24	0.0125	80	0.467456	FALSE	NA	NA	NA	NA	NA	NA
2019-nCoV	11095	C	-T	108	78	23	13	0	20	0.12037	108	0.00143748	TRUE	NA	NA	NA	NA	NA	NA
2019-nCoV	11095	C	+T	108	78	23	3	0	20	0.0277778	108	0.324712	FALSE	NA	NA	NA	NA	NA	NA
2019-nCoV	11095	C	+A	108	78	23	1	0	20	0.00925926	108	0.755771	FALSE	NA	NA	NA	NA	NA	NA
2019-nCoV	11096	T	C	78	2	23	2	2	26	0.025	80	0.202876	FALSE	NA	NA	NA	NA	NA	NA
2019-nCoV	11098	T	C	181	85	24	1	0	25	0.00549451	182	0.752066	FALSE	NA	NA	NA	NA	NA	NA
2019-nCoV	11099	T	C	180	84	24	1	1	26	0.00552486	181	0.752078	FALSE	NA	NA	NA	NA	NA	NA
2019-nCoV	11101	A	+C	160	75	23	1	0	20	0.00625	160	0.753899	FALSE	NA	NA	NA	NA	NA	NA
2019-nCoV	11103	C	-T	103	72	23	2	0	20	0.0194175	103	0.510922	FALSE	NA	NA	NA	NA	NA	NA
2019-nCoV	11103	C	+T	103	72	23	4	0	20	0.038835	103	0.199789	FALSE	NA	NA	NA	NA	NA	NA
2019-nCoV	11105	T	C	170	78	24	1	0	22	0.00584795	171	0.752199	FALSE	NA	NA	NA	NA	NA	NA
2019-nCoV	11106	T	G	169	78	24	1	1	26	0.00588235	170	0.752212	FALSE	NA	NA	NA	NA	NA	NA
2019-nCoV	11107	T	C	86	74	23	3	2	25	0.0337079	89	0.124988	FALSE	NA	NA	NA	NA	NA	NA
2019-nCoV	11110	T	+G	137	62	24	1	0	20	0.00729927	137	0.754552	FALSE	NA	NA	NA	NA	NA	NA
2019-nCoV	11111	A	G	134	57	24	1	0	23	0.00740741	135	0.752788	FALSE	NA	NA	NA	NA	NA	NA
2019-nCoV	11111	A	+T	134	57	24	1	0	20	0.00740741	135	0.752788	FALSE	NA	NA	NA	NA	NA	NA
2019-nCoV	11112	T	+G	125	46	24	1	0	20	0.008	125	0.754988	FALSE	NA	NA	NA	NA	NA	NA
2019-nCoV	11117	A	+T	122	42	24	3	0	20	0.0245902	122	0.323305	FALSE	NA	NA	NA	NA	NA	NA
2019-nCoV	11120	A	+T	115	36	24	5	0	20	0.0434783	115	0.118731	FALSE	NA	NA	NA	NA	NA	NA
2019-nCoV	11122	T	C	112	46	22	1	1	28	0.00884956	113	0.753333	FALSE	NA	NA	NA	NA	NA	NA
2019-nCoV	11123	G	+T	125	44	24	1	0	20	0.008	125	0.754988	FALSE	NA	NA	NA	NA	NA	NA
2019-nCoV	11124	C	T	123	43	24	1	0	25	0.00806452	124	0.753036	FALSE	NA	NA	NA	NA	NA	NA
2019-nCoV	11126	A	G	131	51	24	1	0	26	0.00757576	132	0.752852	FALSE	NA	NA	NA	NA	NA	NA
2019-nCoV	11126	A	+G	131	51	24	1	0	20	0.00757576	132	0.752852	FALSE	NA	NA	NA	NA	NA	NA
2019-nCoV	11130	C	+T	129	47	24	1	0	20	0.00775194	129	0.754834	FALSE	NA	NA	NA	NA	NA	NA
2019-nCoV	11132	G	-C	123	44	24	1	0	20	0.00813008	123	0.755069	FALSE	NA	NA	NA	NA	NA	NA
2019-nCoV	11133	C	-T	111	36	23	6	0	20	0.0540541	111	0.07013	FALSE	NA	NA	NA	NA	NA	NA
2019-nCoV	11133	C	+T	111	36	23	4	0	20	0.036036	111	0.198893	FALSE	NA	NA	NA	NA	NA	NA
2019-nCoV	11135	T	C	124	47	24	1	0	28	0.008	125	0.753012	FALSE	NA	NA	NA	NA	NA	NA
2019-nCoV	11137	T	G	50	42	22	1	0	23	0.0196078	51	0.50495	FALSE	NA	NA	NA	NA	NA	NA
2019-nCoV	11138	G	C	112	40	23	1	0	20	0.00884956	113	0.753333	FALSE	NA	NA	NA	NA	NA	NA
2019-nCoV	11139	C	G	118	47	23	1	0	20	0.00840336	119	0.753165	FALSE	NA	NA	NA	NA	NA	NA
2019-nCoV	11139	C	-A	118	47	23	2	0	20	0.0168067	119	0.506329	FALSE	NA	NA	NA	NA	NA	NA
2019-nCoV	11140	A	G	79	5	24	1	1	21	0.0125	80	0.496894	FALSE	NA	NA	NA	NA	NA	NA
2019-nCoV	11141	A	-T	84	50	22	1	0	20	0.0119048	84	0.505952	FALSE	NA	NA	NA	NA	NA	NA
2019-nCoV	11142	T	+G	120	48	23	1	0	20	0.00826446	121	0.753112	FALSE	NA	NA	NA	NA	NA	NA
2019-nCoV	11143	G	-A	121	44	24	1	0	20	0.00826446	121	0.755152	FALSE	NA	NA	NA	NA	NA	NA
2019-nCoV	11143	G	+A	121	44	24	1	0	20	0.00826446	121	0.755152	FALSE	NA	NA	NA	NA	NA	NA
2019-nCoV	11144	A	G	128	51	24	1	0	28	0.00775194	129	0.750973	FALSE	NA	NA	NA	NA	NA	NA
2019-nCoV	11146	G	-T	135	54	24	1	0	20	0.00740741	135	0.754619	FALSE	NA	NA	NA	NA	NA	NA
2019-nCoV	11146	G	+T	135	54	24	3	0	20	0.0222222	135	0.32226	FALSE	NA	NA	NA	NA	NA	NA
2019-nCoV	11148	T	C	150	70	25	1	0	29	0.00662252	151	0.752492	FALSE	NA	NA	NA	NA	NA	NA
2019-nCoV	11152	C	+A	140	63	24	5	0	20	0.0357143	140	0.117034	FALSE	NA	NA	NA	NA	NA	NA
2019-nCoV	11153	A	G	96	18	24	1	1	25	0.0103093	97	0.502591	FALSE	NA	NA	NA	NA	NA	NA
2019-nCoV	11154	A	G	284	128	24	1	1	25	0.00350877	285	0.876317	FALSE	NA	NA	NA	NA	NA	NA
2019-nCoV	11157	A	+T	294	151	24	1	0	20	0.00340136	294	0.876908	FALSE	NA	NA	NA	NA	NA	NA
2019-nCoV	11158	T	-A	262	133	24	1	0	20	0.00381679	262	0.87714	FALSE	NA	NA	NA	NA	NA	NA
2019-nCoV	11158	T	+A	262	133	24	1	0	20	0.00381679	262	0.87714	FALSE	NA	NA	NA	NA	NA	NA
2019-nCoV	11160	A	C	246	144	23	1	1	23	0.00404858	247	0.87652	FALSE	NA	NA	NA	NA	NA	NA
2019-nCoV	11160	A	+T	246	144	23	1	0	20	0.00404858	247	0.87652	FALSE	NA	NA	NA	NA	NA	NA
2019-nCoV	11161	G	-C	281	138	24	2	0	20	0.00711744	281	0.692162	FALSE	NA	NA	NA	NA	NA	NA
2019-nCoV	11163	A	+T	283	144	25	1	0	20	0.00353357	283	0.876982	FALSE	NA	NA	NA	NA	NA	NA
2019-nCoV	11163	A	+C	283	144	25	1	0	20	0.00353357	283	0.876982	FALSE	NA	NA	NA	NA	NA	NA
2019-nCoV	11164	T	C	286	154	24	1	0	28	0.00348432	287	0.876308	FALSE	NA	NA	NA	NA	NA	NA
2019-nCoV	11165	G	A	285	138	24	1	0	23	0.0034965	286	0.876312	FALSE	NA	NA	NA	NA	NA	NA
2019-nCoV	11165	G	+C	285	138	24	1	0	20	0.0034965	286	0.876312	FALSE	NA	NA	NA	NA	NA	NA
2019-nCoV	11166	C	T	291	138	24	1	1	23	0.00342466	292	0.876285	FALSE	NA	NA	NA	NA	NA	NA
2019-nCoV	11166	C	+A	291	138	24	2	0	20	0.00684932	292	0.690713	FALSE	NA	NA	NA	NA	NA	NA
2019-nCoV	11167	A	-T	290	142	24	2	0	20	0.00689655	290	0.692017	FALSE	NA	NA	NA	NA	NA	NA
2019-nCoV	11167	A	+T	290	142	24	6	0	20	0.0206897	290	0.15082	FALSE	NA	NA	NA	NA	NA	NA
2019-nCoV	11168	T	C	196	49	24	2	0	24	0.010101	198	0.68466	FALSE	NA	NA	NA	NA	NA	NA
2019-nCoV	11169	T	C	315	160	25	2	0	24	0.00630915	317	0.814477	FALSE	NA	NA	NA	NA	NA	NA
2019-nCoV	11172	T	C	303	154	25	1	1	27	0.00328947	304	0.938527	FALSE	NA	NA	NA	NA	NA	NA
2019-nCoV	11172	T	+C	303	154	25	1	0	20	0.00328947	304	0.938527	FALSE	NA	NA	NA	NA	NA	NA
2019-nCoV	11173	C	+T	304	154	24	2	0	20	0.00657895	304	0.816594	FALSE	NA	NA	NA	NA	NA	NA
2019-nCoV	11173	C	+G	304	154	24	1	0	20	0.00328947	304	0.938932	FALSE	NA	NA	NA	NA	NA	NA
2019-nCoV	11174	T	C	304	153	25	3	2	25	0.00977199	307	0.658553	FALSE	NA	NA	NA	NA	NA	NA
2019-nCoV	11175	G	-T	308	156	24	4	0	20	0.012987	308	0.508877	FALSE	NA	NA	NA	NA	NA	NA
2019-nCoV	11175	G	+T	308	156	24	7	0	20	0.0227273	308	0.180637	FALSE	NA	NA	NA	NA	NA	NA
2019-nCoV	11178	T	C	215	169	23	1	0	25	0.00462963	216	0.876738	FALSE	NA	NA	NA	NA	NA	NA
2019-nCoV	11178	T	+G	215	169	23	1	0	20	0.00462963	216	0.876738	FALSE	NA	NA	NA	NA	NA	NA
2019-nCoV	11179	G	-TT	299	156	23	1	0	20	0.00334448	299	0.876876	FALSE	NA	NA	NA	NA	NA	NA
2019-nCoV	11179	G	-T	299	156	23	67	0	20	0.22408	299	1.39698e-16	TRUE	NA	NA	NA	NA	NA	NA
2019-nCoV	11179	G	+T	299	156	23	1	0	20	0.00334448	299	0.876876	FALSE	NA	NA	NA	NA	NA	NA
2019-nCoV	11181	T	G	288	136	24	2	0	21	0.00687285	291	0.688149	FALSE	NA	NA	NA	NA	NA	NA
2019-nCoV	11181	T	C	288	136	24	1	1	26	0.00343643	291	0.875001	FALSE	NA	NA	NA	NA	NA	NA
2019-nCoV	11183	T	C	318	167	24	2	0	26	0.00623053	321	0.81348	FALSE	NA	NA	NA	NA	NA	NA
2019-nCoV	11183	T	A	318	167	24	1	0	23	0.00311526	321	0.937697	FALSE	NA	NA	NA	NA	NA	NA
2019-nCoV	11185	G	+T	304	158	23	2	0	20	0.00657895	304	0.816594	FALSE	NA	NA	NA	NA	NA	NA
2019-nCoV	11186	T	C	268	119	23	1	0	23	0.0037037	270	0.875698	FALSE	NA	NA	NA	NA	NA	NA
2019-nCoV	11186	T	A	268	119	23	1	0	27	0.0037037	270	0.875698	FALSE	NA	NA	NA	NA	NA	NA
2019-nCoV	11188	A	T	314	169	24	1	1	20	0.0031746	315	0.938491	FALSE	NA	NA	NA	NA	NA	NA
2019-nCoV	11188	A	+T	314	169	24	1	0	20	0.0031746	315	0.938491	FALSE	NA	NA	NA	NA	NA	NA
2019-nCoV	11188	A	+C	314	169	24	2	0	20	0.00634921	315	0.815474	FALSE	NA	NA	NA	NA	NA	NA
2019-nCoV	11189	C	T	268	114	23	1	0	21	0.00371747	269	0.876395	FALSE	NA	NA	NA	NA	NA	NA
2019-nCoV	11191	T	C	280	125	23	1	1	27	0.00355872	281	0.876336	FALSE	NA	NA	NA	NA	NA	NA
2019-nCoV	11195	C	+T	315	171	24	1	0	20	0.0031746	315	0.938882	FALSE	NA	NA	NA	NA	NA	NA
2019-nCoV	11197	T	C	268	179	24	1	1	29	0.00371747	269	0.876395	FALSE	NA	NA	NA	NA	NA	NA
2019-nCoV	11198	G	A	311	177	24	2	1	25	0.00638978	313	0.814502	FALSE	NA	NA	NA	NA	NA	NA
2019-nCoV	11199	C	G	265	126	23	1	1	27	0.0037594	266	0.876411	FALSE	NA	NA	NA	NA	NA	NA
2019-nCoV	11200	C	T	282	181	24	1	0	22	0.00353357	283	0.876326	FALSE	NA	NA	NA	NA	NA	NA
2019-nCoV	11200	C	+G	282	181	24	1	0	20	0.00353357	283	0.876326	FALSE	NA	NA	NA	NA	NA	NA
2019-nCoV	11201	A	G	308	178	25	1	0	24	0.00323625	309	0.93851	FALSE	NA	NA	NA	NA	NA	NA
2019-nCoV	11201	A	+T	308	178	25	4	0	20	0.012945	309	0.507091	FALSE	NA	NA	NA	NA	NA	NA
2019-nCoV	11201	A	+C	308	178	25	1	0	20	0.00323625	309	0.93851	FALSE	NA	NA	NA	NA	NA	NA
2019-nCoV	11202	C	+T	309	183	25	1	0	20	0.00323625	309	0.938908	FALSE	NA	NA	NA	NA	NA	NA
2019-nCoV	11202	C	+G	309	183	25	1	0	20	0.00323625	309	0.938908	FALSE	NA	NA	NA	NA	NA	NA
2019-nCoV	11204	G	+T	317	186	25	2	0	20	0.00630915	317	0.816427	FALSE	NA	NA	NA	NA	NA	NA
2019-nCoV	11205	T	C	317	186	24	1	0	22	0.00314465	318	0.938482	FALSE	NA	NA	NA	NA	NA	NA
2019-nCoV	11206	A	+G	318	180	24	1	0	20	0.00314465	318	0.938869	FALSE	NA	NA	NA	NA	NA	NA
2019-nCoV	11207	G	+C	325	182	24	1	0	20	0.00307692	325	0.938839	FALSE	NA	NA	NA	NA	NA	NA
2019-nCoV	11208	C	+T	322	180	24	3	0	20	0.00931677	322	0.662785	FALSE	NA	NA	NA	NA	NA	NA
2019-nCoV	11211	A	-T	312	176	23	7	0	20	0.0224359	312	0.180524	FALSE	NA	NA	NA	NA	NA	NA
2019-nCoV	11211	A	+T	312	176	23	8	0	20	0.025641	312	0.120641	FALSE	NA	NA	NA	NA	NA	NA
2019-nCoV	11213	T	C	337	186	24	1	0	27	0.00295858	338	0.938424	FALSE	NA	NA	NA	NA	NA	NA
2019-nCoV	11215	T	A	200	186	24	1	0	23	0.00497512	201	0.876868	FALSE	NA	NA	NA	NA	NA	NA
2019-nCoV	11215	T	+TA	200	186	24	1	0	20	0.00497512	201	0.876868	FALSE	NA	NA	NA	NA	NA	NA
2019-nCoV	11215	T	+G	200	186	24	1	0	20	0.00497512	201	0.876868	FALSE	NA	NA	NA	NA	NA	NA
2019-nCoV	11215	T	+A	200	186	24	2	0	20	0.00995025	201	0.69217	FALSE	NA	NA	NA	NA	NA	NA
2019-nCoV	11218	T	+A	328	182	25	1	0	20	0.00304878	328	0.938827	FALSE	NA	NA	NA	NA	NA	NA
2019-nCoV	11220	T	C	156	87	25	1	1	26	0.00636943	157	0.752396	FALSE	NA	NA	NA	NA	NA	NA
2019-nCoV	11220	T	+G	156	87	25	1	0	20	0.00636943	157	0.752396	FALSE	NA	NA	NA	NA	NA	NA
2019-nCoV	11224	C	+T	155	90	24	1	0	20	0.00645161	155	0.754024	FALSE	NA	NA	NA	NA	NA	NA
2019-nCoV	11226	A	+T	154	87	25	1	0	20	0.00649351	154	0.754051	FALSE	NA	NA	NA	NA	NA	NA
2019-nCoV	11228	A	+C	156	87	25	1	0	20	0.00641026	156	0.753999	FALSE	NA	NA	NA	NA	NA	NA
2019-nCoV	11229	T	C	158	88	25	1	1	29	0.00628931	159	0.752366	FALSE	NA	NA	NA	NA	NA	NA
2019-nCoV	11230	G	T	154	84	24	1	0	21	0.00645161	155	0.752427	FALSE	NA	NA	NA	NA	NA	NA
2019-nCoV	11230	G	+C	154	84	24	1	0	20	0.00645161	155	0.752427	FALSE	NA	NA	NA	NA	NA	NA
2019-nCoV	11233	T	C	159	83	24	1	1	24	0.00625	160	0.752351	FALSE	NA	NA	NA	NA	NA	NA
2019-nCoV	11234	G	+T	162	90	24	1	0	20	0.00617284	162	0.753851	FALSE	NA	NA	NA	NA	NA	NA
2019-nCoV	11237	A	+G	163	88	25	1	0	20	0.00613497	163	0.753827	FALSE	NA	NA	NA	NA	NA	NA
2019-nCoV	11237	A	+C	163	88	25	1	0	20	0.00613497	163	0.753827	FALSE	NA	NA	NA	NA	NA	NA
2019-nCoV	11239	T	G	137	63	23	1	1	20	0.00724638	138	0.752727	FALSE	NA	NA	NA	NA	NA	NA
2019-nCoV	11240	T	C	114	88	23	1	1	24	0.00869565	115	0.753275	FALSE	NA	NA	NA	NA	NA	NA
2019-nCoV	11240	T	-G	114	88	23	3	0	20	0.026087	115	0.320705	FALSE	NA	NA	NA	NA	NA	NA
2019-nCoV	11240	T	+G	114	88	23	1	0	20	0.00869565	115	0.753275	FALSE	NA	NA	NA	NA	NA	NA
2019-nCoV	11242	G	A	157	87	24	1	1	27	0.00632911	158	0.752381	FALSE	NA	NA	NA	NA	NA	NA
2019-nCoV	11244	T	C	151	88	23	1	0	27	0.00657895	152	0.752475	FALSE	NA	NA	NA	NA	NA	NA
2019-nCoV	11244	T	+G	151	88	23	1	0	20	0.00657895	152	0.752475	FALSE	NA	NA	NA	NA	NA	NA
2019-nCoV	11246	A	G	159	91	25	1	1	28	0.00625	160	0.752351	FALSE	NA	NA	NA	NA	NA	NA
2019-nCoV	11246	A	+G	159	91	25	1	0	20	0.00625	160	0.752351	FALSE	NA	NA	NA	NA	NA	NA
2019-nCoV	11247	T	C	162	93	25	1	0	22	0.00613497	163	0.752308	FALSE	NA	NA	NA	NA	NA	NA
2019-nCoV	11247	T	+C	162	93	25	1	0	20	0.00613497	163	0.752308	FALSE	NA	NA	NA	NA	NA	NA
2019-nCoV	11249	C	+T	165	94	25	1	0	20	0.00606061	165	0.753781	FALSE	NA	NA	NA	NA	NA	NA
2019-nCoV	11250	G	+T	162	91	25	1	0	20	0.00617284	162	0.753851	FALSE	NA	NA	NA	NA	NA	NA
2019-nCoV	11251	T	+A	162	91	25	2	0	20	0.0123457	162	0.506944	FALSE	NA	NA	NA	NA	NA	NA
2019-nCoV	11252	A	G	155	88	25	1	1	27	0.00641026	156	0.752412	FALSE	NA	NA	NA	NA	NA	NA
2019-nCoV	11252	A	+T	155	88	25	1	0	20	0.00641026	156	0.752412	FALSE	NA	NA	NA	NA	NA	NA
2019-nCoV	11256	T	+G	157	89	25	2	0	20	0.0127389	157	0.507165	FALSE	NA	NA	NA	NA	NA	NA
2019-nCoV	11258	A	T	146	82	24	1	0	25	0.00680272	147	0.75256	FALSE	NA	NA	NA	NA	NA	NA
2019-nCoV	11261	T	+G	192	111	25	1	0	20	0.00520833	192	0.75325	FALSE	NA	NA	NA	NA	NA	NA
2019-nCoV	11265	T	G	194	129	24	1	0	23	0.00512821	195	0.751928	FALSE	NA	NA	NA	NA	NA	NA
2019-nCoV	11269	T	+TA	216	125	25	1	0	20	0.00462963	216	0.877594	FALSE	NA	NA	NA	NA	NA	NA
2019-nCoV	11270	A	+T	211	120	25	1	0	20	0.00473934	211	0.877655	FALSE	NA	NA	NA	NA	NA	NA
2019-nCoV	11274	T	C	184	93	23	1	1	29	0.00540541	185	0.752033	FALSE	NA	NA	NA	NA	NA	NA
2019-nCoV	11275	T	G	191	125	24	1	0	20	0.00520833	192	0.751958	FALSE	NA	NA	NA	NA	NA	NA
2019-nCoV	11276	G	T	219	127	25	1	0	24	0.00454545	220	0.876706	FALSE	NA	NA	NA	NA	NA	NA
2019-nCoV	11277	A	+T	211	124	25	1	0	20	0.00473934	211	0.877655	FALSE	NA	NA	NA	NA	NA	NA
2019-nCoV	11278	T	+A	213	124	25	1	0	20	0.00469484	213	0.87763	FALSE	NA	NA	NA	NA	NA	NA
2019-nCoV	11279	A	-CTAGTT	212	123	25	1	0	20	0.00471698	212	0.877643	FALSE	NA	NA	NA	NA	NA	NA
2019-nCoV	11280	C	T	211	122	25	1	1	23	0.00471698	212	0.876771	FALSE	NA	NA	NA	NA	NA	NA
2019-nCoV	11281	T	C	215	125	25	1	1	24	0.00462963	216	0.876738	FALSE	NA	NA	NA	NA	NA	NA
2019-nCoV	11282	A	G	209	120	25	2	2	23	0.00947867	211	0.69018	FALSE	NA	NA	NA	NA	NA	NA
2019-nCoV	11282	A	-GTTT	209	120	25	1	0	20	0.00473934	211	0.875895	FALSE	NA	NA	NA	NA	NA	NA
2019-nCoV	11284	T	-TTGTC	126	47	23	4	0	20	0.0314961	127	0.194955	FALSE	NA	NA	NA	NA	NA	NA
2019-nCoV	11286	T	G	142	122	24	1	1	20	0.00699301	143	0.750877	FALSE	NA	NA	NA	NA	NA	NA
2019-nCoV	11286	T	-GTC	142	122	24	2	0	20	0.0138889	144	0.502622	FALSE	NA	NA	NA	NA	NA	NA
2019-nCoV	11287	G	-TCTGGTTTTA	184	116	24	1	0	20	0.00540541	185	0.752033	FALSE	NA	NA	NA	NA	NA	NA
2019-nCoV	11287	G	-TCTGGTTTT	184	116	24	180	0	20	0.972973	185	8.228629999999999e-40	TRUE	NA	NA	NA	NA	NA	NA
2019-nCoV	11288	T	A	1	1	27	1	0	23	0.5	2	0.0301874	FALSE	NA	NA	NA	NA	NA	NA
2019-nCoV	11288	T	-CTGGTTTT	1	1	27	1	0	20	0.00763359	131	0.0301874	FALSE	NA	NA	NA	NA	NA	NA
2019-nCoV	11289	C	T	1	1	27	2	1	24	0.666667	3	0.00100489	TRUE	NA	NA	NA	NA	NA	NA
2019-nCoV	11291	G	-GTTTT	7	2	22	7	0	20	0.0518519	135	9.82864e-8	TRUE	NA	NA	NA	NA	NA	NA
2019-nCoV	11295	T	A	2	2	21	1	0	21	0.333333	3	0.0428527	FALSE	NA	NA	NA	NA	NA	NA
2019-nCoV	11296	T	G	0	0	0	2	1	21	1	2	3.22027e-4	TRUE	NA	NA	NA	NA	NA	NA
2019-nCoV	11298	A	C	149	114	23	1	0	20	0.00666667	150	0.752508	FALSE	NA	NA	NA	NA	NA	NA
2019-nCoV	11299	G	+C	189	115	24	1	0	20	0.00529101	189	0.753302	FALSE	NA	NA	NA	NA	NA	NA
2019-nCoV	11301	T	-A	193	116	23	21	0	20	0.108808	193	1.01706e-5	TRUE	NA	NA	NA	NA	NA	NA
2019-nCoV	11301	T	+CAA	193	116	23	1	0	20	0.00518135	193	0.753233	FALSE	NA	NA	NA	NA	NA	NA
2019-nCoV	11301	T	+A	193	116	23	1	0	20	0.00518135	193	0.753233	FALSE	NA	NA	NA	NA	NA	NA
2019-nCoV	11302	A	G	80	12	23	2	1	23	0.0243902	82	0.22065	FALSE	NA	NA	NA	NA	NA	NA
2019-nCoV	11303	A	G	191	113	24	1	0	20	0.00520833	192	0.751958	FALSE	NA	NA	NA	NA	NA	NA
2019-nCoV	11305	A	G	127	120	24	1	1	27	0.00775194	129	0.75098	FALSE	NA	NA	NA	NA	NA	NA
2019-nCoV	11305	A	C	127	120	24	1	1	20	0.00775194	129	0.75098	FALSE	NA	NA	NA	NA	NA	NA
2019-nCoV	11307	A	G	206	125	25	1	0	21	0.00483092	207	0.876814	FALSE	NA	NA	NA	NA	NA	NA
2019-nCoV	11312	G	+T	212	121	25	2	0	20	0.00943396	212	0.693675	FALSE	NA	NA	NA	NA	NA	NA
2019-nCoV	11314	T	+A	195	127	24	1	0	20	0.00512821	195	0.7532	FALSE	NA	NA	NA	NA	NA	NA
2019-nCoV	11315	A	G	206	119	25	1	1	22	0.00483092	207	0.876814	FALSE	NA	NA	NA	NA	NA	NA
2019-nCoV	11315	A	+T	206	119	25	1	0	20	0.00483092	207	0.876814	FALSE	NA	NA	NA	NA	NA	NA
2019-nCoV	11316	T	C	204	120	25	1	0	20	0.00487805	205	0.876831	FALSE	NA	NA	NA	NA	NA	NA
2019-nCoV	11318	T	+A	201	112	25	1	0	20	0.00497512	201	0.877787	FALSE	NA	NA	NA	NA	NA	NA
2019-nCoV	11319	A	-T	197	107	25	1	0	20	0.00507614	197	0.753168	FALSE	NA	NA	NA	NA	NA	NA
2019-nCoV	11321	G	A	204	118	25	1	0	20	0.00487805	205	0.876831	FALSE	NA	NA	NA	NA	NA	NA
2019-nCoV	11323	A	+C	204	119	25	1	0	20	0.00490196	204	0.877746	FALSE	NA	NA	NA	NA	NA	NA
2019-nCoV	11325	C	+T	218	128	25	1	0	20	0.00458716	218	0.87757	FALSE	NA	NA	NA	NA	NA	NA
2019-nCoV	11329	T	C	205	128	25	2	2	26	0.00966184	207	0.690232	FALSE	NA	NA	NA	NA	NA	NA
2019-nCoV	11330	G	A	209	125	25	1	0	25	0.0047619	210	0.876788	FALSE	NA	NA	NA	NA	NA	NA
2019-nCoV	11331	T	C	211	126	25	2	2	26	0.00938967	213	0.690154	FALSE	NA	NA	NA	NA	NA	NA
2019-nCoV	11331	T	+G	211	126	25	1	0	20	0.00469484	213	0.875887	FALSE	NA	NA	NA	NA	NA	NA
2019-nCoV	11331	T	+A	211	126	25	1	0	20	0.00469484	213	0.875887	FALSE	NA	NA	NA	NA	NA	NA
2019-nCoV	11332	A	G	217	128	25	2	1	24	0.00913242	219	0.69008100000000006	FALSE	NA	NA	NA	NA	NA	NA
2019-nCoV	11334	T	+C	217	128	25	1	0	20	0.00460829	217	0.877582	FALSE	NA	NA	NA	NA	NA	NA
2019-nCoV	11335	G	+C	208	123	25	1	0	20	0.00480769	208	0.877693	FALSE	NA	NA	NA	NA	NA	NA
2019-nCoV	11336	T	C	170	87	24	1	0	27	0.00584795	171	0.752199	FALSE	NA	NA	NA	NA	NA	NA
2019-nCoV	11337	T	C	203	131	24	1	0	26	0.00490196	204	0.87684	FALSE	NA	NA	NA	NA	NA	NA
2019-nCoV	11337	T	-A	203	131	24	1	0	20	0.00490196	204	0.87684	FALSE	NA	NA	NA	NA	NA	NA
2019-nCoV	11338	A	-C	209	128	25	1	0	20	0.0047619	210	0.876788	FALSE	NA	NA	NA	NA	NA	NA
2019-nCoV	11339	C	+G	211	127	25	1	0	20	0.00471698	212	0.876771	FALSE	NA	NA	NA	NA	NA	NA
2019-nCoV	11345	C	-T	198	134	25	1	0	20	0.00505051	198	0.753152	FALSE	NA	NA	NA	NA	NA	NA
2019-nCoV	11347	T	C	195	133	25	1	1	25	0.00510204	196	0.751918	FALSE	NA	NA	NA	NA	NA	NA
2019-nCoV	11350	G	+A	224	135	25	1	0	20	0.00446429	224	0.877502	FALSE	NA	NA	NA	NA	NA	NA
2019-nCoV	11351	A	G	219	130	25	1	1	25	0.00454545	220	0.876706	FALSE	NA	NA	NA	NA	NA	NA
2019-nCoV	11354	G	+C	218	129	25	1	0	20	0.00458716	218	0.87757	FALSE	NA	NA	NA	NA	NA	NA
2019-nCoV	11355	C	T	204	121	25	1	1	26	0.00487805	205	0.876831	FALSE	NA	NA	NA	NA	NA	NA
2019-nCoV	11355	C	+A	204	121	25	3	0	20	0.0146341	205	0.506876	FALSE	NA	NA	NA	NA	NA	NA
2019-nCoV	11356	A	T	183	100	24	1	0	27	0.00543478	184	0.752044	FALSE	NA	NA	NA	NA	NA	NA
2019-nCoV	11357	A	G	193	133	24	1	0	26	0.00515464	194	0.751938	FALSE	NA	NA	NA	NA	NA	NA
2019-nCoV	11358	G	+A	210	129	25	2	0	20	0.00952381	210	0.693734	FALSE	NA	NA	NA	NA	NA	NA
2019-nCoV	11359	A	G	180	95	23	1	1	31	0.00552486	181	0.501385	FALSE	NA	NA	NA	NA	NA	NA
2019-nCoV	11360	A	G	183	133	24	1	0	26	0.00543478	184	0.752044	FALSE	NA	NA	NA	NA	NA	NA
2019-nCoV	11360	A	-C	183	133	24	2	0	20	0.0108696	184	0.504087	FALSE	NA	NA	NA	NA	NA	NA
2019-nCoV	11360	A	+C	183	133	24	2	0	20	0.0108696	184	0.504087	FALSE	NA	NA	NA	NA	NA	NA
2019-nCoV	11362	T	+C	205	129	24	1	0	20	0.00487805	205	0.877733	FALSE	NA	NA	NA	NA	NA	NA
2019-nCoV	11362	T	+A	205	129	24	1	0	20	0.00487805	205	0.877733	FALSE	NA	NA	NA	NA	NA	NA
2019-nCoV	11364	T	+G	210	125	25	1	0	20	0.0047619	210	0.877668	FALSE	NA	NA	NA	NA	NA	NA
2019-nCoV	11384	A	+G	48	33	25	1	0	20	0.0208333	48	0.510417	FALSE	NA	NA	NA	NA	NA	NA
2019-nCoV	11389	G	A	50	35	25	1	1	22	0.0196078	51	0.50495	FALSE	NA	NA	NA	NA	NA	NA
2019-nCoV	11399	A	+T	50	34	24	1	0	20	0.02	50	0.51	FALSE	NA	NA	NA	NA	NA	NA
2019-nCoV	11400	T	C	47	32	25	1	1	27	0.0208333	48	0.505263	FALSE	NA	NA	NA	NA	NA	NA
2019-nCoV	11402	A	G	42	27	23	2	2	28	0.0454545	44	0.252874	FALSE	NA	NA	NA	NA	NA	NA
2019-nCoV	11403	A	+T	41	32	25	1	0	20	0.0243902	41	0.512195	FALSE	NA	NA	NA	NA	NA	NA
2019-nCoV	11405	G	+T	46	34	25	1	0	20	0.0217391	46	0.51087	FALSE	NA	NA	NA	NA	NA	NA
2019-nCoV	11413	A	+T	65	45	25	1	0	20	0.0153846	65	0.507692	FALSE	NA	NA	NA	NA	NA	NA
2019-nCoV	11415	T	+C	66	44	25	1	0	20	0.0151515	66	0.507576	FALSE	NA	NA	NA	NA	NA	NA
2019-nCoV	11416	C	G	64	44	25	1	1	21	0.0153846	65	0.503876	FALSE	NA	NA	NA	NA	NA	NA
2019-nCoV	11417	G	+T	62	44	24	4	0	20	0.0645161	62	0.0697384	FALSE	NA	NA	NA	NA	NA	NA
2019-nCoV	11422	T	+A	63	44	23	3	0	20	0.047619	63	0.134046	FALSE	NA	NA	NA	NA	NA	NA
2019-nCoV	11426	G	+T	64	44	24	2	0	20	0.03125	64	0.259811	FALSE	NA	NA	NA	NA	NA	NA
2019-nCoV	11430	A	+T	65	44	23	2	0	20	0.0307692	65	0.259659	FALSE	NA	NA	NA	NA	NA	NA
2019-nCoV	11442	C	+T	60	45	23	1	0	20	0.0166667	60	0.508333	FALSE	NA	NA	NA	NA	NA	NA
2019-nCoV	11443	T	C	24	10	22	1	1	27	0.04	25	0.510204	FALSE	NA	NA	NA	NA	NA	NA
2019-nCoV	11448	A	+G	68	48	24	1	0	20	0.0147059	68	0.507353	FALSE	NA	NA	NA	NA	NA	NA
2019-nCoV	11449	T	C	67	46	24	1	1	20	0.0147059	68	0.503704	FALSE	NA	NA	NA	NA	NA	NA
2019-nCoV	11449	T	+TC	67	46	24	1	0	20	0.0147059	68	0.503704	FALSE	NA	NA	NA	NA	NA	NA
2019-nCoV	11449	T	+C	67	46	24	1	0	20	0.0147059	68	0.503704	FALSE	NA	NA	NA	NA	NA	NA
2019-nCoV	11453	G	+T	60	41	24	1	0	20	0.0166667	60	0.508333	FALSE	NA	NA	NA	NA	NA	NA
2019-nCoV	11456	A	-T	64	44	23	2	0	20	0.03125	64	0.259811	FALSE	NA	NA	NA	NA	NA	NA
2019-nCoV	11456	A	+T	64	44	23	2	0	20	0.03125	64	0.259811	FALSE	NA	NA	NA	NA	NA	NA
2019-nCoV	11459	T	+TC	49	42	22	1	0	20	0.0204082	49	0.510204	FALSE	NA	NA	NA	NA	NA	NA
2019-nCoV	11459	T	+C	49	42	22	1	0	20	0.0204082	49	0.510204	FALSE	NA	NA	NA	NA	NA	NA
2019-nCoV	11461	C	G	52	41	24	1	1	23	0.0188679	53	0.504762	FALSE	NA	NA	NA	NA	NA	NA
2019-nCoV	11465	T	-G	68	48	24	2	0	20	0.0294118	68	0.259231	FALSE	NA	NA	NA	NA	NA	NA
2019-nCoV	11465	T	+G	68	48	24	1	0	20	0.0147059	68	0.507353	FALSE	NA	NA	NA	NA	NA	NA
2019-nCoV	11466	G	A	28	12	23	1	0	22	0.0344828	29	0.508772	FALSE	NA	NA	NA	NA	NA	NA
2019-nCoV	11471	C	+T	64	45	24	1	0	20	0.015625	64	0.507813	FALSE	NA	NA	NA	NA	NA	NA
2019-nCoV	11478	T	C	19	12	24	1	0	23	0.05	20	0.512821	FALSE	NA	NA	NA	NA	NA	NA
2019-nCoV	11483	G	-T	22	14	25	1	0	20	0.0454545	22	0.522727	FALSE	NA	NA	NA	NA	NA	NA
2019-nCoV	11495	T	+A	18	10	25	1	0	20	0.0555556	18	0.527778	FALSE	NA	NA	NA	NA	NA	NA
2019-nCoV	11500	A	T	15	8	24	1	1	23	0.0625	16	0.516129	FALSE	NA	NA	NA	NA	NA	NA
2019-nCoV	11506	A	+C	18	11	24	1	0	20	0.0555556	18	0.527778	FALSE	NA	NA	NA	NA	NA	NA
2019-nCoV	11508	T	C	14	6	24	1	1	24	0.0666667	15	0.517241	FALSE	NA	NA	NA	NA	NA	NA
2019-nCoV	11509	T	+A	19	13	24	1	0	20	0.0526316	19	0.526316	FALSE	NA	NA	NA	NA	NA	NA
2019-nCoV	11519	A	G	15	9	24	1	0	23	0.0625	16	0.516129	FALSE	NA	NA	NA	NA	NA	NA
2019-nCoV	11519	A	-T	15	9	24	1	0	20	0.0625	16	0.516129	FALSE	NA	NA	NA	NA	NA	NA
2019-nCoV	11521	G	-T	16	10	22	2	0	20	0.125	16	0.289773	FALSE	NA	NA	NA	NA	NA	NA
2019-nCoV	11524	T	C	133	28	24	1	0	20	0.00746269	134	0.752809	FALSE	NA	NA	NA	NA	NA	NA
2019-nCoV	11526	T	G	26	24	23	2	0	20	0.0714286	28	0.254545	FALSE	NA	NA	NA	NA	NA	NA
2019-nCoV	11531	A	+G	146	28	23	3	0	20	0.0205479	146	0.321522	FALSE	NA	NA	NA	NA	NA	NA
2019-nCoV	11535	G	-T	129	35	22	2	0	20	0.0155039	129	0.508721	FALSE	NA	NA	NA	NA	NA	NA
2019-nCoV	11535	G	+T	129	35	22	2	0	20	0.0155039	129	0.508721	FALSE	NA	NA	NA	NA	NA	NA
2019-nCoV	11536	T	G	167	32	24	1	1	23	0.00595238	168	0.749258	FALSE	NA	NA	NA	NA	NA	NA
2019-nCoV	11537	A	+T	170	36	24	2	0	20	0.0117647	170	0.506618	FALSE	NA	NA	NA	NA	NA	NA
2019-nCoV	11537	A	+C	170	36	24	1	0	20	0.00588235	170	0.75367	FALSE	NA	NA	NA	NA	NA	NA
2019-nCoV	11540	G	-T	165	40	23	26	0	20	0.157576	165	6.01236e-7	TRUE	NA	NA	NA	NA	NA	NA
2019-nCoV	11540	G	+T	165	40	23	9	0	20	0.0545455	165	0.0125681	FALSE	NA	NA	NA	NA	NA	NA
2019-nCoV	11542	T	C	165	35	24	2	1	21	0.011976	167	0.502259	FALSE	NA	NA	NA	NA	NA	NA
2019-nCoV	11545	T	C	48	45	23	1	0	22	0.02	50	0.5	FALSE	NA	NA	NA	NA	NA	NA
2019-nCoV	11545	T	A	48	45	23	1	0	20	0.02	50	0.5	FALSE	NA	NA	NA	NA	NA	NA
2019-nCoV	11546	A	T	156	36	23	1	0	20	0.00636943	157	0.752396	FALSE	NA	NA	NA	NA	NA	NA
2019-nCoV	11546	A	+T	156	36	23	1	0	20	0.00636943	157	0.752396	FALSE	NA	NA	NA	NA	NA	NA
2019-nCoV	11546	A	+C	156	36	23	1	0	20	0.00636943	157	0.752396	FALSE	NA	NA	NA	NA	NA	NA
2019-nCoV	11548	G	+T	156	34	24	1	0	20	0.00641026	156	0.753999	FALSE	NA	NA	NA	NA	NA	NA
2019-nCoV	11549	T	C	161	45	24	3	0	26	0.0182927	164	0.313649	FALSE	NA	NA	NA	NA	NA	NA
2019-nCoV	11550	G	+TC	164	43	24	1	0	20	0.00609756	164	0.753804	FALSE	NA	NA	NA	NA	NA	NA
2019-nCoV	11550	G	+GT	164	43	24	1	0	20	0.00609756	164	0.753804	FALSE	NA	NA	NA	NA	NA	NA
2019-nCoV	11551	T	C	162	49	25	1	0	29	0.00613497	163	0.752308	FALSE	NA	NA	NA	NA	NA	NA
2019-nCoV	11551	T	+TC	162	49	25	1	0	20	0.00613497	163	0.752308	FALSE	NA	NA	NA	NA	NA	NA
2019-nCoV	11551	T	+G	162	49	25	1	0	20	0.00613497	163	0.752308	FALSE	NA	NA	NA	NA	NA	NA
2019-nCoV	11552	G	+T	160	43	24	1	0	20	0.00625	160	0.753899	FALSE	NA	NA	NA	NA	NA	NA
2019-nCoV	11553	T	C	149	28	25	1	0	23	0.00666667	150	0.752508	FALSE	NA	NA	NA	NA	NA	NA
2019-nCoV	11554	T	C	138	46	23	1	0	29	0.00719424	139	0.752708	FALSE	NA	NA	NA	NA	NA	NA
2019-nCoV	11555	G	+A	165	43	25	1	0	20	0.00606061	165	0.753781	FALSE	NA	NA	NA	NA	NA	NA
2019-nCoV	11557	G	+T	180	47	25	1	0	20	0.00555556	180	0.753466	FALSE	NA	NA	NA	NA	NA	NA
2019-nCoV	11558	T	+A	174	48	24	2	0	20	0.0114943	174	0.506465	FALSE	NA	NA	NA	NA	NA	NA
2019-nCoV	11559	A	G	169	48	24	2	1	25	0.0116959	171	0.502206	FALSE	NA	NA	NA	NA	NA	NA
2019-nCoV	11559	A	+T	169	48	24	2	0	20	0.0116959	171	0.502206	FALSE	NA	NA	NA	NA	NA	NA
2019-nCoV	11560	T	C	152	25	24	1	1	22	0.00653595	153	0.752459	FALSE	NA	NA	NA	NA	NA	NA
2019-nCoV	11561	T	C	128	48	22	3	1	24	0.0229008	131	0.31394	FALSE	NA	NA	NA	NA	NA	NA
2019-nCoV	11561	T	+TC	128	48	22	1	0	20	0.00763359	131	0.749035	FALSE	NA	NA	NA	NA	NA	NA
2019-nCoV	11562	G	+TC	147	29	24	1	0	20	0.00680272	147	0.754243	FALSE	NA	NA	NA	NA	NA	NA
2019-nCoV	11562	G	+C	147	29	24	1	0	20	0.00680272	147	0.754243	FALSE	NA	NA	NA	NA	NA	NA
2019-nCoV	11566	T	+G	148	25	23	1	0	20	0.00675676	148	0.754214	FALSE	NA	NA	NA	NA	NA	NA
2019-nCoV	11567	A	-T	137	33	23	8	0	20	0.0583942	137	0.022767	FALSE	NA	NA	NA	NA	NA	NA
2019-nCoV	11567	A	+T	137	33	23	1	0	20	0.00729927	137	0.754552	FALSE	NA	NA	NA	NA	NA	NA
2019-nCoV	11568	T	C	107	2	23	1	0	22	0.00925926	108	0.737434	FALSE	NA	NA	NA	NA	NA	NA
2019-nCoV	11571	T	+G	59	43	22	1	0	20	0.0169492	59	0.508475	FALSE	NA	NA	NA	NA	NA	NA
2019-nCoV	11572	C	+T	153	36	23	3	0	20	0.0196078	153	0.321108	FALSE	NA	NA	NA	NA	NA	NA
2019-nCoV	11575	C	T	144	31	23	5	5	23	0.033557	149	0.108567	FALSE	NA	NA	NA	NA	NA	NA
2019-nCoV	11575	C	-A	144	31	23	2	0	20	0.0134228	149	0.494881	FALSE	NA	NA	NA	NA	NA	NA
2019-nCoV	11576	A	G	159	40	24	3	0	24	0.0185185	162	0.311334	FALSE	NA	NA	NA	NA	NA	NA
2019-nCoV	11577	T	-A	144	27	23	15	0	20	0.104167	144	4.04083e-4	TRUE	NA	NA	NA	NA	NA	NA
2019-nCoV	11577	T	+A	144	27	23	1	0	20	0.00694444	144	0.754331	FALSE	NA	NA	NA	NA	NA	NA
2019-nCoV	11578	A	T	122	4	24	1	0	22	0.00813008	123	0.721397	FALSE	NA	NA	NA	NA	NA	NA
2019-nCoV	11579	A	C	86	30	22	2	0	20	0.0227273	88	0.251429	FALSE	NA	NA	NA	NA	NA	NA
2019-nCoV	11580	C	T	144	26	23	1	0	25	0.00680272	147	0.749141	FALSE	NA	NA	NA	NA	NA	NA
2019-nCoV	11580	C	G	144	26	23	1	0	20	0.00680272	147	0.749141	FALSE	NA	NA	NA	NA	NA	NA
2019-nCoV	11580	C	A	144	26	23	1	0	22	0.00680272	147	0.749141	FALSE	NA	NA	NA	NA	NA	NA
2019-nCoV	11581	T	C	161	38	24	1	0	23	0.00617284	162	0.752322	FALSE	NA	NA	NA	NA	NA	NA
2019-nCoV	11585	A	G	147	27	25	2	0	26	0.0134228	149	0.502534	FALSE	NA	NA	NA	NA	NA	NA
2019-nCoV	11587	T	C	160	47	25	2	0	24	0.0123457	162	0.502329	FALSE	NA	NA	NA	NA	NA	NA
2019-nCoV	11587	T	+A	160	47	25	1	0	20	0.00617284	162	0.750779	FALSE	NA	NA	NA	NA	NA	NA
2019-nCoV	11591	C	+T	173	55	25	6	0	20	0.0346821	173	0.0673404	FALSE	NA	NA	NA	NA	NA	NA
2019-nCoV	11591	C	+CT	173	55	25	1	0	20	0.00578035	173	0.753606	FALSE	NA	NA	NA	NA	NA	NA
2019-nCoV	11593	T	G	152	54	23	1	0	25	0.00653595	153	0.752459	FALSE	NA	NA	NA	NA	NA	NA
2019-nCoV	11595	A	G	162	49	25	1	1	21	0.00613497	163	0.752308	FALSE	NA	NA	NA	NA	NA	NA
2019-nCoV	11595	A	+AG	162	49	25	1	0	20	0.00613497	163	0.752308	FALSE	NA	NA	NA	NA	NA	NA
2019-nCoV	11596	G	+C	160	51	25	1	0	20	0.00625	160	0.753899	FALSE	NA	NA	NA	NA	NA	NA
2019-nCoV	11599	T	C	166	46	25	2	1	23	0.0119048	168	0.502246	FALSE	NA	NA	NA	NA	NA	NA
2019-nCoV	11600	A	+T	171	49	25	1	0	20	0.00584795	171	0.753649	FALSE	NA	NA	NA	NA	NA	NA
2019-nCoV	11601	T	C	166	50	25	1	1	22	0.00598802	167	0.752252	FALSE	NA	NA	NA	NA	NA	NA
2019-nCoV	11601	T	+A	166	50	25	2	0	20	0.011976	167	0.504505	FALSE	NA	NA	NA	NA	NA	NA
2019-nCoV	11603	A	+AT	147	54	22	1	0	20	0.00680272	147	0.754243	FALSE	NA	NA	NA	NA	NA	NA
2019-nCoV	11603	A	+AG	147	54	22	1	0	20	0.00680272	147	0.754243	FALSE	NA	NA	NA	NA	NA	NA
2019-nCoV	11608	A	+T	173	52	25	1	0	20	0.00578035	173	0.753606	FALSE	NA	NA	NA	NA	NA	NA
2019-nCoV	11609	G	-TT	176	55	24	1	0	20	0.00568182	176	0.753545	FALSE	NA	NA	NA	NA	NA	NA
2019-nCoV	11609	G	+T	176	55	24	4	0	20	0.0227273	176	0.194655	FALSE	NA	NA	NA	NA	NA	NA
2019-nCoV	11613	A	+T	172	51	24	1	0	20	0.00581395	172	0.753627	FALSE	NA	NA	NA	NA	NA	NA
2019-nCoV	11614	T	C	156	32	24	1	0	22	0.00636943	157	0.752396	FALSE	NA	NA	NA	NA	NA	NA
2019-nCoV	11615	T	C	147	57	22	1	0	26	0.00675676	148	0.752542	FALSE	NA	NA	NA	NA	NA	NA
2019-nCoV	11616	G	-T	177	55	24	3	0	20	0.0169492	177	0.319937	FALSE	NA	NA	NA	NA	NA	NA
2019-nCoV	11616	G	+T	177	55	24	3	0	20	0.0169492	177	0.319937	FALSE	NA	NA	NA	NA	NA	NA
2019-nCoV	11617	T	C	133	15	24	3	1	25	0.0220588	136	0.305645	FALSE	NA	NA	NA	NA	NA	NA
2019-nCoV	11619	T	-C	102	60	23	1	0	20	0.00980392	102	0.756109	FALSE	NA	NA	NA	NA	NA	NA
2019-nCoV	11620	C	+T	175	58	24	1	0	20	0.00568182	176	0.75213699999999994	FALSE	NA	NA	NA	NA	NA	NA
2019-nCoV	11621	T	G	156	39	24	2	0	24	0.0126582	158	0.502389	FALSE	NA	NA	NA	NA	NA	NA
2019-nCoV	11623	A	+G	170	51	24	1	0	20	0.00588235	170	0.75367	FALSE	NA	NA	NA	NA	NA	NA
2019-nCoV	11626	C	+T	168	56	24	1	0	20	0.00595238	168	0.753714	FALSE	NA	NA	NA	NA	NA	NA
2019-nCoV	11627	T	C	157	48	24	1	0	22	0.00632911	158	0.752381	FALSE	NA	NA	NA	NA	NA	NA
2019-nCoV	11628	A	-T	142	41	22	30	0	20	0.211268	142	7.2197e-8	TRUE	NA	NA	NA	NA	NA	NA
2019-nCoV	11628	A	+T	142	41	22	1	0	20	0.00704225	142	0.754392	FALSE	NA	NA	NA	NA	NA	NA
2019-nCoV	11634	G	+T	139	43	23	1	0	20	0.00719424	139	0.754487	FALSE	NA	NA	NA	NA	NA	NA
2019-nCoV	11636	A	-C	147	41	24	1	0	20	0.00680272	147	0.754243	FALSE	NA	NA	NA	NA	NA	NA
2019-nCoV	11639	T	+G	127	45	23	1	0	20	0.00787402	127	0.75491	FALSE	NA	NA	NA	NA	NA	NA
2019-nCoV	11640	G	+T	160	43	24	5	0	20	0.03125	160	0.116063	FALSE	NA	NA	NA	NA	NA	NA
2019-nCoV	11641	T	C	151	35	24	2	1	25	0.0130719	153	0.502467	FALSE	NA	NA	NA	NA	NA	NA
2019-nCoV	11644	C	T	145	40	25	12	0	25	0.0764331	157	0.00147326	TRUE	NA	NA	NA	NA	NA	NA
2019-nCoV	11644	C	+T	145	40	25	2	0	20	0.0127389	157	0.477655	FALSE	NA	NA	NA	NA	NA	NA
2019-nCoV	11644	C	+CT	145	40	25	1	0	20	0.00636943	157	0.733999	FALSE	NA	NA	NA	NA	NA	NA
2019-nCoV	11652	T	C	157	46	24	1	0	20	0.00632911	158	0.752381	FALSE	NA	NA	NA	NA	NA	NA
2019-nCoV	11653	C	-T	155	44	24	2	0	20	0.0129032	155	0.507258	FALSE	NA	NA	NA	NA	NA	NA
2019-nCoV	11653	C	+T	155	44	24	2	0	20	0.0129032	155	0.507258	FALSE	NA	NA	NA	NA	NA	NA
2019-nCoV	11657	T	C	66	49	23	2	0	25	0.0289855	69	0.248148	FALSE	NA	NA	NA	NA	NA	NA
2019-nCoV	11657	T	A	66	49	23	1	0	26	0.0144928	69	0.496296	FALSE	NA	NA	NA	NA	NA	NA
2019-nCoV	11658	G	+T	164	49	23	1	0	20	0.00609756	164	0.753804	FALSE	NA	NA	NA	NA	NA	NA
2019-nCoV	11659	T	C	119	4	24	2	1	24	0.0165289	121	0.503125	FALSE	NA	NA	NA	NA	NA	NA
2019-nCoV	11662	A	G	159	47	24	1	1	23	0.00625	160	0.752351	FALSE	NA	NA	NA	NA	NA	NA
2019-nCoV	11665	C	+CA	153	42	25	1	0	20	0.00653595	153	0.754077	FALSE	NA	NA	NA	NA	NA	NA
2019-nCoV	11665	C	+A	153	42	25	1	0	20	0.00653595	153	0.754077	FALSE	NA	NA	NA	NA	NA	NA
2019-nCoV	11666	A	G	133	18	25	2	2	23	0.0148148	135	0.502799	FALSE	NA	NA	NA	NA	NA	NA
2019-nCoV	11671	C	T	148	52	24	1	0	23	0.00671141	149	0.752525	FALSE	NA	NA	NA	NA	NA	NA
2019-nCoV	11671	C	+T	148	52	24	1	0	20	0.00671141	149	0.752525	FALSE	NA	NA	NA	NA	NA	NA
2019-nCoV	11673	A	-C	160	50	24	1	0	20	0.00625	160	0.753899	FALSE	NA	NA	NA	NA	NA	NA
2019-nCoV	11674	C	-T	157	50	24	1	0	20	0.00632911	158	0.752381	FALSE	NA	NA	NA	NA	NA	NA
2019-nCoV	11674	C	+T	157	50	24	2	0	20	0.0126582	158	0.504762	FALSE	NA	NA	NA	NA	NA	NA
2019-nCoV	11676	T	C	164	52	25	1	0	29	0.00606061	165	0.75228	FALSE	NA	NA	NA	NA	NA	NA
2019-nCoV	11679	G	A	165	48	25	1	1	27	0.0060241	166	0.752266	FALSE	NA	NA	NA	NA	NA	NA
2019-nCoV	11684	A	-C	165	50	26	1	0	20	0.00606061	165	0.753781	FALSE	NA	NA	NA	NA	NA	NA
2019-nCoV	11685	C	+T	165	51	26	1	0	20	0.0060241	166	0.752266	FALSE	NA	NA	NA	NA	NA	NA
2019-nCoV	11686	T	C	262	94	26	2	0	24	0.00757576	264	0.689639	FALSE	NA	NA	NA	NA	NA	NA
2019-nCoV	11687	C	+T	262	93	25	4	0	20	0.0152672	262	0.351825	FALSE	NA	NA	NA	NA	NA	NA
2019-nCoV	11689	T	C	219	95	24	1	1	22	0.00454545	220	0.876706	FALSE	NA	NA	NA	NA	NA	NA
2019-nCoV	11691	G	+T	228	97	23	1	0	20	0.00438596	228	0.877458	FALSE	NA	NA	NA	NA	NA	NA
2019-nCoV	11692	T	C	260	96	25	1	0	25	0.00383142	261	0.876438	FALSE	NA	NA	NA	NA	NA	NA
2019-nCoV	11693	G	A	261	95	25	1	0	26	0.00381679	262	0.876433	FALSE	NA	NA	NA	NA	NA	NA
2019-nCoV	11693	G	-T	261	95	25	2	0	20	0.00763359	262	0.691082	FALSE	NA	NA	NA	NA	NA	NA
2019-nCoV	11693	G	+T	261	95	25	6	0	20	0.0229008	262	0.150226	FALSE	NA	NA	NA	NA	NA	NA
2019-nCoV	11695	T	C	272	92	26	2	1	27	0.00729927	274	0.689561	FALSE	NA	NA	NA	NA	NA	NA
2019-nCoV	11698	T	+G	260	87	25	1	0	20	0.00384615	260	0.877157	FALSE	NA	NA	NA	NA	NA	NA
2019-nCoV	11700	A	G	249	88	25	1	1	24	0.00398406	251	0.875752	FALSE	NA	NA	NA	NA	NA	NA
2019-nCoV	11700	A	C	249	88	25	1	0	25	0.00398406	251	0.875752	FALSE	NA	NA	NA	NA	NA	NA
2019-nCoV	11700	A	+T	249	88	25	1	0	20	0.00398406	251	0.875752	FALSE	NA	NA	NA	NA	NA	NA
2019-nCoV	11701	T	C	234	67	25	1	0	24	0.00425532	235	0.876597	FALSE	NA	NA	NA	NA	NA	NA
2019-nCoV	11702	T	A	209	90	23	1	1	22	0.0047619	210	0.876788	FALSE	NA	NA	NA	NA	NA	NA
2019-nCoV	11702	T	-A	209	90	23	1	0	20	0.0047619	210	0.876788	FALSE	NA	NA	NA	NA	NA	NA
2019-nCoV	11702	T	+G	209	90	23	1	0	20	0.0047619	210	0.876788	FALSE	NA	NA	NA	NA	NA	NA
2019-nCoV	11703	A	C	250	87	25	2	2	20	0.00793651	252	0.686757	FALSE	NA	NA	NA	NA	NA	NA
2019-nCoV	11704	C	+T	253	87	25	1	0	20	0.00395257	253	0.877216	FALSE	NA	NA	NA	NA	NA	NA
2019-nCoV	11708	G	-T	257	90	24	3	0	20	0.0116732	257	0.507296	FALSE	NA	NA	NA	NA	NA	NA
2019-nCoV	11708	G	+T	257	90	24	1	0	20	0.00389105	257	0.877182	FALSE	NA	NA	NA	NA	NA	NA
2019-nCoV	11711	T	C	158	94	23	1	0	29	0.00628931	159	0.752366	FALSE	NA	NA	NA	NA	NA	NA
2019-nCoV	11712	C	T	247	91	24	1	0	20	0.00403226	248	0.876514	FALSE	NA	NA	NA	NA	NA	NA
2019-nCoV	11713	T	A	251	93	24	1	1	23	0.00396825	252	0.87649	FALSE	NA	NA	NA	NA	NA	NA
2019-nCoV	11715	C	T	251	97	24	1	0	24	0.00396825	252	0.87649	FALSE	NA	NA	NA	NA	NA	NA
2019-nCoV	11716	A	G	252	92	24	2	1	25	0.00787402	254	0.689724	FALSE	NA	NA	NA	NA	NA	NA
2019-nCoV	11716	A	+G	252	92	24	1	0	20	0.00393701	254	0.875743	FALSE	NA	NA	NA	NA	NA	NA
2019-nCoV	11717	C	T	253	93	24	1	1	22	0.00393701	254	0.876478	FALSE	NA	NA	NA	NA	NA	NA
2019-nCoV	11717	C	+CA	253	93	24	1	0	20	0.00393701	254	0.876478	FALSE	NA	NA	NA	NA	NA	NA
2019-nCoV	11720	G	+A	225	98	23	1	0	20	0.00444444	225	0.877491	FALSE	NA	NA	NA	NA	NA	NA
2019-nCoV	11722	G	+T	259	97	25	5	0	20	0.019305	259	0.234535	FALSE	NA	NA	NA	NA	NA	NA
2019-nCoV	11725	T	+TA	141	100	23	1	0	20	0.0070922	141	0.754423	FALSE	NA	NA	NA	NA	NA	NA
2019-nCoV	11727	G	A	0	0	0	258	96	25	1	258	8.941089999999999e-150	TRUE	NA	NA	NA	NA	NA	NA
2019-nCoV	11728	A	+C	154	95	23	1	0	20	0.00649351	154	0.754051	FALSE	NA	NA	NA	NA	NA	NA
2019-nCoV	11733	T	C	98	47	25	1	0	21	0.010101	99	0.502538	FALSE	NA	NA	NA	NA	NA	NA
2019-nCoV	11735	A	G	78	29	23	1	0	20	0.0126582	79	0.503185	FALSE	NA	NA	NA	NA	NA	NA
2019-nCoV	11738	T	C	61	43	24	1	0	23	0.015873	63	0.5	FALSE	NA	NA	NA	NA	NA	NA
2019-nCoV	11738	T	A	61	43	24	1	1	27	0.015873	63	0.5	FALSE	NA	NA	NA	NA	NA	NA
2019-nCoV	11741	C	+G	91	45	25	1	0	20	0.010989	91	0.505495	FALSE	NA	NA	NA	NA	NA	NA
2019-nCoV	11742	A	G	90	43	24	1	0	21	0.010989	91	0.502762	FALSE	NA	NA	NA	NA	NA	NA
2019-nCoV	11742	A	-G	90	43	24	1	0	20	0.010989	91	0.502762	FALSE	NA	NA	NA	NA	NA	NA
2019-nCoV	11742	A	+G	90	43	24	1	0	20	0.010989	91	0.502762	FALSE	NA	NA	NA	NA	NA	NA
2019-nCoV	11746	A	-C	86	44	24	1	0	20	0.0116279	86	0.505814	FALSE	NA	NA	NA	NA	NA	NA
2019-nCoV	11749	A	G	95	46	24	1	1	21	0.0104167	96	0.502618	FALSE	NA	NA	NA	NA	NA	NA
2019-nCoV	11751	T	C	95	44	23	1	1	24	0.0104167	96	0.502618	FALSE	NA	NA	NA	NA	NA	NA
2019-nCoV	11751	T	-C	95	44	23	5	0	20	0.0520833	96	0.0337424	FALSE	NA	NA	NA	NA	NA	NA
2019-nCoV	11755	A	+C	93	43	23	1	0	20	0.0107527	93	0.505376	FALSE	NA	NA	NA	NA	NA	NA
2019-nCoV	11762	A	G	89	38	23	1	0	22	0.0111111	90	0.502793	FALSE	NA	NA	NA	NA	NA	NA
2019-nCoV	11769	T	C	96	46	24	1	0	27	0.0103093	97	0.502591	FALSE	NA	NA	NA	NA	NA	NA
2019-nCoV	11773	T	+C	525	215	24	1	0	20	0.00190476	525	0.984774	FALSE	NA	NA	NA	NA	NA	NA
2019-nCoV	11774	G	-C	515	204	24	2	0	20	0.0038835	515	0.939082	FALSE	NA	NA	NA	NA	NA	NA
2019-nCoV	11774	G	+C	515	204	24	10	0	20	0.0194175	515	0.159004	FALSE	NA	NA	NA	NA	NA	NA
2019-nCoV	11774	G	+A	515	204	24	1	0	20	0.00194175	515	0.984781	FALSE	NA	NA	NA	NA	NA	NA
2019-nCoV	11776	C	T	364	207	23	1	1	21	0.00273973	365	0.938356	FALSE	NA	NA	NA	NA	NA	NA
2019-nCoV	11776	C	+G	364	207	23	1	0	20	0.00273973	365	0.938356	FALSE	NA	NA	NA	NA	NA	NA
2019-nCoV	11776	C	+CT	364	207	23	1	0	20	0.00273973	365	0.938356	FALSE	NA	NA	NA	NA	NA	NA
2019-nCoV	11777	T	C	428	126	23	1	0	23	0.002331	429	0.968933	FALSE	NA	NA	NA	NA	NA	NA
2019-nCoV	11778	T	C	408	222	23	1	0	20	0.00244499	409	0.969322	FALSE	NA	NA	NA	NA	NA	NA
2019-nCoV	11779	C	-A	516	209	23	3	0	20	0.00580271	517	0.858315	FALSE	NA	NA	NA	NA	NA	NA
2019-nCoV	11779	C	+A	516	209	23	8	0	20	0.0154739	517	0.299089	FALSE	NA	NA	NA	NA	NA	NA
2019-nCoV	11780	A	G	391	69	24	1	0	20	0.00255102	392	0.937979	FALSE	NA	NA	NA	NA	NA	NA
2019-nCoV	11781	A	G	555	221	25	1	1	27	0.00179856	556	0.984669	FALSE	NA	NA	NA	NA	NA	NA
2019-nCoV	11782	A	T	313	216	23	1	0	20	0.00316456	316	0.9377	FALSE	NA	NA	NA	NA	NA	NA
2019-nCoV	11782	A	G	313	216	23	2	0	23	0.00632911	316	0.813496	FALSE	NA	NA	NA	NA	NA	NA
2019-nCoV	11783	C	+G	532	212	24	1	0	20	0.0018797	532	0.984769	FALSE	NA	NA	NA	NA	NA	NA
2019-nCoV	11784	T	C	538	220	24	2	2	25	0.0037037	540	0.938411	FALSE	NA	NA	NA	NA	NA	NA
2019-nCoV	11784	T	+C	538	220	24	2	0	20	0.0037037	540	0.938411	FALSE	NA	NA	NA	NA	NA	NA
2019-nCoV	11785	C	T	545	230	25	1	1	23	0.0018315	546	0.984674	FALSE	NA	NA	NA	NA	NA	NA
2019-nCoV	11785	C	-A	545	230	25	1	0	20	0.0018315	546	0.984674	FALSE	NA	NA	NA	NA	NA	NA
2019-nCoV	11785	C	+A	545	230	25	5	0	20	0.00915751	546	0.629238	FALSE	NA	NA	NA	NA	NA	NA
2019-nCoV	11786	A	G	492	174	24	1	0	23	0.0020284	493	0.969067	FALSE	NA	NA	NA	NA	NA	NA
2019-nCoV	11787	A	G	462	231	24	1	0	26	0.00215983	463	0.969255	FALSE	NA	NA	NA	NA	NA	NA
2019-nCoV	11789	A	G	519	226	24	1	1	28	0.00192308	520	0.984689	FALSE	NA	NA	NA	NA	NA	NA
2019-nCoV	11789	A	-T	519	226	24	9	0	20	0.0173077	520	0.219982	FALSE	NA	NA	NA	NA	NA	NA
2019-nCoV	11789	A	+T	519	226	24	4	0	20	0.00769231	520	0.750815	FALSE	NA	NA	NA	NA	NA	NA
2019-nCoV	11790	T	C	451	171	23	1	1	27	0.00221239	452	0.967882	FALSE	NA	NA	NA	NA	NA	NA
2019-nCoV	11791	T	A	375	224	24	2	0	20	0.00530504	377	0.814162	FALSE	NA	NA	NA	NA	NA	NA
2019-nCoV	11791	T	-A	375	224	24	3	0	20	0.00795756	377	0.659365	FALSE	NA	NA	NA	NA	NA	NA
2019-nCoV	11791	T	+A	375	224	24	2	0	20	0.00530504	377	0.814162	FALSE	NA	NA	NA	NA	NA	NA
2019-nCoV	11794	A	+T	283	226	24	2	0	20	0.00706714	283	0.692129	FALSE	NA	NA	NA	NA	NA	NA
2019-nCoV	11794	A	+AT	283	226	24	1	0	20	0.00353357	283	0.876982	FALSE	NA	NA	NA	NA	NA	NA
2019-nCoV	11797	G	-T	493	226	24	4	0	20	0.00811359	493	0.642807	FALSE	NA	NA	NA	NA	NA	NA
2019-nCoV	11797	G	+T	493	226	24	4	0	20	0.00811359	493	0.642807	FALSE	NA	NA	NA	NA	NA	NA
2019-nCoV	11798	T	G	466	192	23	1	0	20	0.0021322	469	0.968415	FALSE	NA	NA	NA	NA	NA	NA
2019-nCoV	11798	T	C	466	192	23	2	1	26	0.00426439	469	0.889874	FALSE	NA	NA	NA	NA	NA	NA
2019-nCoV	11799	T	G	347	238	24	1	0	22	0.00287356	348	0.938397	FALSE	NA	NA	NA	NA	NA	NA
2019-nCoV	11799	T	+TG	347	238	24	1	0	20	0.00287356	348	0.938397	FALSE	NA	NA	NA	NA	NA	NA
2019-nCoV	11799	T	+G	347	238	24	4	0	20	0.0114943	348	0.506295	FALSE	NA	NA	NA	NA	NA	NA
2019-nCoV	11801	G	A	551	239	25	1	1	28	0.00181159	552	0.984671	FALSE	NA	NA	NA	NA	NA	NA
2019-nCoV	11802	G	T	312	230	24	2	0	21	0.00634921	315	0.813499	FALSE	NA	NA	NA	NA	NA	NA
2019-nCoV	11802	G	A	312	230	24	1	0	25	0.0031746	315	0.937701	FALSE	NA	NA	NA	NA	NA	NA
2019-nCoV	11803	T	G	518	228	24	1	0	22	0.00191939	521	0.984511	FALSE	NA	NA	NA	NA	NA	NA
2019-nCoV	11803	T	C	518	228	24	1	0	26	0.00191939	521	0.984511	FALSE	NA	NA	NA	NA	NA	NA
2019-nCoV	11803	T	A	518	228	24	1	0	23	0.00191939	521	0.984511	FALSE	NA	NA	NA	NA	NA	NA
2019-nCoV	11803	T	+G	518	228	24	2	0	20	0.00383877	521	0.938132	FALSE	NA	NA	NA	NA	NA	NA
2019-nCoV	11804	G	+T	536	227	24	19	0	20	0.0354478	536	0.00395737	TRUE	NA	NA	NA	NA	NA	NA
2019-nCoV	11806	T	C	436	230	23	1	1	28	0.00228833	437	0.969285	FALSE	NA	NA	NA	NA	NA	NA
2019-nCoV	11806	T	+TG	436	230	23	1	0	20	0.00228833	437	0.969285	FALSE	NA	NA	NA	NA	NA	NA
2019-nCoV	11806	T	+G	436	230	23	2	0	20	0.00457666	437	0.892498	FALSE	NA	NA	NA	NA	NA	NA
2019-nCoV	11806	T	+A	436	230	23	1	0	20	0.00228833	437	0.969285	FALSE	NA	NA	NA	NA	NA	NA
2019-nCoV	11807	G	A	464	153	24	2	2	25	0.00429185	466	0.891883	FALSE	NA	NA	NA	NA	NA	NA
2019-nCoV	11808	G	-T	420	235	24	1	0	20	0.00238095	420	0.969489	FALSE	NA	NA	NA	NA	NA	NA
2019-nCoV	11809	T	C	512	233	24	1	1	27	0.00194553	514	0.984512	FALSE	NA	NA	NA	NA	NA	NA
2019-nCoV	11809	T	A	512	233	24	1	0	20	0.00194553	514	0.984512	FALSE	NA	NA	NA	NA	NA	NA
2019-nCoV	11809	T	+G	512	233	24	3	0	20	0.00582524	515	0.857065	FALSE	NA	NA	NA	NA	NA	NA
2019-nCoV	11810	G	A	459	166	23	1	1	23	0.00217391	460	0.969258	FALSE	NA	NA	NA	NA	NA	NA
2019-nCoV	11811	G	A	398	235	24	1	1	31	0.00250627	399	0.500627	FALSE	NA	NA	NA	NA	NA	NA
2019-nCoV	11812	C	T	501	234	24	1	0	23	0.00199203	502	0.984701	FALSE	NA	NA	NA	NA	NA	NA
2019-nCoV	11812	C	-A	501	234	24	12	0	20	0.0239044	502	0.0769295	FALSE	NA	NA	NA	NA	NA	NA
2019-nCoV	11812	C	+A	501	234	24	1	0	20	0.00199203	502	0.984701	FALSE	NA	NA	NA	NA	NA	NA
2019-nCoV	11813	A	G	368	108	23	1	0	25	0.0027027	370	0.934605	FALSE	NA	NA	NA	NA	NA	NA
2019-nCoV	11813	A	C	368	108	23	1	0	22	0.0027027	370	0.934605	FALSE	NA	NA	NA	NA	NA	NA
2019-nCoV	11815	A	+T	304	243	25	1	0	20	0.00328947	304	0.938932	FALSE	NA	NA	NA	NA	NA	NA
2019-nCoV	11817	C	-T	439	243	24	1	0	20	0.0022779	439	0.969458	FALSE	NA	NA	NA	NA	NA	NA
2019-nCoV	11817	C	+T	439	243	24	1	0	20	0.0022779	439	0.969458	FALSE	NA	NA	NA	NA	NA	NA
2019-nCoV	11819	T	+AC	424	244	24	1	0	20	0.00235849	424	0.969482	FALSE	NA	NA	NA	NA	NA	NA
2019-nCoV	11820	G	A	514	237	25	1	0	26	0.00194175	515	0.984692	FALSE	NA	NA	NA	NA	NA	NA
2019-nCoV	11821	T	C	494	240	26	1	0	22	0.0020202	495	0.969223	FALSE	NA	NA	NA	NA	NA	NA
2019-nCoV	11821	T	+A	494	240	26	1	0	20	0.0020202	495	0.969223	FALSE	NA	NA	NA	NA	NA	NA
2019-nCoV	11822	A	G	463	242	25	1	0	27	0.00215517	464	0.969254	FALSE	NA	NA	NA	NA	NA	NA
2019-nCoV	11823	T	C	469	245	25	8	2	24	0.0167715	477	0.193333	FALSE	NA	NA	NA	NA	NA	NA
2019-nCoV	11823	T	+A	469	245	25	1	0	20	0.00209644	477	0.968083	FALSE	NA	NA	NA	NA	NA	NA
2019-nCoV	11824	C	-A	477	242	25	1	0	20	0.00209644	477	0.969402	FALSE	NA	NA	NA	NA	NA	NA
2019-nCoV	11824	C	+A	477	242	25	4	0	20	0.00838574	477	0.643011	FALSE	NA	NA	NA	NA	NA	NA
2019-nCoV	11825	A	G	414	136	23	1	0	27	0.00240964	415	0.968751	FALSE	NA	NA	NA	NA	NA	NA
2019-nCoV	11828	G	A	497	238	24	1	1	24	0.00200803	498	0.96922	FALSE	NA	NA	NA	NA	NA	NA
2019-nCoV	11830	A	T	536	239	25	2	2	26	0.00371747	538	0.938414	FALSE	NA	NA	NA	NA	NA	NA
2019-nCoV	11830	A	+G	536	239	25	1	0	20	0.00185874	538	0.984593	FALSE	NA	NA	NA	NA	NA	NA
2019-nCoV	11831	G	+C	516	233	25	2	0	20	0.00387597	516	0.939079	FALSE	NA	NA	NA	NA	NA	NA
2019-nCoV	11833	C	+A	408	233	24	1	0	20	0.00245098	408	0.969511	FALSE	NA	NA	NA	NA	NA	NA
2019-nCoV	11835	C	T	504	233	25	1	0	22	0.0019802	505	0.984699	FALSE	NA	NA	NA	NA	NA	NA
2019-nCoV	11835	C	+T	504	233	25	1	0	20	0.0019802	505	0.984699	FALSE	NA	NA	NA	NA	NA	NA
2019-nCoV	11836	T	C	490	230	25	1	1	27	0.00203666	491	0.969226	FALSE	NA	NA	NA	NA	NA	NA
2019-nCoV	11836	T	+C	490	230	25	1	0	20	0.00203666	491	0.969226	FALSE	NA	NA	NA	NA	NA	NA
2019-nCoV	11837	G	A	486	230	24	3	2	25	0.00613497	489	0.77512	FALSE	NA	NA	NA	NA	NA	NA
2019-nCoV	11837	G	-T	486	230	24	2	0	20	0.00408998	489	0.891347	FALSE	NA	NA	NA	NA	NA	NA
2019-nCoV	11837	G	+GT	486	230	24	1	0	20	0.00204499	489	0.968911	FALSE	NA	NA	NA	NA	NA	NA
2019-nCoV	11838	T	+G	444	229	24	1	0	20	0.00224719	445	0.969275	FALSE	NA	NA	NA	NA	NA	NA
2019-nCoV	11839	A	G	462	233	25	2	0	25	0.00431034	464	0.891889	FALSE	NA	NA	NA	NA	NA	NA
2019-nCoV	11841	A	G	504	239	24	2	1	22	0.00395257	506	0.938472	FALSE	NA	NA	NA	NA	NA	NA
2019-nCoV	11842	G	A	490	241	25	1	1	27	0.00203666	491	0.969226	FALSE	NA	NA	NA	NA	NA	NA
2019-nCoV	11842	G	-T	490	241	25	1	0	20	0.00203666	491	0.969226	FALSE	NA	NA	NA	NA	NA	NA
2019-nCoV	11843	T	C	488	235	24	1	0	26	0.00204499	489	0.969069	FALSE	NA	NA	NA	NA	NA	NA
2019-nCoV	11843	T	+C	488	235	24	1	0	20	0.00204082	490	0.969069	FALSE	NA	NA	NA	NA	NA	NA
2019-nCoV	11845	T	C	486	230	23	3	3	22	0.00613497	489	0.77512	FALSE	NA	NA	NA	NA	NA	NA
2019-nCoV	11845	T	-A	486	230	23	54	0	20	0.110429	489	6.06253e-12	TRUE	NA	NA	NA	NA	NA	NA
2019-nCoV	11845	T	+A	486	230	23	18	0	20	0.0368098	489	0.00249409	TRUE	NA	NA	NA	NA	NA	NA
2019-nCoV	11846	A	+T	257	7	24	1	0	20	0.003663	273	0.865558	FALSE	NA	NA	NA	NA	NA	NA
2019-nCoV	11848	A	G	486	236	24	2	1	27	0.00409836	488	0.891827	FALSE	NA	NA	NA	NA	NA	NA
2019-nCoV	11850	T	C	357	234	22	1	0	25	0.0027933	358	0.938372	FALSE	NA	NA	NA	NA	NA	NA
2019-nCoV	11851	G	A	373	242	24	1	0	27	0.0026738	374	0.938335	FALSE	NA	NA	NA	NA	NA	NA
2019-nCoV	11852	T	C	374	243	24	2	1	22	0.00531915	376	0.814166	FALSE	NA	NA	NA	NA	NA	NA
2019-nCoV	11854	A	T	477	244	25	1	1	27	0.00208768	479	0.969077	FALSE	NA	NA	NA	NA	NA	NA
2019-nCoV	11854	A	G	477	244	25	1	0	25	0.00208768	479	0.969077	FALSE	NA	NA	NA	NA	NA	NA
2019-nCoV	11854	A	+T	477	244	25	1	0	20	0.00208768	479	0.969077	FALSE	NA	NA	NA	NA	NA	NA
2019-nCoV	11855	G	+A	472	242	25	1	0	20	0.00211864	472	0.969408	FALSE	NA	NA	NA	NA	NA	NA
2019-nCoV	11856	A	G	484	239	25	1	1	27	0.00206186	485	0.969232	FALSE	NA	NA	NA	NA	NA	NA
2019-nCoV	11856	A	+C	484	239	25	1	0	20	0.00206186	485	0.969232	FALSE	NA	NA	NA	NA	NA	NA
2019-nCoV	11857	T	C	482	231	25	1	1	27	0.00207039	483	0.969234	FALSE	NA	NA	NA	NA	NA	NA
2019-nCoV	11858	G	A	470	225	25	1	1	22	0.00212314	471	0.969247	FALSE	NA	NA	NA	NA	NA	NA
2019-nCoV	11859	T	-A	460	217	24	1	0	20	0.00217391	460	0.969425	FALSE	NA	NA	NA	NA	NA	NA
2019-nCoV	11859	T	+A	460	217	24	2	0	20	0.00434783	460	0.892906	FALSE	NA	NA	NA	NA	NA	NA
2019-nCoV	11860	A	G	381	111	24	1	1	24	0.0026178	382	0.937991	FALSE	NA	NA	NA	NA	NA	NA
2019-nCoV	11861	A	G	519	243	26	1	1	28	0.00192308	520	0.984689	FALSE	NA	NA	NA	NA	NA	NA
2019-nCoV	11862	A	G	324	227	24	2	1	22	0.00613497	326	0.814422	FALSE	NA	NA	NA	NA	NA	NA
2019-nCoV	11863	G	+T	444	232	24	1	0	20	0.00225225	444	0.96945	FALSE	NA	NA	NA	NA	NA	NA
2019-nCoV	11864	T	C	451	231	25	2	2	27	0.00441501	453	0.89192	FALSE	NA	NA	NA	NA	NA	NA
2019-nCoV	11864	T	+G	451	231	25	1	0	20	0.00220751	453	0.969095	FALSE	NA	NA	NA	NA	NA	NA
2019-nCoV	11864	T	+A	451	231	25	2	0	20	0.00441501	453	0.89192	FALSE	NA	NA	NA	NA	NA	NA
2019-nCoV	11866	C	T	470	236	25	2	1	23	0.00423729	472	0.891867	FALSE	NA	NA	NA	NA	NA	NA
2019-nCoV	11866	C	+A	470	236	25	2	0	20	0.00423729	472	0.891867	FALSE	NA	NA	NA	NA	NA	NA
2019-nCoV	11867	A	G	458	240	25	2	0	23	0.00434783	460	0.8919	FALSE	NA	NA	NA	NA	NA	NA
2019-nCoV	11868	C	+G	466	235	25	1	0	20	0.00214592	466	0.969417	FALSE	NA	NA	NA	NA	NA	NA
2019-nCoV	11869	A	G	465	235	25	2	0	26	0.00428266	467	0.891881	FALSE	NA	NA	NA	NA	NA	NA
2019-nCoV	11870	T	C	487	231	25	2	1	27	0.00408998	489	0.891824	FALSE	NA	NA	NA	NA	NA	NA
2019-nCoV	11871	C	T	493	243	25	1	0	20	0.00202429	494	0.969223	FALSE	NA	NA	NA	NA	NA	NA
2019-nCoV	11871	C	+G	493	243	25	2	0	20	0.00404858	494	0.892282	FALSE	NA	NA	NA	NA	NA	NA
2019-nCoV	11872	A	+G	474	237	25	1	0	20	0.0021097	474	0.969406	FALSE	NA	NA	NA	NA	NA	NA
2019-nCoV	11873	G	-T	446	235	24	2	0	20	0.0044843	446	0.892977	FALSE	NA	NA	NA	NA	NA	NA
2019-nCoV	11873	G	+T	446	235	24	2	0	20	0.0044843	446	0.892977	FALSE	NA	NA	NA	NA	NA	NA
2019-nCoV	11874	T	C	431	228	24	1	1	23	0.00230947	433	0.968931	FALSE	NA	NA	NA	NA	NA	NA
2019-nCoV	11874	T	A	431	228	24	1	1	20	0.00230947	433	0.968931	FALSE	NA	NA	NA	NA	NA	NA
2019-nCoV	11875	A	G	452	232	24	1	0	23	0.00220751	453	0.969266	FALSE	NA	NA	NA	NA	NA	NA
2019-nCoV	11876	G	A	477	232	25	1	0	22	0.00209205	478	0.969239	FALSE	NA	NA	NA	NA	NA	NA
2019-nCoV	11876	G	+C	477	232	25	1	0	20	0.00209205	478	0.969239	FALSE	NA	NA	NA	NA	NA	NA
2019-nCoV	11878	C	T	466	238	24	1	1	20	0.00214133	467	0.969251	FALSE	NA	NA	NA	NA	NA	NA
2019-nCoV	11878	C	-T	466	238	24	1	0	20	0.00214133	467	0.969251	FALSE	NA	NA	NA	NA	NA	NA
2019-nCoV	11878	C	+T	466	238	24	1	0	20	0.00214133	467	0.969251	FALSE	NA	NA	NA	NA	NA	NA
2019-nCoV	11878	C	+CT	466	238	24	1	0	20	0.00214133	467	0.969251	FALSE	NA	NA	NA	NA	NA	NA
2019-nCoV	11878	C	+A	466	238	24	1	0	20	0.00214133	467	0.969251	FALSE	NA	NA	NA	NA	NA	NA
2019-nCoV	11879	T	A	437	199	23	1	1	21	0.00228311	438	0.969107	FALSE	NA	NA	NA	NA	NA	NA
2019-nCoV	11880	T	-A	388	243	24	4	0	20	0.0103093	388	0.507047	FALSE	NA	NA	NA	NA	NA	NA
2019-nCoV	11881	A	G	466	237	24	1	1	26	0.00214133	467	0.968583	FALSE	NA	NA	NA	NA	NA	NA
2019-nCoV	11881	A	+TC	466	237	24	1	0	20	0.00212314	471	0.968583	FALSE	NA	NA	NA	NA	NA	NA
2019-nCoV	11881	A	+C	466	237	24	1	0	20	0.00212314	471	0.968583	FALSE	NA	NA	NA	NA	NA	NA
2019-nCoV	11882	C	+T	487	235	25	4	0	20	0.00821355	487	0.642882	FALSE	NA	NA	NA	NA	NA	NA
2019-nCoV	11883	T	C	479	235	25	4	2	25	0.00828157	483	0.638425	FALSE	NA	NA	NA	NA	NA	NA
2019-nCoV	11885	T	C	487	236	24	1	0	28	0.00204499	489	0.96907	FALSE	NA	NA	NA	NA	NA	NA
2019-nCoV	11885	T	A	487	236	24	1	0	23	0.00204499	489	0.96907	FALSE	NA	NA	NA	NA	NA	NA
2019-nCoV	11885	T	+C	487	236	24	1	0	20	0.00204499	489	0.96907	FALSE	NA	NA	NA	NA	NA	NA
2019-nCoV	11886	C	+G	482	232	24	1	0	20	0.00207469	482	0.969395	FALSE	NA	NA	NA	NA	NA	NA
2019-nCoV	11886	C	+A	482	232	24	4	0	20	0.00829876	482	0.642946	FALSE	NA	NA	NA	NA	NA	NA
2019-nCoV	11887	A	G	476	229	24	1	1	22	0.00209644	477	0.96924	FALSE	NA	NA	NA	NA	NA	NA
2019-nCoV	11888	G	-T	463	233	23	20	0	20	0.0431965	463	9.75524e-4	TRUE	NA	NA	NA	NA	NA	NA
2019-nCoV	11888	G	+T	463	233	23	2	0	20	0.00431965	463	0.892891	FALSE	NA	NA	NA	NA	NA	NA
2019-nCoV	11894	C	-A	471	237	24	1	0	20	0.00212314	471	0.96941	FALSE	NA	NA	NA	NA	NA	NA
2019-nCoV	11894	C	+A	471	237	24	3	0	20	0.00636943	471	0.777775	FALSE	NA	NA	NA	NA	NA	NA
2019-nCoV	11895	A	G	419	173	23	3	2	23	0.007109	422	0.774414	FALSE	NA	NA	NA	NA	NA	NA
2019-nCoV	11896	A	G	369	240	23	1	0	24	0.0027027	370	0.938344	FALSE	NA	NA	NA	NA	NA	NA
2019-nCoV	11896	A	+AC	369	240	23	1	0	20	0.0027027	370	0.938344	FALSE	NA	NA	NA	NA	NA	NA
2019-nCoV	11897	C	-A	453	234	24	2	0	20	0.00441501	453	0.892941	FALSE	NA	NA	NA	NA	NA	NA
2019-nCoV	11897	C	+A	453	234	24	2	0	20	0.00441501	453	0.892941	FALSE	NA	NA	NA	NA	NA	NA
2019-nCoV	11899	A	+C	368	232	24	1	0	20	0.00271739	368	0.938684	FALSE	NA	NA	NA	NA	NA	NA
2019-nCoV	11899	A	+AC	368	232	24	1	0	20	0.00271739	368	0.938684	FALSE	NA	NA	NA	NA	NA	NA
2019-nCoV	11905	A	T	348	167	24	1	1	29	0.00283286	353	0.936963	FALSE	NA	NA	NA	NA	NA	NA
2019-nCoV	11905	A	G	348	167	24	4	2	22	0.0113314	353	0.5	FALSE	NA	NA	NA	NA	NA	NA
2019-nCoV	11905	A	-G	348	167	24	87	0	20	0.246459	353	8.31788e-21	TRUE	NA	NA	NA	NA	NA	NA
2019-nCoV	11906	G	A	265	85	23	1	1	26	0.0037594	266	0.896039	FALSE	NA	NA	NA	NA	NA	NA
2019-nCoV	11907	T	C	376	173	24	1	0	27	0.00265252	377	0.938328	FALSE	NA	NA	NA	NA	NA	NA
2019-nCoV	11907	T	+C	376	173	24	1	0	20	0.00265252	377	0.938328	FALSE	NA	NA	NA	NA	NA	NA
2019-nCoV	11909	G	-A	368	179	25	2	0	20	0.00543478	368	0.815885	FALSE	NA	NA	NA	NA	NA	NA
2019-nCoV	11909	G	+GA	368	179	25	1	0	20	0.00271739	368	0.938684	FALSE	NA	NA	NA	NA	NA	NA
2019-nCoV	11909	G	+A	368	179	25	2	0	20	0.00543478	368	0.815885	FALSE	NA	NA	NA	NA	NA	NA
2019-nCoV	11910	A	G	339	139	23	1	1	28	0.00294118	340	0.937685	FALSE	NA	NA	NA	NA	NA	NA
2019-nCoV	11911	A	G	294	191	24	1	0	28	0.00338983	295	0.876272	FALSE	NA	NA	NA	NA	NA	NA
2019-nCoV	11914	A	-T	360	185	24	1	0	20	0.00277778	360	0.93871	FALSE	NA	NA	NA	NA	NA	NA
2019-nCoV	11915	T	C	362	185	24	1	0	27	0.00275482	363	0.938017	FALSE	NA	NA	NA	NA	NA	NA
2019-nCoV	11915	T	-C	362	185	24	1	0	20	0.00274725	364	0.938017	FALSE	NA	NA	NA	NA	NA	NA
2019-nCoV	11915	T	+C	362	185	24	1	0	20	0.00274725	364	0.938017	FALSE	NA	NA	NA	NA	NA	NA
2019-nCoV	11916	C	A	364	184	24	1	0	27	0.00273973	365	0.938014	FALSE	NA	NA	NA	NA	NA	NA
2019-nCoV	11917	A	+T	367	182	24	1	0	20	0.0027248	367	0.938687	FALSE	NA	NA	NA	NA	NA	NA
2019-nCoV	11917	A	+C	367	182	24	1	0	20	0.0027248	367	0.938687	FALSE	NA	NA	NA	NA	NA	NA
2019-nCoV	11920	T	-A	304	188	23	5	0	20	0.0164474	304	0.373208	FALSE	NA	NA	NA	NA	NA	NA
2019-nCoV	11920	T	+A	304	188	23	10	0	20	0.0328947	304	0.0508861	FALSE	NA	NA	NA	NA	NA	NA
2019-nCoV	11922	A	G	336	187	25	2	2	25	0.00591716	338	0.814354	FALSE	NA	NA	NA	NA	NA	NA
2019-nCoV	11922	A	-AT	336	187	25	1	0	20	0.00295858	338	0.938057	FALSE	NA	NA	NA	NA	NA	NA
2019-nCoV	11923	A	+T	206	185	24	2	0	20	0.00966184	207	0.692034	FALSE	NA	NA	NA	NA	NA	NA
2019-nCoV	11923	A	+AT	206	185	24	1	0	20	0.00483092	207	0.876814	FALSE	NA	NA	NA	NA	NA	NA
2019-nCoV	11924	T	G	259	117	23	1	1	20	0.00384615	260	0.875723	FALSE	NA	NA	NA	NA	NA	NA
2019-nCoV	11927	T	C	293	174	23	2	0	24	0.00677966	295	0.689414	FALSE	NA	NA	NA	NA	NA	NA
2019-nCoV	11927	T	-G	293	174	23	2	0	20	0.00677966	295	0.689414	FALSE	NA	NA	NA	NA	NA	NA
2019-nCoV	11929	G	A	377	188	25	2	1	23	0.00527704	379	0.814153	FALSE	NA	NA	NA	NA	NA	NA
2019-nCoV	11930	G	-CT	217	185	24	1	0	20	0.00460829	217	0.877582	FALSE	NA	NA	NA	NA	NA	NA
2019-nCoV	11930	G	+A	217	185	24	2	0	20	0.00921659	217	0.693533	FALSE	NA	NA	NA	NA	NA	NA
2019-nCoV	11931	C	+A	354	181	24	1	0	20	0.0028169	355	0.93838	FALSE	NA	NA	NA	NA	NA	NA
2019-nCoV	11933	C	+G	378	175	25	1	0	20	0.0026455	378	0.938652	FALSE	NA	NA	NA	NA	NA	NA
2019-nCoV	11933	C	+A	378	175	25	3	0	20	0.00793651	378	0.661819	FALSE	NA	NA	NA	NA	NA	NA
2019-nCoV	11934	A	G	331	126	25	1	1	28	0.00301205	332	0.938441	FALSE	NA	NA	NA	NA	NA	NA
2019-nCoV	11936	T	G	390	182	25	1	1	21	0.00255754	391	0.938299	FALSE	NA	NA	NA	NA	NA	NA
2019-nCoV	11937	G	A	390	183	26	2	2	22	0.00510204	392	0.814098	FALSE	NA	NA	NA	NA	NA	NA
2019-nCoV	11938	T	+G	390	183	26	1	0	20	0.0025641	390	0.938617	FALSE	NA	NA	NA	NA	NA	NA
2019-nCoV	11940	T	+G	381	173	25	1	0	20	0.00262467	381	0.938643	FALSE	NA	NA	NA	NA	NA	NA
2019-nCoV	11940	T	+C	381	173	25	1	0	20	0.00262467	381	0.938643	FALSE	NA	NA	NA	NA	NA	NA
2019-nCoV	11941	C	T	329	122	25	1	0	22	0.0030303	330	0.938446	FALSE	NA	NA	NA	NA	NA	NA
2019-nCoV	11942	C	T	353	189	24	2	2	27	0.00561798	356	0.813383	FALSE	NA	NA	NA	NA	NA	NA
2019-nCoV	11942	C	A	353	189	24	1	0	27	0.00280899	356	0.937677	FALSE	NA	NA	NA	NA	NA	NA
2019-nCoV	11942	C	+G	353	189	24	1	0	20	0.00280899	356	0.937677	FALSE	NA	NA	NA	NA	NA	NA
2019-nCoV	11942	C	+A	353	189	24	1	0	20	0.00280899	356	0.937677	FALSE	NA	NA	NA	NA	NA	NA
2019-nCoV	11943	A	T	393	188	26	1	0	27	0.00251889	397	0.937342	FALSE	NA	NA	NA	NA	NA	NA
2019-nCoV	11943	A	G	393	188	26	3	0	27	0.00755668	397	0.656845	FALSE	NA	NA	NA	NA	NA	NA
2019-nCoV	11944	G	+T	399	190	26	2	0	20	0.00501253	399	0.815623	FALSE	NA	NA	NA	NA	NA	NA
2019-nCoV	11945	T	G	364	155	25	1	1	28	0.00273224	366	0.938014	FALSE	NA	NA	NA	NA	NA	NA
2019-nCoV	11945	T	C	364	155	25	1	1	29	0.00273224	366	0.938014	FALSE	NA	NA	NA	NA	NA	NA
2019-nCoV	11946	T	-A	378	193	24	2	0	20	0.00529101	378	0.815795	FALSE	NA	NA	NA	NA	NA	NA
2019-nCoV	11947	A	+C	395	185	26	1	0	20	0.00251889	397	0.937974	FALSE	NA	NA	NA	NA	NA	NA
2019-nCoV	11948	C	T	394	185	26	1	1	29	0.00253165	395	0.938291	FALSE	NA	NA	NA	NA	NA	NA
2019-nCoV	11948	C	+A	394	185	26	1	0	20	0.00253165	395	0.938291	FALSE	NA	NA	NA	NA	NA	NA
2019-nCoV	11949	A	G	397	189	26	1	0	27	0.00251256	398	0.938285	FALSE	NA	NA	NA	NA	NA	NA
2019-nCoV	11950	C	T	388	188	25	1	0	26	0.00257069	389	0.938303	FALSE	NA	NA	NA	NA	NA	NA
2019-nCoV	11950	C	-A	388	188	25	1	0	20	0.00257069	389	0.938303	FALSE	NA	NA	NA	NA	NA	NA
2019-nCoV	11950	C	+A	388	188	25	2	0	20	0.00514139	389	0.814908	FALSE	NA	NA	NA	NA	NA	NA
2019-nCoV	11953	T	C	394	192	25	1	1	29	0.00253165	395	0.938291	FALSE	NA	NA	NA	NA	NA	NA
2019-nCoV	11953	T	-G	394	192	25	1	0	20	0.00253165	395	0.938291	FALSE	NA	NA	NA	NA	NA	NA
2019-nCoV	11953	T	+G	394	192	25	1	0	20	0.00253165	395	0.938291	FALSE	NA	NA	NA	NA	NA	NA
2019-nCoV	11953	T	+C	394	192	25	1	0	20	0.00253165	395	0.938291	FALSE	NA	NA	NA	NA	NA	NA
2019-nCoV	11955	A	G	403	196	25	1	0	28	0.00247525	404	0.969329	FALSE	NA	NA	NA	NA	NA	NA
2019-nCoV	11956	C	T	401	191	26	1	1	27	0.00248756	402	0.969332	FALSE	NA	NA	NA	NA	NA	NA
2019-nCoV	11956	C	+A	401	191	26	3	0	20	0.00746269	402	0.777511	FALSE	NA	NA	NA	NA	NA	NA
2019-nCoV	11957	A	-T	397	187	25	2	0	20	0.00503778	397	0.815638	FALSE	NA	NA	NA	NA	NA	NA
2019-nCoV	11957	A	+T	397	187	25	5	0	20	0.0125945	397	0.370877	FALSE	NA	NA	NA	NA	NA	NA
2019-nCoV	11958	T	C	320	110	25	1	1	23	0.00311526	321	0.937696	FALSE	NA	NA	NA	NA	NA	NA
2019-nCoV	11960	C	+T	387	179	26	2	0	20	0.00516796	387	0.815719	FALSE	NA	NA	NA	NA	NA	NA
2019-nCoV	11961	T	C	391	183	26	2	1	25	0.00508906	393	0.814094	FALSE	NA	NA	NA	NA	NA	NA
2019-nCoV	11961	T	+A	391	183	26	1	0	20	0.00254453	393	0.937979	FALSE	NA	NA	NA	NA	NA	NA
2019-nCoV	11962	C	A	391	184	26	1	0	25	0.00255102	392	0.938297	FALSE	NA	NA	NA	NA	NA	NA
2019-nCoV	11962	C	+T	391	184	26	6	0	20	0.0153061	392	0.26022	FALSE	NA	NA	NA	NA	NA	NA
2019-nCoV	11964	T	A	390	193	24	1	0	25	0.00255754	391	0.938299	FALSE	NA	NA	NA	NA	NA	NA
2019-nCoV	11965	A	-G	398	190	26	2	0	20	0.00502513	398	0.81563	FALSE	NA	NA	NA	NA	NA	NA
2019-nCoV	11967	C	A	396	190	26	1	1	20	0.00251889	397	0.938287	FALSE	NA	NA	NA	NA	NA	NA
2019-nCoV	11967	C	+T	396	190	26	1	0	20	0.00251889	397	0.938287	FALSE	NA	NA	NA	NA	NA	NA
2019-nCoV	11968	T	C	396	188	25	1	1	28	0.00251889	397	0.938287	FALSE	NA	NA	NA	NA	NA	NA
2019-nCoV	11968	T	-A	396	188	25	2	0	20	0.00503778	397	0.81486	FALSE	NA	NA	NA	NA	NA	NA
2019-nCoV	11968	T	+A	396	188	25	8	0	20	0.0201511	397	0.118213	FALSE	NA	NA	NA	NA	NA	NA
2019-nCoV	11969	A	G	276	69	25	2	1	26	0.00719424	278	0.689531	FALSE	NA	NA	NA	NA	NA	NA
2019-nCoV	11971	A	+G	349	194	23	1	0	20	0.00286533	349	0.938748	FALSE	NA	NA	NA	NA	NA	NA
2019-nCoV	11972	G	A	395	191	25	1	1	28	0.00252525	396	0.938289	FALSE	NA	NA	NA	NA	NA	NA
2019-nCoV	11973	A	G	404	198	26	1	1	27	0.00246914	405	0.969327	FALSE	NA	NA	NA	NA	NA	NA
2019-nCoV	11973	A	+T	404	198	26	2	0	20	0.00493827	405	0.892645	FALSE	NA	NA	NA	NA	NA	NA
2019-nCoV	11974	T	+TA	398	197	25	1	0	20	0.00251256	398	0.938595	FALSE	NA	NA	NA	NA	NA	NA
2019-nCoV	11974	T	+G	398	197	25	1	0	20	0.00251256	398	0.938595	FALSE	NA	NA	NA	NA	NA	NA
2019-nCoV	11977	T	C	374	168	26	1	1	22	0.00266667	375	0.938333	FALSE	NA	NA	NA	NA	NA	NA
2019-nCoV	11977	T	-A	374	168	26	1	0	20	0.00266667	375	0.938333	FALSE	NA	NA	NA	NA	NA	NA
2019-nCoV	11977	T	+G	374	168	26	1	0	20	0.00266667	375	0.938333	FALSE	NA	NA	NA	NA	NA	NA
2019-nCoV	11979	C	+G	382	176	26	1	0	20	0.0026178	382	0.93864	FALSE	NA	NA	NA	NA	NA	NA
2019-nCoV	11981	G	A	392	184	25	1	0	31	0.00254453	393	0.500637	FALSE	NA	NA	NA	NA	NA	NA
2019-nCoV	11981	G	-A	392	184	25	1	0	20	0.00254453	393	0.938295	FALSE	NA	NA	NA	NA	NA	NA
2019-nCoV	11981	G	+A	392	184	25	2	0	20	0.00508906	393	0.814884	FALSE	NA	NA	NA	NA	NA	NA
2019-nCoV	11982	A	G	326	117	25	2	1	24	0.00609756	328	0.813456	FALSE	NA	NA	NA	NA	NA	NA
2019-nCoV	11983	A	+T	366	178	23	2	0	20	0.00546448	366	0.815903	FALSE	NA	NA	NA	NA	NA	NA
2019-nCoV	11984	G	+C	373	163	25	1	0	20	0.00268097	373	0.938668	FALSE	NA	NA	NA	NA	NA	NA
2019-nCoV	11986	C	-T	377	207	23	2	0	20	0.00530504	377	0.815804	FALSE	NA	NA	NA	NA	NA	NA
2019-nCoV	11986	C	+T	377	207	23	4	0	20	0.0106101	377	0.507253	FALSE	NA	NA	NA	NA	NA	NA
2019-nCoV	11986	C	+G	377	207	23	1	0	20	0.00265252	377	0.938656	FALSE	NA	NA	NA	NA	NA	NA
2019-nCoV	11988	T	C	412	203	25	2	1	24	0.00483092	414	0.892042	FALSE	NA	NA	NA	NA	NA	NA
2019-nCoV	11989	T	-G	309	196	22	1	0	20	0.00323625	309	0.938908	FALSE	NA	NA	NA	NA	NA	NA
2019-nCoV	11990	G	-AA	347	141	23	2	0	20	0.00576369	347	0.816089	FALSE	NA	NA	NA	NA	NA	NA
2019-nCoV	11990	G	-A	347	141	23	145	0	20	0.417867	347	5.789419999999999e-34	TRUE	NA	NA	NA	NA	NA	NA
2019-nCoV	11990	G	+A	347	141	23	5	0	20	0.0144092	347	0.371974	FALSE	NA	NA	NA	NA	NA	NA
2019-nCoV	11991	A	G	101	6	23	1	0	26	0.00980392	102	0.695078	FALSE	NA	NA	NA	NA	NA	NA
2019-nCoV	12052	G	+C	19	12	25	1	0	20	0.0526316	19	0.526316	FALSE	NA	NA	NA	NA	NA	NA
2019-nCoV	12061	A	G	16	12	26	1	0	28	0.0588235	17	0.515152	FALSE	NA	NA	NA	NA	NA	NA
2019-nCoV	12073	C	-A	19	12	25	1	0	20	0.0526316	19	0.526316	FALSE	NA	NA	NA	NA	NA	NA
2019-nCoV	12089	C	T	17	11	25	1	0	23	0.0555556	18	0.514286	FALSE	NA	NA	NA	NA	NA	NA
2019-nCoV	12106	G	+T	17	10	24	1	0	20	0.0588235	17	0.529412	FALSE	NA	NA	NA	NA	NA	NA
2019-nCoV	12130	A	G	18	12	25	1	0	22	0.0526316	19	0.513514	FALSE	NA	NA	NA	NA	NA	NA
2019-nCoV	12132	C	-T	18	11	25	1	0	20	0.0555556	18	0.527778	FALSE	NA	NA	NA	NA	NA	NA
2019-nCoV	12135	T	C	18	11	25	1	1	25	0.0526316	19	0.513514	FALSE	NA	NA	NA	NA	NA	NA
2019-nCoV	12141	C	+T	19	12	24	1	0	20	0.0526316	19	0.526316	FALSE	NA	NA	NA	NA	NA	NA
2019-nCoV	12146	C	T	17	11	24	1	1	28	0.0555556	18	0.514286	FALSE	NA	NA	NA	NA	NA	NA
2019-nCoV	12196	T	-A	7	4	22	1	0	20	0.142857	7	0.571429	FALSE	NA	NA	NA	NA	NA	NA
2019-nCoV	12202	G	+T	9	3	22	2	0	20	0.222222	9	0.321637	FALSE	NA	NA	NA	NA	NA	NA
2019-nCoV	12226	T	-A	12	6	24	1	0	20	0.0833333	12	0.541667	FALSE	NA	NA	NA	NA	NA	NA
2019-nCoV	12233	G	A	59	22	24	1	1	23	0.0166667	60	0.504202	FALSE	NA	NA	NA	NA	NA	NA
2019-nCoV	12233	G	-A	59	22	24	1	0	20	0.0166667	60	0.504202	FALSE	NA	NA	NA	NA	NA	NA
2019-nCoV	12233	G	+A	59	22	24	1	0	20	0.0166667	60	0.504202	FALSE	NA	NA	NA	NA	NA	NA
2019-nCoV	12237	T	C	64	25	25	1	1	28	0.0153846	65	0.503876	FALSE	NA	NA	NA	NA	NA	NA
2019-nCoV	12246	A	G	60	25	25	1	0	27	0.0163934	61	0.504132	FALSE	NA	NA	NA	NA	NA	NA
2019-nCoV	12248	G	+T	67	25	25	1	0	20	0.0149254	67	0.507463	FALSE	NA	NA	NA	NA	NA	NA
2019-nCoV	12248	G	+C	67	25	25	1	0	20	0.0149254	67	0.507463	FALSE	NA	NA	NA	NA	NA	NA
2019-nCoV	12249	C	+A	68	24	25	1	0	20	0.0147059	68	0.507353	FALSE	NA	NA	NA	NA	NA	NA
2019-nCoV	12252	C	T	67	22	24	1	0	20	0.0147059	68	0.503704	FALSE	NA	NA	NA	NA	NA	NA
2019-nCoV	12253	C	-A	50	27	23	1	0	20	0.02	50	0.51	FALSE	NA	NA	NA	NA	NA	NA
2019-nCoV	12255	T	C	61	25	25	1	0	26	0.016129	62	0.504065	FALSE	NA	NA	NA	NA	NA	NA
2019-nCoV	12255	T	+CA	61	25	25	1	0	20	0.016129	62	0.504065	FALSE	NA	NA	NA	NA	NA	NA
2019-nCoV	12260	C	-G	55	20	25	1	0	20	0.0181818	55	0.509091	FALSE	NA	NA	NA	NA	NA	NA
2019-nCoV	12261	G	-T	51	21	24	1	0	20	0.0196078	51	0.509804	FALSE	NA	NA	NA	NA	NA	NA
2019-nCoV	12262	T	+A	50	20	24	2	0	20	0.0392157	51	0.257426	FALSE	NA	NA	NA	NA	NA	NA
2019-nCoV	12264	A	G	48	19	23	1	1	24	0.0204082	49	0.505155	FALSE	NA	NA	NA	NA	NA	NA
2019-nCoV	12269	G	-A	28	20	24	7	0	20	0.25	28	0.0136734	FALSE	NA	NA	NA	NA	NA	NA
2019-nCoV	12275	A	C	47	20	25	1	1	28	0.0208333	48	0.505263	FALSE	NA	NA	NA	NA	NA	NA
2019-nCoV	12283	T	C	61	21	24	1	0	29	0.016129	62	0.504065	FALSE	NA	NA	NA	NA	NA	NA
2019-nCoV	12284	C	-A	60	20	24	1	0	20	0.0166667	60	0.508333	FALSE	NA	NA	NA	NA	NA	NA
2019-nCoV	12284	C	+A	60	20	24	2	0	20	0.0333333	60	0.260468	FALSE	NA	NA	NA	NA	NA	NA
2019-nCoV	12289	T	+G	53	19	25	1	0	20	0.0188679	53	0.509434	FALSE	NA	NA	NA	NA	NA	NA
2019-nCoV	12289	T	+C	53	19	25	1	0	20	0.0188679	53	0.509434	FALSE	NA	NA	NA	NA	NA	NA
2019-nCoV	12291	T	C	50	17	25	1	1	22	0.0196078	51	0.50495	FALSE	NA	NA	NA	NA	NA	NA
2019-nCoV	12293	A	-C	51	20	24	1	0	20	0.0196078	51	0.509804	FALSE	NA	NA	NA	NA	NA	NA
2019-nCoV	12295	C	T	51	20	25	2	1	26	0.0377358	53	0.252381	FALSE	NA	NA	NA	NA	NA	NA
2019-nCoV	12302	T	+A	77	33	24	1	0	20	0.012987	77	0.506494	FALSE	NA	NA	NA	NA	NA	NA
2019-nCoV	12304	T	-A	82	30	24	1	0	20	0.0121951	82	0.506098	FALSE	NA	NA	NA	NA	NA	NA
2019-nCoV	12304	T	+A	82	30	24	1	0	20	0.0121951	82	0.506098	FALSE	NA	NA	NA	NA	NA	NA
2019-nCoV	12309	A	-G	82	29	24	1	0	20	0.0121951	82	0.506098	FALSE	NA	NA	NA	NA	NA	NA
2019-nCoV	12312	C	T	82	30	25	1	1	23	0.0120482	83	0.50303	FALSE	NA	NA	NA	NA	NA	NA
2019-nCoV	12313	T	+A	84	31	25	2	0	20	0.0238095	84	0.257467	FALSE	NA	NA	NA	NA	NA	NA
2019-nCoV	12321	A	-G	83	29	24	1	0	20	0.0120482	83	0.506024	FALSE	NA	NA	NA	NA	NA	NA
2019-nCoV	12324	A	+C	71	25	25	1	0	20	0.0140845	71	0.507042	FALSE	NA	NA	NA	NA	NA	NA
2019-nCoV	12325	C	+A	73	28	24	1	0	20	0.0136986	73	0.506849	FALSE	NA	NA	NA	NA	NA	NA
2019-nCoV	12327	A	G	65	31	23	1	0	25	0.0151515	66	0.503817	FALSE	NA	NA	NA	NA	NA	NA
2019-nCoV	12329	A	-G	72	27	24	1	0	20	0.0138889	72	0.506944	FALSE	NA	NA	NA	NA	NA	NA
2019-nCoV	12330	G	A	55	9	24	1	1	21	0.0178571	56	0.495575	FALSE	NA	NA	NA	NA	NA	NA
2019-nCoV	12333	C	G	71	29	24	1	1	21	0.0138889	72	0.503497	FALSE	NA	NA	NA	NA	NA	NA
2019-nCoV	12333	C	-A	71	29	24	6	0	20	0.0833333	72	0.0179992	FALSE	NA	NA	NA	NA	NA	NA
2019-nCoV	12333	C	+A	71	29	24	1	0	20	0.0138889	72	0.503497	FALSE	NA	NA	NA	NA	NA	NA
2019-nCoV	12334	A	C	50	8	23	1	1	22	0.0196078	51	0.472222	FALSE	NA	NA	NA	NA	NA	NA
2019-nCoV	12338	G	-T	77	32	24	1	0	20	0.012987	77	0.506494	FALSE	NA	NA	NA	NA	NA	NA
2019-nCoV	12338	G	+T	77	32	24	1	0	20	0.012987	77	0.506494	FALSE	NA	NA	NA	NA	NA	NA
2019-nCoV	12342	C	T	79	31	25	1	0	27	0.0125	80	0.503145	FALSE	NA	NA	NA	NA	NA	NA
2019-nCoV	12342	C	+G	79	31	25	1	0	20	0.0125	80	0.503145	FALSE	NA	NA	NA	NA	NA	NA
2019-nCoV	12343	T	+G	86	31	25	1	0	20	0.0116279	86	0.505814	FALSE	NA	NA	NA	NA	NA	NA
2019-nCoV	12347	G	+T	78	31	25	1	0	20	0.0128205	78	0.50641	FALSE	NA	NA	NA	NA	NA	NA
2019-nCoV	12348	C	-T	77	31	25	1	0	20	0.012987	77	0.506494	FALSE	NA	NA	NA	NA	NA	NA
2019-nCoV	12355	G	A	76	29	25	1	0	23	0.012987	77	0.503268	FALSE	NA	NA	NA	NA	NA	NA
2019-nCoV	12359	A	+TT	67	32	23	1	0	20	0.0149254	67	0.507463	FALSE	NA	NA	NA	NA	NA	NA
2019-nCoV	12361	G	-C	83	33	25	1	0	20	0.0120482	83	0.506024	FALSE	NA	NA	NA	NA	NA	NA
2019-nCoV	12362	C	-T	78	29	24	11	0	20	0.141026	78	7.75389e-4	TRUE	NA	NA	NA	NA	NA	NA
2019-nCoV	12362	C	+T	78	29	24	1	0	20	0.0128205	78	0.50641	FALSE	NA	NA	NA	NA	NA	NA
2019-nCoV	12363	T	C	52	3	24	1	0	24	0.0188679	53	0.477477	FALSE	NA	NA	NA	NA	NA	NA
2019-nCoV	12371	A	G	81	34	25	2	0	24	0.0240964	83	0.251515	FALSE	NA	NA	NA	NA	NA	NA
2019-nCoV	12376	T	C	56	31	23	1	1	27	0.0175439	57	0.504425	FALSE	NA	NA	NA	NA	NA	NA
2019-nCoV	12378	G	A	80	32	24	1	1	23	0.0123457	81	0.503106	FALSE	NA	NA	NA	NA	NA	NA
2019-nCoV	12378	G	-A	80	32	24	1	0	20	0.0123457	81	0.503106	FALSE	NA	NA	NA	NA	NA	NA
2019-nCoV	12380	A	G	83	33	25	1	0	23	0.0119048	84	0.502994	FALSE	NA	NA	NA	NA	NA	NA
2019-nCoV	12381	A	G	47	33	24	1	0	23	0.0208333	48	0.505263	FALSE	NA	NA	NA	NA	NA	NA
2019-nCoV	12382	G	+T	77	30	24	2	0	20	0.025974	77	0.258148	FALSE	NA	NA	NA	NA	NA	NA
2019-nCoV	12384	T	C	66	31	23	1	1	21	0.0149254	67	0.503759	FALSE	NA	NA	NA	NA	NA	NA
2019-nCoV	12392	G	+A	78	30	25	1	0	20	0.0128205	78	0.50641	FALSE	NA	NA	NA	NA	NA	NA
2019-nCoV	12395	G	+A	83	33	25	1	0	20	0.0120482	83	0.506024	FALSE	NA	NA	NA	NA	NA	NA
2019-nCoV	12400	C	+A	83	32	25	1	0	20	0.0120482	83	0.506024	FALSE	NA	NA	NA	NA	NA	NA
2019-nCoV	12401	A	G	74	23	25	1	0	27	0.0133333	75	0.503356	FALSE	NA	NA	NA	NA	NA	NA
2019-nCoV	12403	C	+A	75	30	25	2	0	20	0.0266667	75	0.258366	FALSE	NA	NA	NA	NA	NA	NA
2019-nCoV	12407	A	-T	78	31	25	1	0	20	0.0128205	78	0.50641	FALSE	NA	NA	NA	NA	NA	NA
2019-nCoV	12410	A	G	78	34	24	1	0	26	0.0126582	79	0.503185	FALSE	NA	NA	NA	NA	NA	NA
2019-nCoV	12410	A	-T	78	34	24	1	0	20	0.0126582	79	0.503185	FALSE	NA	NA	NA	NA	NA	NA
2019-nCoV	12412	C	+A	75	33	24	1	0	20	0.0133333	75	0.506667	FALSE	NA	NA	NA	NA	NA	NA
2019-nCoV	12413	A	G	65	19	24	1	1	25	0.0151515	66	0.503817	FALSE	NA	NA	NA	NA	NA	NA
2019-nCoV	12414	A	G	60	32	23	1	1	23	0.0163934	61	0.504132	FALSE	NA	NA	NA	NA	NA	NA
2019-nCoV	12419	G	+T	75	33	24	1	0	20	0.0133333	75	0.506667	FALSE	NA	NA	NA	NA	NA	NA
2019-nCoV	12425	G	+A	76	29	24	1	0	20	0.0131579	76	0.506579	FALSE	NA	NA	NA	NA	NA	NA
2019-nCoV	12427	T	+G	76	28	25	1	0	20	0.0131579	76	0.506579	FALSE	NA	NA	NA	NA	NA	NA
2019-nCoV	12436	T	+TCC	59	33	23	1	0	20	0.0169492	59	0.508475	FALSE	NA	NA	NA	NA	NA	NA
2019-nCoV	12436	T	+C	59	33	23	1	0	20	0.0169492	59	0.508475	FALSE	NA	NA	NA	NA	NA	NA
2019-nCoV	12441	T	C	55	31	24	1	1	26	0.0178571	56	0.504505	FALSE	NA	NA	NA	NA	NA	NA
2019-nCoV	12442	G	-A	72	30	24	1	0	20	0.0138889	72	0.506944	FALSE	NA	NA	NA	NA	NA	NA
2019-nCoV	12443	A	T	63	19	24	1	0	27	0.015625	64	0.5	FALSE	NA	NA	NA	NA	NA	NA
2019-nCoV	12444	A	+C	63	31	23	1	0	20	0.015873	63	0.507937	FALSE	NA	NA	NA	NA	NA	NA
2019-nCoV	12474	T	A	22	14	23	1	0	27	0.0434783	23	0.511111	FALSE	NA	NA	NA	NA	NA	NA
2019-nCoV	12476	A	-T	14	14	23	2	0	20	0.142857	14	0.295567	FALSE	NA	NA	NA	NA	NA	NA
2019-nCoV	12495	A	+T	72	31	24	1	0	20	0.0138889	72	0.506944	FALSE	NA	NA	NA	NA	NA	NA
2019-nCoV	12500	A	G	76	36	24	1	0	25	0.012987	77	0.503268	FALSE	NA	NA	NA	NA	NA	NA
2019-nCoV	12500	A	+C	76	36	24	1	0	20	0.012987	77	0.503268	FALSE	NA	NA	NA	NA	NA	NA
2019-nCoV	12501	C	+A	78	35	24	1	0	20	0.0128205	78	0.50641	FALSE	NA	NA	NA	NA	NA	NA
2019-nCoV	12502	A	+C	79	35	24	1	0	20	0.0126582	79	0.506329	FALSE	NA	NA	NA	NA	NA	NA
2019-nCoV	12505	T	-A	59	27	23	14	0	20	0.237288	59	1.51048e-4	TRUE	NA	NA	NA	NA	NA	NA
2019-nCoV	12505	T	+A	59	27	23	2	0	20	0.0338983	59	0.260647	FALSE	NA	NA	NA	NA	NA	NA
2019-nCoV	12510	A	T	31	31	24	1	1	20	0.03125	32	0.507937	FALSE	NA	NA	NA	NA	NA	NA
2019-nCoV	12513	C	+G	64	30	24	1	0	20	0.015625	64	0.507813	FALSE	NA	NA	NA	NA	NA	NA
2019-nCoV	12514	G	+A	70	30	24	1	0	20	0.0142857	70	0.507143	FALSE	NA	NA	NA	NA	NA	NA
2019-nCoV	12517	T	+G	65	30	24	1	0	20	0.0153846	65	0.507692	FALSE	NA	NA	NA	NA	NA	NA
2019-nCoV	12518	G	+A	72	31	24	1	0	20	0.0138889	72	0.506944	FALSE	NA	NA	NA	NA	NA	NA
2019-nCoV	12520	T	G	50	18	25	1	0	27	0.0196078	51	0.50495	FALSE	NA	NA	NA	NA	NA	NA
2019-nCoV	12520	T	+A	50	18	25	1	0	20	0.0196078	51	0.50495	FALSE	NA	NA	NA	NA	NA	NA
2019-nCoV	12523	T	C	54	18	25	1	1	27	0.0181818	55	0.504587	FALSE	NA	NA	NA	NA	NA	NA
2019-nCoV	12525	C	+A	56	19	25	1	0	20	0.0178571	56	0.508929	FALSE	NA	NA	NA	NA	NA	NA
2019-nCoV	12529	A	-T	54	17	24	2	0	20	0.037037	54	0.261638	FALSE	NA	NA	NA	NA	NA	NA
2019-nCoV	12529	A	+T	54	17	24	1	0	20	0.0185185	54	0.509259	FALSE	NA	NA	NA	NA	NA	NA
2019-nCoV	12535	T	C	50	16	23	1	1	27	0.0196078	51	0.50495	FALSE	NA	NA	NA	NA	NA	NA
2019-nCoV	12538	T	+G	50	19	25	1	0	20	0.02	50	0.51	FALSE	NA	NA	NA	NA	NA	NA
2019-nCoV	12541	A	+T	48	18	25	1	0	20	0.0208333	48	0.510417	FALSE	NA	NA	NA	NA	NA	NA
2019-nCoV	12545	G	+A	44	16	25	1	0	20	0.0227273	44	0.511364	FALSE	NA	NA	NA	NA	NA	NA
2019-nCoV	12547	A	G	43	16	25	2	0	22	0.0444444	45	0.252809	FALSE	NA	NA	NA	NA	NA	NA
2019-nCoV	12549	T	+G	28	18	25	1	0	20	0.0357143	28	0.517857	FALSE	NA	NA	NA	NA	NA	NA
2019-nCoV	12551	T	+G	48	18	24	1	0	20	0.0208333	48	0.510417	FALSE	NA	NA	NA	NA	NA	NA
2019-nCoV	12556	A	T	38	17	24	3	0	24	0.0731707	41	0.124941	FALSE	NA	NA	NA	NA	NA	NA
2019-nCoV	12563	C	-A	44	18	25	1	0	20	0.0227273	44	0.511364	FALSE	NA	NA	NA	NA	NA	NA
2019-nCoV	12563	C	+G	44	18	25	1	0	20	0.0227273	44	0.511364	FALSE	NA	NA	NA	NA	NA	NA
2019-nCoV	12564	A	-G	198	92	24	1	0	20	0.00505051	198	0.753152	FALSE	NA	NA	NA	NA	NA	NA
2019-nCoV	12564	A	+G	198	92	24	1	0	20	0.00505051	198	0.753152	FALSE	NA	NA	NA	NA	NA	NA
2019-nCoV	12566	G	-T	171	104	24	1	0	20	0.00584795	171	0.753649	FALSE	NA	NA	NA	NA	NA	NA
2019-nCoV	12569	G	+T	200	90	24	1	0	20	0.005	200	0.876868	FALSE	NA	NA	NA	NA	NA	NA
2019-nCoV	12569	G	+A	200	90	24	1	0	20	0.005	200	0.876868	FALSE	NA	NA	NA	NA	NA	NA
2019-nCoV	12571	A	+G	208	95	25	1	0	20	0.00480769	208	0.877693	FALSE	NA	NA	NA	NA	NA	NA
2019-nCoV	12571	A	+C	208	95	25	1	0	20	0.00480769	208	0.877693	FALSE	NA	NA	NA	NA	NA	NA
2019-nCoV	12572	G	+A	214	101	24	2	0	20	0.00934579	214	0.693618	FALSE	NA	NA	NA	NA	NA	NA
2019-nCoV	12573	A	G	206	98	25	1	0	22	0.00483092	207	0.876814	FALSE	NA	NA	NA	NA	NA	NA
2019-nCoV	12574	T	C	204	102	24	1	1	28	0.00487805	205	0.876831	FALSE	NA	NA	NA	NA	NA	NA
2019-nCoV	12576	C	A	204	110	24	1	0	27	0.00487805	205	0.876831	FALSE	NA	NA	NA	NA	NA	NA
2019-nCoV	12576	C	+A	204	110	24	1	0	20	0.00487805	205	0.876831	FALSE	NA	NA	NA	NA	NA	NA
2019-nCoV	12577	A	+G	208	107	24	2	0	20	0.00961538	208	0.693794	FALSE	NA	NA	NA	NA	NA	NA
2019-nCoV	12579	A	G	214	107	24	1	1	22	0.00465116	215	0.876746	FALSE	NA	NA	NA	NA	NA	NA
2019-nCoV	12580	T	+GA	213	105	24	1	0	20	0.00469484	213	0.87763	FALSE	NA	NA	NA	NA	NA	NA
2019-nCoV	12580	T	+C	213	105	24	1	0	20	0.00469484	213	0.87763	FALSE	NA	NA	NA	NA	NA	NA
2019-nCoV	12581	A	C	214	103	24	1	0	20	0.00465116	215	0.876746	FALSE	NA	NA	NA	NA	NA	NA
2019-nCoV	12581	A	+G	214	103	24	1	0	20	0.00465116	215	0.876746	FALSE	NA	NA	NA	NA	NA	NA
2019-nCoV	12582	G	+T	212	99	24	1	0	20	0.00471698	212	0.877643	FALSE	NA	NA	NA	NA	NA	NA
2019-nCoV	12583	T	-A	212	97	23	3	0	20	0.0141509	212	0.508844	FALSE	NA	NA	NA	NA	NA	NA
2019-nCoV	12583	T	+G	212	97	23	1	0	20	0.00471698	212	0.877643	FALSE	NA	NA	NA	NA	NA	NA
2019-nCoV	12583	T	+A	212	97	23	11	0	20	0.0518868	212	0.0133317	FALSE	NA	NA	NA	NA	NA	NA
2019-nCoV	12587	A	+AT	114	100	22	2	0	20	0.0175439	114	0.509868	FALSE	NA	NA	NA	NA	NA	NA
2019-nCoV	12590	G	+T	196	105	24	2	0	20	0.0102041	196	0.50574	FALSE	NA	NA	NA	NA	NA	NA
2019-nCoV	12591	T	C	164	70	23	1	0	25	0.00606061	165	0.75228	FALSE	NA	NA	NA	NA	NA	NA
2019-nCoV	12593	C	+T	207	110	25	1	0	20	0.00483092	207	0.877706	FALSE	NA	NA	NA	NA	NA	NA
2019-nCoV	12593	C	+G	207	110	25	2	0	20	0.00966184	207	0.693824	FALSE	NA	NA	NA	NA	NA	NA
2019-nCoV	12594	A	G	195	92	23	1	0	26	0.00510204	196	0.751918	FALSE	NA	NA	NA	NA	NA	NA
2019-nCoV	12596	C	+T	215	112	25	2	0	20	0.00930233	215	0.693589	FALSE	NA	NA	NA	NA	NA	NA
2019-nCoV	12597	T	C	204	96	23	1	1	24	0.00487805	205	0.876831	FALSE	NA	NA	NA	NA	NA	NA
2019-nCoV	12600	G	A	209	110	25	1	0	21	0.0047619	210	0.876788	FALSE	NA	NA	NA	NA	NA	NA
2019-nCoV	12601	T	C	209	111	25	1	0	27	0.00473934	211	0.875895	FALSE	NA	NA	NA	NA	NA	NA
2019-nCoV	12601	T	A	209	111	25	1	1	27	0.00473934	211	0.875895	FALSE	NA	NA	NA	NA	NA	NA
2019-nCoV	12602	G	-A	194	98	24	1	0	20	0.00515464	194	0.753217	FALSE	NA	NA	NA	NA	NA	NA
2019-nCoV	12602	G	+T	194	98	24	1	0	20	0.00515464	194	0.753217	FALSE	NA	NA	NA	NA	NA	NA
2019-nCoV	12602	G	+A	194	98	24	4	0	20	0.0206186	194	0.193987	FALSE	NA	NA	NA	NA	NA	NA
2019-nCoV	12603	A	G	124	24	24	1	0	23	0.008	125	0.751004	FALSE	NA	NA	NA	NA	NA	NA
2019-nCoV	12605	A	G	148	101	23	1	0	27	0.00671141	149	0.752525	FALSE	NA	NA	NA	NA	NA	NA
2019-nCoV	12605	A	+T	148	101	23	2	0	20	0.0134228	149	0.505051	FALSE	NA	NA	NA	NA	NA	NA
2019-nCoV	12609	G	-T	208	98	24	1	0	20	0.00480769	208	0.877693	FALSE	NA	NA	NA	NA	NA	NA
2019-nCoV	12609	G	+T	208	98	24	1	0	20	0.00480769	208	0.877693	FALSE	NA	NA	NA	NA	NA	NA
2019-nCoV	12610	T	+A	209	101	25	1	0	20	0.0047619	210	0.876788	FALSE	NA	NA	NA	NA	NA	NA
2019-nCoV	12611	A	-T	205	99	25	1	0	20	0.00487805	205	0.877733	FALSE	NA	NA	NA	NA	NA	NA
2019-nCoV	12612	T	C	210	110	25	2	0	23	0.00943396	212	0.690167	FALSE	NA	NA	NA	NA	NA	NA
2019-nCoV	12613	G	C	184	78	24	1	0	20	0.00540541	185	0.752033	FALSE	NA	NA	NA	NA	NA	NA
2019-nCoV	12614	G	A	194	116	24	1	1	20	0.00512821	195	0.751928	FALSE	NA	NA	NA	NA	NA	NA
2019-nCoV	12614	G	+A	194	116	24	1	0	20	0.00512821	195	0.751928	FALSE	NA	NA	NA	NA	NA	NA
2019-nCoV	12615	A	G	215	112	25	2	2	24	0.00921659	217	0.688369	FALSE	NA	NA	NA	NA	NA	NA
2019-nCoV	12616	C	T	199	113	25	10	1	24	0.0478469	209	0.0183183	FALSE	NA	NA	NA	NA	NA	NA
2019-nCoV	12616	C	-A	199	113	25	4	0	20	0.0191388	209	0.331209	FALSE	NA	NA	NA	NA	NA	NA
2019-nCoV	12619	T	C	177	82	23	1	1	23	0.00561798	178	0.752113	FALSE	NA	NA	NA	NA	NA	NA
2019-nCoV	12622	A	G	205	100	25	1	1	25	0.00485437	206	0.876823	FALSE	NA	NA	NA	NA	NA	NA
2019-nCoV	12622	A	+C	205	100	25	2	0	20	0.00970874	206	0.692056	FALSE	NA	NA	NA	NA	NA	NA
2019-nCoV	12624	C	-T	193	107	24	1	0	20	0.00518135	193	0.753233	FALSE	NA	NA	NA	NA	NA	NA
2019-nCoV	12625	T	C	177	78	25	1	0	20	0.00561798	178	0.750704	FALSE	NA	NA	NA	NA	NA	NA
2019-nCoV	12625	T	-A	177	78	25	3	0	20	0.0167598	179	0.315659	FALSE	NA	NA	NA	NA	NA	NA
2019-nCoV	12625	T	+A	177	78	25	4	0	20	0.0223464	179	0.191014	FALSE	NA	NA	NA	NA	NA	NA
2019-nCoV	12626	A	T	151	45	24	1	1	20	0.00657895	152	0.745907	FALSE	NA	NA	NA	NA	NA	NA
2019-nCoV	12627	A	+T	154	86	23	5	0	20	0.0324675	154	0.116327	FALSE	NA	NA	NA	NA	NA	NA
2019-nCoV	12628	T	G	140	36	24	1	0	26	0.0070922	141	0.752669	FALSE	NA	NA	NA	NA	NA	NA
2019-nCoV	12632	G	A	217	114	25	1	0	24	0.00458716	218	0.876722	FALSE	NA	NA	NA	NA	NA	NA
2019-nCoV	12632	G	+C	217	114	25	1	0	20	0.00458716	218	0.876722	FALSE	NA	NA	NA	NA	NA	NA
2019-nCoV	12634	A	G	197	99	25	1	0	23	0.00502513	199	0.750633	FALSE	NA	NA	NA	NA	NA	NA
2019-nCoV	12634	A	C	197	99	25	1	1	24	0.00502513	199	0.750633	FALSE	NA	NA	NA	NA	NA	NA
2019-nCoV	12635	T	C	193	98	25	1	0	22	0.00515464	194	0.751938	FALSE	NA	NA	NA	NA	NA	NA
2019-nCoV	12640	T	C	194	107	24	2	0	28	0.0102041	196	0.501923	FALSE	NA	NA	NA	NA	NA	NA
2019-nCoV	12642	T	C	153	64	23	1	1	27	0.00649351	154	0.752443	FALSE	NA	NA	NA	NA	NA	NA
2019-nCoV	12644	A	G	209	108	25	1	0	22	0.0047619	210	0.876788	FALSE	NA	NA	NA	NA	NA	NA
2019-nCoV	12644	A	+T	209	108	25	1	0	20	0.0047619	210	0.876788	FALSE	NA	NA	NA	NA	NA	NA
2019-nCoV	12644	A	+AT	209	108	25	1	0	20	0.0047619	210	0.876788	FALSE	NA	NA	NA	NA	NA	NA
2019-nCoV	12646	T	C	171	110	24	2	2	21	0.0115607	173	0.50218	FALSE	NA	NA	NA	NA	NA	NA
2019-nCoV	12647	G	-T	196	108	25	1	0	20	0.00510204	196	0.753184	FALSE	NA	NA	NA	NA	NA	NA
2019-nCoV	12648	T	C	183	97	25	1	0	24	0.00543478	184	0.752044	FALSE	NA	NA	NA	NA	NA	NA
2019-nCoV	12648	T	+A	183	97	25	1	0	20	0.00543478	184	0.752044	FALSE	NA	NA	NA	NA	NA	NA
2019-nCoV	12650	A	G	185	113	23	1	1	24	0.00537634	186	0.752022	FALSE	NA	NA	NA	NA	NA	NA
2019-nCoV	12652	A	+G	218	116	25	2	0	20	0.00917431	218	0.693506	FALSE	NA	NA	NA	NA	NA	NA
2019-nCoV	12654	C	-T	217	112	24	2	0	20	0.00921659	217	0.693533	FALSE	NA	NA	NA	NA	NA	NA
2019-nCoV	12654	C	+T	217	112	24	1	0	20	0.00460829	217	0.877582	FALSE	NA	NA	NA	NA	NA	NA
2019-nCoV	12657	T	-A	149	115	24	1	0	20	0.00666667	150	0.752508	FALSE	NA	NA	NA	NA	NA	NA
2019-nCoV	12657	T	+A	149	115	24	1	0	20	0.00666667	150	0.752508	FALSE	NA	NA	NA	NA	NA	NA
2019-nCoV	12659	A	-G	156	105	23	3	0	20	0.0192308	156	0.320942	FALSE	NA	NA	NA	NA	NA	NA
2019-nCoV	12660	G	C	121	18	24	1	0	21	0.00813008	123	0.74898	FALSE	NA	NA	NA	NA	NA	NA
2019-nCoV	12660	G	A	121	18	24	1	0	20	0.00813008	123	0.74898	FALSE	NA	NA	NA	NA	NA	NA
2019-nCoV	12661	G	A	209	104	25	1	0	28	0.0047619	210	0.876788	FALSE	NA	NA	NA	NA	NA	NA
2019-nCoV	12662	G	C	149	107	23	1	0	26	0.00666667	150	0.752508	FALSE	NA	NA	NA	NA	NA	NA
2019-nCoV	12663	C	G	138	34	24	1	0	25	0.00719424	139	0.752708	FALSE	NA	NA	NA	NA	NA	NA
2019-nCoV	12664	C	T	180	97	23	1	1	27	0.00552486	181	0.752078	FALSE	NA	NA	NA	NA	NA	NA
2019-nCoV	12664	C	+A	180	97	23	1	0	20	0.00552486	181	0.752078	FALSE	NA	NA	NA	NA	NA	NA
2019-nCoV	12666	A	G	176	89	23	1	1	29	0.00564972	177	0.752125	FALSE	NA	NA	NA	NA	NA	NA
2019-nCoV	12666	A	+T	176	89	23	1	0	20	0.00564972	177	0.752125	FALSE	NA	NA	NA	NA	NA	NA
2019-nCoV	12666	A	+AT	176	89	23	1	0	20	0.00564972	177	0.752125	FALSE	NA	NA	NA	NA	NA	NA
2019-nCoV	12668	T	G	185	96	23	1	1	29	0.00537634	186	0.752022	FALSE	NA	NA	NA	NA	NA	NA
2019-nCoV	12671	G	A	213	106	25	1	1	25	0.0046729	214	0.876754	FALSE	NA	NA	NA	NA	NA	NA
2019-nCoV	12673	T	C	210	107	25	2	0	22	0.00943396	212	0.690167	FALSE	NA	NA	NA	NA	NA	NA
2019-nCoV	12674	G	-T	203	99	25	1	0	20	0.00492611	203	0.87776	FALSE	NA	NA	NA	NA	NA	NA
2019-nCoV	12676	C	-A	185	86	24	3	0	20	0.0162162	185	0.319615	FALSE	NA	NA	NA	NA	NA	NA
2019-nCoV	12679	A	G	149	100	23	10	7	24	0.0628931	159	0.00535613	TRUE	NA	NA	NA	NA	NA	NA
2019-nCoV	12680	T	C	135	35	24	1	0	28	0.00735294	136	0.752768	FALSE	NA	NA	NA	NA	NA	NA
2019-nCoV	12681	T	-A	195	119	23	1	0	20	0.00512821	195	0.7532	FALSE	NA	NA	NA	NA	NA	NA
2019-nCoV	12683	C	+A	206	107	24	1	0	20	0.00485437	206	0.87772	FALSE	NA	NA	NA	NA	NA	NA
2019-nCoV	12688	T	C	201	105	24	1	1	23	0.0049505	202	0.876859	FALSE	NA	NA	NA	NA	NA	NA
2019-nCoV	12690	A	T	197	116	24	1	1	20	0.005	200	0.874055	FALSE	NA	NA	NA	NA	NA	NA
2019-nCoV	12690	A	G	197	116	24	2	2	27	0.01	200	0.686559	FALSE	NA	NA	NA	NA	NA	NA
2019-nCoV	12691	T	C	209	113	25	1	1	22	0.0047619	210	0.876788	FALSE	NA	NA	NA	NA	NA	NA
2019-nCoV	12691	T	-G	209	113	25	1	0	20	0.0047619	210	0.876788	FALSE	NA	NA	NA	NA	NA	NA
2019-nCoV	12692	G	+A	218	118	25	1	0	20	0.00456621	219	0.876714	FALSE	NA	NA	NA	NA	NA	NA
2019-nCoV	12694	G	A	222	117	25	1	1	23	0.0044843	223	0.876683	FALSE	NA	NA	NA	NA	NA	NA
2019-nCoV	12695	C	-T	225	116	25	1	0	20	0.00444444	225	0.877491	FALSE	NA	NA	NA	NA	NA	NA
2019-nCoV	12695	C	+T	225	116	25	1	0	20	0.00444444	225	0.877491	FALSE	NA	NA	NA	NA	NA	NA
2019-nCoV	12696	T	C	195	87	24	2	1	24	0.0101523	197	0.5	FALSE	NA	NA	NA	NA	NA	NA
2019-nCoV	12697	T	C	212	123	24	2	2	26	0.00934579	214	0.690142	FALSE	NA	NA	NA	NA	NA	NA
2019-nCoV	12699	G	A	224	122	25	1	0	20	0.00444444	225	0.876669	FALSE	NA	NA	NA	NA	NA	NA
2019-nCoV	12699	G	-T	224	122	25	1	0	20	0.00444444	225	0.876669	FALSE	NA	NA	NA	NA	NA	NA
2019-nCoV	12699	G	+C	224	122	25	1	0	20	0.00444444	225	0.876669	FALSE	NA	NA	NA	NA	NA	NA
2019-nCoV	12700	T	C	220	118	25	2	1	22	0.00900901	222	0.690046	FALSE	NA	NA	NA	NA	NA	NA
2019-nCoV	12702	C	+CT	208	125	24	1	0	20	0.00480769	208	0.877693	FALSE	NA	NA	NA	NA	NA	NA
2019-nCoV	12704	G	A	213	113	25	1	1	26	0.0046729	214	0.876754	FALSE	NA	NA	NA	NA	NA	NA
2019-nCoV	12705	T	C	186	86	24	2	1	28	0.010582	189	0.5	FALSE	NA	NA	NA	NA	NA	NA
2019-nCoV	12705	T	A	186	86	24	1	1	27	0.00529101	189	0.749333	FALSE	NA	NA	NA	NA	NA	NA
2019-nCoV	12707	G	A	207	114	24	1	1	25	0.00480769	208	0.876805	FALSE	NA	NA	NA	NA	NA	NA
2019-nCoV	12708	C	+A	215	120	24	1	0	20	0.00465116	215	0.877606	FALSE	NA	NA	NA	NA	NA	NA
2019-nCoV	12709	A	G	223	123	25	2	0	26	0.00888889	225	0.690012	FALSE	NA	NA	NA	NA	NA	NA
2019-nCoV	12712	A	G	165	95	25	1	0	22	0.0060241	166	0.752266	FALSE	NA	NA	NA	NA	NA	NA
2019-nCoV	12714	G	-A	173	100	25	2	0	20	0.0115607	173	0.506503	FALSE	NA	NA	NA	NA	NA	NA
2019-nCoV	12715	A	G	167	99	25	1	0	22	0.00595238	168	0.749258	FALSE	NA	NA	NA	NA	NA	NA
2019-nCoV	12719	A	G	171	95	24	2	2	22	0.0115607	173	0.50218	FALSE	NA	NA	NA	NA	NA	NA
2019-nCoV	12719	A	+T	171	95	24	1	0	20	0.00578035	173	0.750729	FALSE	NA	NA	NA	NA	NA	NA
2019-nCoV	12720	T	C	163	89	24	1	0	27	0.00609756	164	0.752294	FALSE	NA	NA	NA	NA	NA	NA
2019-nCoV	12720	T	+G	163	89	24	1	0	20	0.00609756	164	0.752294	FALSE	NA	NA	NA	NA	NA	NA
2019-nCoV	12721	G	+T	163	89	25	1	0	20	0.00613497	163	0.753827	FALSE	NA	NA	NA	NA	NA	NA
2019-nCoV	12722	T	C	159	84	25	2	1	25	0.0124224	161	0.502344	FALSE	NA	NA	NA	NA	NA	NA
2019-nCoV	12723	C	+T	173	97	25	2	0	20	0.0115607	173	0.506503	FALSE	NA	NA	NA	NA	NA	NA
2019-nCoV	12724	T	C	147	73	23	2	1	26	0.0134228	149	0.502534	FALSE	NA	NA	NA	NA	NA	NA
2019-nCoV	12726	G	+T	168	97	25	1	0	20	0.00595238	168	0.753714	FALSE	NA	NA	NA	NA	NA	NA
2019-nCoV	12728	G	-C	172	98	25	4	0	20	0.0232558	172	0.194823	FALSE	NA	NA	NA	NA	NA	NA
2019-nCoV	12728	G	+C	172	98	25	2	0	20	0.0116279	172	0.506541	FALSE	NA	NA	NA	NA	NA	NA
2019-nCoV	12731	G	A	161	92	25	1	0	25	0.00617284	162	0.752322	FALSE	NA	NA	NA	NA	NA	NA
2019-nCoV	12733	C	+G	154	104	24	2	0	20	0.012987	154	0.507305	FALSE	NA	NA	NA	NA	NA	NA
2019-nCoV	12733	C	+CG	154	104	24	1	0	20	0.00649351	154	0.754051	FALSE	NA	NA	NA	NA	NA	NA
2019-nCoV	12734	G	C	147	79	23	1	1	25	0.00671141	149	0.750847	FALSE	NA	NA	NA	NA	NA	NA
2019-nCoV	12734	G	A	147	79	23	1	0	25	0.00671141	149	0.750847	FALSE	NA	NA	NA	NA	NA	NA
2019-nCoV	12736	T	C	173	103	25	1	0	20	0.00574713	174	0.752161	FALSE	NA	NA	NA	NA	NA	NA
2019-nCoV	12737	A	G	179	106	25	1	1	28	0.00555556	180	0.752089	FALSE	NA	NA	NA	NA	NA	NA
2019-nCoV	12739	T	A	175	101	25	1	0	30	0.00568182	176	0.501425	FALSE	NA	NA	NA	NA	NA	NA
2019-nCoV	12739	T	+A	175	101	25	2	0	20	0.0113636	176	0.504274	FALSE	NA	NA	NA	NA	NA	NA
2019-nCoV	12741	C	+G	166	97	25	1	0	20	0.0060241	166	0.753758	FALSE	NA	NA	NA	NA	NA	NA
2019-nCoV	12742	A	G	176	104	25	2	1	24	0.011236	178	0.502119	FALSE	NA	NA	NA	NA	NA	NA
2019-nCoV	12743	C	A	174	102	24	1	1	20	0.00571429	175	0.752149	FALSE	NA	NA	NA	NA	NA	NA
2019-nCoV	12743	C	-A	174	102	24	1	0	20	0.00571429	175	0.752149	FALSE	NA	NA	NA	NA	NA	NA
2019-nCoV	12743	C	+CA	174	102	24	1	0	20	0.00571429	175	0.752149	FALSE	NA	NA	NA	NA	NA	NA
2019-nCoV	12743	C	+A	174	102	24	7	0	20	0.04	175	0.0380374	FALSE	NA	NA	NA	NA	NA	NA
2019-nCoV	12746	A	G	133	107	24	4	3	26	0.0291971	137	0.187487	FALSE	NA	NA	NA	NA	NA	NA
2019-nCoV	12749	G	T	179	108	24	1	1	20	0.00552486	181	0.750696	FALSE	NA	NA	NA	NA	NA	NA
2019-nCoV	12749	G	A	179	108	24	1	0	22	0.00552486	181	0.750696	FALSE	NA	NA	NA	NA	NA	NA
2019-nCoV	12749	G	+C	179	108	24	3	0	20	0.0165746	181	0.315624	FALSE	NA	NA	NA	NA	NA	NA
2019-nCoV	12750	C	G	176	106	25	1	1	20	0.00564972	177	0.752125	FALSE	NA	NA	NA	NA	NA	NA
2019-nCoV	12751	T	C	138	67	24	1	1	20	0.00719424	139	0.752708	FALSE	NA	NA	NA	NA	NA	NA
2019-nCoV	12752	T	+G	150	110	24	2	0	20	0.0133333	150	0.5075	FALSE	NA	NA	NA	NA	NA	NA
2019-nCoV	12753	G	T	164	99	24	1	1	21	0.00606061	165	0.75228	FALSE	NA	NA	NA	NA	NA	NA
2019-nCoV	12755	A	G	143	68	24	1	1	24	0.00694444	144	0.752613	FALSE	NA	NA	NA	NA	NA	NA
2019-nCoV	12758	G	-A	167	91	25	1	0	20	0.00598802	167	0.753736	FALSE	NA	NA	NA	NA	NA	NA
2019-nCoV	12759	A	G	171	98	25	1	0	24	0.00578035	173	0.749275	FALSE	NA	NA	NA	NA	NA	NA
2019-nCoV	12759	A	C	171	98	25	1	0	26	0.00578035	173	0.749275	FALSE	NA	NA	NA	NA	NA	NA
2019-nCoV	12760	T	+G	180	104	25	1	0	20	0.00555556	180	0.753466	FALSE	NA	NA	NA	NA	NA	NA
2019-nCoV	12761	G	A	187	111	25	1	0	25	0.00531915	188	0.752	FALSE	NA	NA	NA	NA	NA	NA
2019-nCoV	12762	A	G	177	105	25	2	1	22	0.0111732	179	0.502107	FALSE	NA	NA	NA	NA	NA	NA
2019-nCoV	12763	C	-A	181	105	25	2	0	20	0.0110497	181	0.506215	FALSE	NA	NA	NA	NA	NA	NA
2019-nCoV	12763	C	+G	181	105	25	1	0	20	0.00552486	181	0.753447	FALSE	NA	NA	NA	NA	NA	NA
2019-nCoV	12767	G	+T	185	110	25	1	0	20	0.00540541	185	0.753373	FALSE	NA	NA	NA	NA	NA	NA
2019-nCoV	12769	G	-T	190	113	25	1	0	20	0.00526316	190	0.753284	FALSE	NA	NA	NA	NA	NA	NA
2019-nCoV	12769	G	+T	190	113	25	1	0	20	0.00526316	190	0.753284	FALSE	NA	NA	NA	NA	NA	NA
2019-nCoV	12772	A	+G	189	112	25	2	0	20	0.010582	189	0.505952	FALSE	NA	NA	NA	NA	NA	NA
2019-nCoV	12774	C	-T	224	120	25	1	0	20	0.00446429	224	0.877502	FALSE	NA	NA	NA	NA	NA	NA
2019-nCoV	12774	C	+T	224	120	25	1	0	20	0.00446429	224	0.877502	FALSE	NA	NA	NA	NA	NA	NA
2019-nCoV	12776	T	C	208	125	24	2	1	26	0.00952381	210	0.690192	FALSE	NA	NA	NA	NA	NA	NA
2019-nCoV	12776	T	+A	208	125	24	1	0	20	0.0047619	210	0.875899	FALSE	NA	NA	NA	NA	NA	NA
2019-nCoV	12777	A	G	221	120	25	1	0	28	0.0045045	222	0.876691	FALSE	NA	NA	NA	NA	NA	NA
2019-nCoV	12780	A	G	219	119	25	1	0	25	0.00454545	220	0.876706	FALSE	NA	NA	NA	NA	NA	NA
2019-nCoV	12781	C	-A	212	117	25	1	0	20	0.00471698	212	0.877643	FALSE	NA	NA	NA	NA	NA	NA
2019-nCoV	12782	A	G	173	79	24	2	1	28	0.0114286	175	0.5	FALSE	NA	NA	NA	NA	NA	NA
2019-nCoV	12783	A	+C	202	122	24	1	0	20	0.0049505	202	0.877773	FALSE	NA	NA	NA	NA	NA	NA
2019-nCoV	12785	A	G	211	116	25	1	1	25	0.00471698	212	0.876771	FALSE	NA	NA	NA	NA	NA	NA
2019-nCoV	12786	C	+A	209	120	25	1	0	20	0.00478469	209	0.877681	FALSE	NA	NA	NA	NA	NA	NA
2019-nCoV	12788	A	T	176	117	24	1	0	22	0.00564972	177	0.752125	FALSE	NA	NA	NA	NA	NA	NA
2019-nCoV	12789	C	T	1	0	26	191	112	24	0.989637	193	2.2993499999999998e-110	TRUE	NA	NA	NA	NA	NA	NA
2019-nCoV	12789	C	G	1	0	26	1	0	20	0.00518135	193	0.0205651	FALSE	NA	NA	NA	NA	NA	NA
2019-nCoV	12789	C	-A	1	0	26	1	0	20	0.00518135	193	0.0205651	FALSE	NA	NA	NA	NA	NA	NA
2019-nCoV	12790	A	T	111	26	25	1	0	20	0.00892857	112	0.751121	FALSE	NA	NA	NA	NA	NA	NA
2019-nCoV	12792	A	+AG	14	8	22	1	0	20	0.0714286	14	0.535714	FALSE	NA	NA	NA	NA	NA	NA
2019-nCoV	12796	A	+G	35	8	24	1	0	20	0.0285714	35	0.514286	FALSE	NA	NA	NA	NA	NA	NA
2019-nCoV	12800	A	+T	36	8	24	1	0	20	0.0277778	36	0.513889	FALSE	NA	NA	NA	NA	NA	NA
2019-nCoV	12806	G	-T	34	8	24	1	0	20	0.0294118	34	0.514706	FALSE	NA	NA	NA	NA	NA	NA
2019-nCoV	12806	G	+T	34	8	24	1	0	20	0.0294118	34	0.514706	FALSE	NA	NA	NA	NA	NA	NA
2019-nCoV	12808	A	+C	33	8	24	1	0	20	0.030303	33	0.515152	FALSE	NA	NA	NA	NA	NA	NA
2019-nCoV	12812	G	+C	32	8	24	1	0	20	0.03125	32	0.515625	FALSE	NA	NA	NA	NA	NA	NA
2019-nCoV	12814	A	-C	26	3	25	2	0	20	0.0769231	26	0.274311	FALSE	NA	NA	NA	NA	NA	NA
2019-nCoV	12815	C	T	0	0	0	24	0	25	1	24	3.10101e-14	TRUE	NA	NA	NA	NA	NA	NA
2019-nCoV	12820	A	+C	29	6	24	1	0	20	0.0344828	29	0.517241	FALSE	NA	NA	NA	NA	NA	NA
2019-nCoV	12821	T	C	31	7	24	1	0	28	0.03125	32	0.507937	FALSE	NA	NA	NA	NA	NA	NA
2019-nCoV	12825	A	-T	32	7	25	1	0	20	0.03125	32	0.515625	FALSE	NA	NA	NA	NA	NA	NA
2019-nCoV	12830	C	-A	28	8	24	1	0	20	0.0357143	28	0.517857	FALSE	NA	NA	NA	NA	NA	NA
2019-nCoV	12834	A	-T	28	6	24	1	0	20	0.0357143	28	0.517857	FALSE	NA	NA	NA	NA	NA	NA
2019-nCoV	12834	A	+T	28	6	24	1	0	20	0.0357143	28	0.517857	FALSE	NA	NA	NA	NA	NA	NA
2019-nCoV	12842	T	C	28	6	24	1	0	25	0.0344828	29	0.508772	FALSE	NA	NA	NA	NA	NA	NA
2019-nCoV	12862	T	C	32	8	24	1	0	27	0.030303	33	0.507692	FALSE	NA	NA	NA	NA	NA	NA
2019-nCoV	12875	A	-C	26	4	25	1	0	20	0.0384615	26	0.519231	FALSE	NA	NA	NA	NA	NA	NA
2019-nCoV	12878	A	+TT	26	7	23	1	0	20	0.0384615	26	0.519231	FALSE	NA	NA	NA	NA	NA	NA
2019-nCoV	12878	A	+G	26	7	23	1	0	20	0.0384615	26	0.519231	FALSE	NA	NA	NA	NA	NA	NA
2019-nCoV	12880	C	T	1	0	22	29	8	24	0.966667	30	5.07337e-16	TRUE	NA	NA	NA	NA	NA	NA
2019-nCoV	12884	A	+C	30	8	24	1	0	20	0.0333333	30	0.516667	FALSE	NA	NA	NA	NA	NA	NA
2019-nCoV	12907	G	A	17	8	23	1	0	23	0.0555556	18	0.514286	FALSE	NA	NA	NA	NA	NA	NA
2019-nCoV	12925	T	-A	29	7	23	3	0	20	0.103448	29	0.144944	FALSE	NA	NA	NA	NA	NA	NA
2019-nCoV	12945	A	+T	33	7	23	1	0	20	0.030303	33	0.515152	FALSE	NA	NA	NA	NA	NA	NA
2019-nCoV	12958	T	-A	22	10	22	2	0	20	0.0909091	22	0.278788	FALSE	NA	NA	NA	NA	NA	NA
2019-nCoV	12960	A	-AG	35	9	25	1	0	20	0.0285714	35	0.514286	FALSE	NA	NA	NA	NA	NA	NA
2019-nCoV	12964	A	-T	38	12	24	1	0	20	0.0263158	38	0.513158	FALSE	NA	NA	NA	NA	NA	NA
2019-nCoV	12974	C	+G	31	12	22	1	0	20	0.0322581	31	0.516129	FALSE	NA	NA	NA	NA	NA	NA
2019-nCoV	12981	G	+A	41	14	25	1	0	20	0.0243902	41	0.512195	FALSE	NA	NA	NA	NA	NA	NA
2019-nCoV	12989	G	+T	34	13	22	1	0	20	0.0294118	34	0.514706	FALSE	NA	NA	NA	NA	NA	NA
2019-nCoV	13039	A	+C	28	15	26	1	0	20	0.0357143	28	0.517857	FALSE	NA	NA	NA	NA	NA	NA
2019-nCoV	13056	C	+A	25	14	25	1	0	20	0.04	25	0.52	FALSE	NA	NA	NA	NA	NA	NA
2019-nCoV	13063	A	T	26	14	25	1	0	22	0.037037	27	0.509434	FALSE	NA	NA	NA	NA	NA	NA
2019-nCoV	13067	T	+A	28	13	25	1	0	20	0.0357143	28	0.517857	FALSE	NA	NA	NA	NA	NA	NA
2019-nCoV	13068	C	+T	27	13	24	1	0	20	0.037037	27	0.518519	FALSE	NA	NA	NA	NA	NA	NA
2019-nCoV	13077	C	-TT	22	15	24	3	0	20	0.136364	22	0.151515	FALSE	NA	NA	NA	NA	NA	NA
2019-nCoV	13080	T	G	18	15	26	4	0	23	0.181818	22	0.059274	FALSE	NA	NA	NA	NA	NA	NA
2019-nCoV	13081	T	G	19	15	24	2	0	21	0.0952381	21	0.256098	FALSE	NA	NA	NA	NA	NA	NA
2019-nCoV	13081	T	-G	19	15	24	2	0	20	0.0952381	21	0.256098	FALSE	NA	NA	NA	NA	NA	NA
2019-nCoV	13082	G	T	17	14	24	2	0	21	0.105263	19	0.243243	FALSE	NA	NA	NA	NA	NA	NA
2019-nCoV	13083	C	T	21	15	24	1	0	20	0.0454545	22	0.511628	FALSE	NA	NA	NA	NA	NA	NA
2019-nCoV	13089	A	+T	24	13	24	1	0	20	0.0416667	24	0.520833	FALSE	NA	NA	NA	NA	NA	NA
2019-nCoV	13093	T	+G	27	14	24	1	0	20	0.037037	27	0.518519	FALSE	NA	NA	NA	NA	NA	NA
2019-nCoV	13099	A	G	15	10	22	1	1	24	0.0625	16	0.516129	FALSE	NA	NA	NA	NA	NA	NA
2019-nCoV	13099	A	+G	15	10	22	1	0	20	0.0625	16	0.516129	FALSE	NA	NA	NA	NA	NA	NA
2019-nCoV	13103	T	+A	19	14	24	1	0	20	0.0526316	19	0.526316	FALSE	NA	NA	NA	NA	NA	NA
2019-nCoV	13105	C	+A	23	15	23	1	0	20	0.0434783	23	0.521739	FALSE	NA	NA	NA	NA	NA	NA
2019-nCoV	13108	A	T	18	15	24	1	0	28	0.0526316	19	0.513514	FALSE	NA	NA	NA	NA	NA	NA
2019-nCoV	13110	A	-T	26	15	24	1	0	20	0.0384615	26	0.519231	FALSE	NA	NA	NA	NA	NA	NA
2019-nCoV	13112	T	+TG	22	15	23	1	0	20	0.0454545	22	0.522727	FALSE	NA	NA	NA	NA	NA	NA
2019-nCoV	13118	G	+C	26	12	24	1	0	20	0.0384615	26	0.519231	FALSE	NA	NA	NA	NA	NA	NA
2019-nCoV	13121	A	T	29	12	24	2	2	23	0.0645161	31	0.254098	FALSE	NA	NA	NA	NA	NA	NA
2019-nCoV	13122	G	T	31	14	24	1	0	20	0.03125	32	0.507937	FALSE	NA	NA	NA	NA	NA	NA
2019-nCoV	13122	G	-TG	31	14	24	1	0	20	0.03125	32	0.507937	FALSE	NA	NA	NA	NA	NA	NA
2019-nCoV	13123	T	-G	29	13	23	9	0	20	0.3	30	0.00381245	TRUE	NA	NA	NA	NA	NA	NA
2019-nCoV	13123	T	+G	29	13	23	1	0	20	0.0333333	30	0.508475	FALSE	NA	NA	NA	NA	NA	NA
2019-nCoV	13128	G	A	13	13	24	1	1	22	0.0714286	14	0.518519	FALSE	NA	NA	NA	NA	NA	NA
2019-nCoV	13129	A	C	25	11	23	1	1	22	0.0384615	26	0.509804	FALSE	NA	NA	NA	NA	NA	NA
2019-nCoV	13132	A	+G	20	14	23	1	0	20	0.05	20	0.525	FALSE	NA	NA	NA	NA	NA	NA
2019-nCoV	13133	C	G	22	8	22	1	0	24	0.0434783	23	0.511111	FALSE	NA	NA	NA	NA	NA	NA
2019-nCoV	13134	C	+CA	24	15	23	1	0	20	0.0416667	24	0.520833	FALSE	NA	NA	NA	NA	NA	NA
2019-nCoV	13136	A	+T	20	15	24	1	0	20	0.05	20	0.525	FALSE	NA	NA	NA	NA	NA	NA
2019-nCoV	13137	T	+C	28	15	23	1	0	20	0.0357143	28	0.517857	FALSE	NA	NA	NA	NA	NA	NA
2019-nCoV	13141	T	+G	30	15	24	1	0	20	0.0333333	30	0.516667	FALSE	NA	NA	NA	NA	NA	NA
2019-nCoV	13162	T	+G	29	13	25	1	0	20	0.0344828	29	0.517241	FALSE	NA	NA	NA	NA	NA	NA
2019-nCoV	13171	T	+G	29	14	25	1	0	20	0.0344828	29	0.517241	FALSE	NA	NA	NA	NA	NA	NA
2019-nCoV	13174	T	C	30	14	24	1	1	27	0.0322581	31	0.508197	FALSE	NA	NA	NA	NA	NA	NA
2019-nCoV	13180	T	+C	29	13	24	1	0	20	0.0344828	29	0.517241	FALSE	NA	NA	NA	NA	NA	NA
2019-nCoV	13187	A	+T	29	16	24	1	0	20	0.0344828	29	0.517241	FALSE	NA	NA	NA	NA	NA	NA
2019-nCoV	13202	G	+T	23	15	24	1	0	20	0.0434783	23	0.521739	FALSE	NA	NA	NA	NA	NA	NA
2019-nCoV	13205	G	+TC	24	14	23	1	0	20	0.0416667	24	0.520833	FALSE	NA	NA	NA	NA	NA	NA
2019-nCoV	13205	G	+A	24	14	23	1	0	20	0.0416667	24	0.520833	FALSE	NA	NA	NA	NA	NA	NA
2019-nCoV	13207	C	+A	20	14	24	1	0	20	0.05	20	0.525	FALSE	NA	NA	NA	NA	NA	NA
2019-nCoV	13212	T	C	27	14	25	1	0	26	0.0357143	28	0.509091	FALSE	NA	NA	NA	NA	NA	NA
2019-nCoV	13217	C	+G	27	14	25	1	0	20	0.037037	27	0.518519	FALSE	NA	NA	NA	NA	NA	NA
2019-nCoV	13217	C	+A	27	14	25	1	0	20	0.037037	27	0.518519	FALSE	NA	NA	NA	NA	NA	NA
2019-nCoV	13225	C	-T	18	14	23	2	0	20	0.111111	18	0.285285	FALSE	NA	NA	NA	NA	NA	NA
2019-nCoV	13274	C	T	3	1	24	2	0	23	0.4	5	0.277778	FALSE	NA	NA	NA	NA	NA	NA
2019-nCoV	13288	A	-T	39	17	23	2	0	20	0.0512821	39	0.266147	FALSE	NA	NA	NA	NA	NA	NA
2019-nCoV	13299	T	-A	24	14	22	5	0	20	0.208333	24	0.0456933	FALSE	NA	NA	NA	NA	NA	NA
2019-nCoV	13308	A	G	32	18	25	1	0	22	0.030303	33	0.507692	FALSE	NA	NA	NA	NA	NA	NA
2019-nCoV	13312	T	+C	40	19	25	1	0	20	0.025	40	0.5125	FALSE	NA	NA	NA	NA	NA	NA
2019-nCoV	13316	C	+A	34	17	24	1	0	20	0.0294118	34	0.514706	FALSE	NA	NA	NA	NA	NA	NA
2019-nCoV	13321	A	+C	39	18	24	1	0	20	0.025641	39	0.512821	FALSE	NA	NA	NA	NA	NA	NA
2019-nCoV	13324	T	+A	30	16	24	1	0	20	0.0333333	30	0.516667	FALSE	NA	NA	NA	NA	NA	NA
2019-nCoV	13326	C	A	29	18	24	1	0	22	0.0333333	30	0.508475	FALSE	NA	NA	NA	NA	NA	NA
2019-nCoV	13326	C	+A	29	18	24	2	0	20	0.0666667	30	0.262712	FALSE	NA	NA	NA	NA	NA	NA
2019-nCoV	13329	C	-T	31	17	24	1	0	20	0.0322581	31	0.516129	FALSE	NA	NA	NA	NA	NA	NA
2019-nCoV	13332	G	C	28	18	24	1	0	23	0.0344828	29	0.508772	FALSE	NA	NA	NA	NA	NA	NA
2019-nCoV	13334	G	+C	33	18	24	2	0	20	0.0606061	33	0.269109	FALSE	NA	NA	NA	NA	NA	NA
2019-nCoV	13336	T	-A	32	17	24	1	0	20	0.03125	32	0.515625	FALSE	NA	NA	NA	NA	NA	NA
2019-nCoV	13338	A	C	27	18	24	1	0	28	0.0357143	28	0.509091	FALSE	NA	NA	NA	NA	NA	NA
2019-nCoV	13339	T	C	0	0	0	32	18	25	1	32	1.0913300000000001e-18	TRUE	NA	NA	NA	NA	NA	NA
2019-nCoV	13341	A	-C	32	18	24	2	0	20	0.0625	32	0.269712	FALSE	NA	NA	NA	NA	NA	NA
2019-nCoV	13341	A	+C	32	18	24	2	0	20	0.0625	32	0.269712	FALSE	NA	NA	NA	NA	NA	NA
2019-nCoV	13360	T	-A	20	16	24	10	0	20	0.5	20	0.00365608	TRUE	NA	NA	NA	NA	NA	NA
2019-nCoV	13369	A	G	78	39	25	1	1	22	0.0126582	79	0.503185	FALSE	NA	NA	NA	NA	NA	NA
2019-nCoV	13373	T	C	78	40	25	1	0	23	0.0126582	79	0.503185	FALSE	NA	NA	NA	NA	NA	NA
2019-nCoV	13375	T	+C	78	39	25	1	0	20	0.0128205	78	0.50641	FALSE	NA	NA	NA	NA	NA	NA
2019-nCoV	13382	T	+C	74	35	25	1	0	20	0.0135135	74	0.506757	FALSE	NA	NA	NA	NA	NA	NA
2019-nCoV	13383	G	C	74	35	25	1	0	21	0.0133333	75	0.503356	FALSE	NA	NA	NA	NA	NA	NA
2019-nCoV	13384	C	G	75	36	25	1	0	25	0.0131579	76	0.503311	FALSE	NA	NA	NA	NA	NA	NA
2019-nCoV	13384	C	+G	75	36	25	1	0	20	0.0131579	76	0.503311	FALSE	NA	NA	NA	NA	NA	NA
2019-nCoV	13386	G	A	69	38	24	1	1	27	0.0142857	70	0.503597	FALSE	NA	NA	NA	NA	NA	NA
2019-nCoV	13393	G	-A	60	36	23	1	0	20	0.0166667	60	0.508333	FALSE	NA	NA	NA	NA	NA	NA
2019-nCoV	13396	A	T	51	36	23	1	1	24	0.0192308	52	0.504854	FALSE	NA	NA	NA	NA	NA	NA
2019-nCoV	13402	T	+C	68	34	24	1	0	20	0.0147059	68	0.507353	FALSE	NA	NA	NA	NA	NA	NA
2019-nCoV	13404	G	A	68	41	24	1	0	20	0.0144928	69	0.50365	FALSE	NA	NA	NA	NA	NA	NA
2019-nCoV	13406	T	C	76	42	25	1	0	21	0.012987	77	0.503268	FALSE	NA	NA	NA	NA	NA	NA
2019-nCoV	13409	A	+C	71	39	25	1	0	20	0.0140845	71	0.507042	FALSE	NA	NA	NA	NA	NA	NA
2019-nCoV	13413	G	+T	78	42	25	1	0	20	0.0128205	78	0.50641	FALSE	NA	NA	NA	NA	NA	NA
2019-nCoV	13416	A	G	75	40	25	1	0	24	0.0131579	76	0.503311	FALSE	NA	NA	NA	NA	NA	NA
2019-nCoV	13416	A	+G	75	40	25	1	0	20	0.0131579	76	0.503311	FALSE	NA	NA	NA	NA	NA	NA
2019-nCoV	13417	T	C	77	41	25	1	0	27	0.0128205	78	0.503226	FALSE	NA	NA	NA	NA	NA	NA
2019-nCoV	13418	C	+A	77	41	25	2	0	20	0.025974	77	0.258148	FALSE	NA	NA	NA	NA	NA	NA
2019-nCoV	13429	A	T	64	36	24	1	1	29	0.0153846	65	0.503876	FALSE	NA	NA	NA	NA	NA	NA
2019-nCoV	13431	C	T	74	36	26	1	1	25	0.0133333	75	0.503356	FALSE	NA	NA	NA	NA	NA	NA
2019-nCoV	13435	G	+T	68	32	24	1	0	20	0.0147059	68	0.507353	FALSE	NA	NA	NA	NA	NA	NA
2019-nCoV	13435	G	+C	68	32	24	1	0	20	0.0147059	68	0.507353	FALSE	NA	NA	NA	NA	NA	NA
2019-nCoV	13437	T	A	54	20	24	1	1	28	0.0181818	55	0.504587	FALSE	NA	NA	NA	NA	NA	NA
2019-nCoV	13438	T	C	56	31	24	1	0	22	0.0175439	57	0.504425	FALSE	NA	NA	NA	NA	NA	NA
2019-nCoV	13446	C	T	27	14	23	1	0	27	0.0357143	28	0.509091	FALSE	NA	NA	NA	NA	NA	NA
2019-nCoV	13450	T	C	27	14	24	1	1	27	0.0357143	28	0.509091	FALSE	NA	NA	NA	NA	NA	NA
2019-nCoV	13450	T	+G	27	14	24	1	0	20	0.0357143	28	0.509091	FALSE	NA	NA	NA	NA	NA	NA
2019-nCoV	13456	A	G	13	9	22	1	0	24	0.0714286	14	0.518519	FALSE	NA	NA	NA	NA	NA	NA
2019-nCoV	13459	G	-T	19	8	23	3	0	20	0.157895	19	0.15587	FALSE	NA	NA	NA	NA	NA	NA
2019-nCoV	13471	G	-T	14	9	23	1	0	20	0.0714286	14	0.535714	FALSE	NA	NA	NA	NA	NA	NA
2019-nCoV	13484	G	+T	26	16	23	1	0	20	0.0384615	26	0.519231	FALSE	NA	NA	NA	NA	NA	NA
2019-nCoV	13486	G	+A	49	24	24	1	0	20	0.0204082	49	0.510204	FALSE	NA	NA	NA	NA	NA	NA
2019-nCoV	13489	G	C	49	25	24	1	0	31	0.02	50	0.505051	FALSE	NA	NA	NA	NA	NA	NA
2019-nCoV	13489	G	-C	49	25	24	2	0	20	0.04	50	0.257576	FALSE	NA	NA	NA	NA	NA	NA
2019-nCoV	13500	A	+C	50	26	24	2	0	20	0.04	50	0.262574	FALSE	NA	NA	NA	NA	NA	NA
2019-nCoV	13502	C	T	37	24	24	1	1	30	0.0263158	38	0.506667	FALSE	NA	NA	NA	NA	NA	NA
2019-nCoV	13508	G	A	34	25	24	1	1	21	0.0285714	35	0.507246	FALSE	NA	NA	NA	NA	NA	NA
2019-nCoV	13512	A	+C	22	9	23	1	0	20	0.0454545	22	0.522727	FALSE	NA	NA	NA	NA	NA	NA
2019-nCoV	13522	A	-C	27	10	25	1	0	20	0.037037	27	0.518519	FALSE	NA	NA	NA	NA	NA	NA
2019-nCoV	13536	C	+A	23	10	24	1	0	20	0.0434783	23	0.521739	FALSE	NA	NA	NA	NA	NA	NA
2019-nCoV	13537	A	T	18	8	24	1	0	24	0.05	20	0.5	FALSE	NA	NA	NA	NA	NA	NA
2019-nCoV	13537	A	G	18	8	24	1	0	20	0.05	20	0.5	FALSE	NA	NA	NA	NA	NA	NA
2019-nCoV	13549	A	+T	21	9	24	1	0	20	0.047619	21	0.52381	FALSE	NA	NA	NA	NA	NA	NA
2019-nCoV	13556	A	+T	24	11	22	1	0	20	0.0416667	24	0.520833	FALSE	NA	NA	NA	NA	NA	NA
2019-nCoV	13571	G	-T	16	10	23	3	0	20	0.1875	16	0.161932	FALSE	NA	NA	NA	NA	NA	NA
2019-nCoV	13585	C	-T	27	12	23	1	0	20	0.037037	27	0.518519	FALSE	NA	NA	NA	NA	NA	NA
2019-nCoV	13586	T	-A	30	10	23	6	0	20	0.2	30	0.0235813	FALSE	NA	NA	NA	NA	NA	NA
2019-nCoV	13586	T	+A	30	10	23	1	0	20	0.0333333	30	0.516667	FALSE	NA	NA	NA	NA	NA	NA
2019-nCoV	13621	G	+T	34	12	26	1	0	20	0.0294118	34	0.514706	FALSE	NA	NA	NA	NA	NA	NA
2019-nCoV	13624	G	+A	31	10	26	1	0	20	0.0322581	31	0.516129	FALSE	NA	NA	NA	NA	NA	NA
2019-nCoV	13647	C	+T	35	15	24	1	0	20	0.0285714	35	0.514286	FALSE	NA	NA	NA	NA	NA	NA
2019-nCoV	13653	A	G	30	10	25	1	0	28	0.0322581	31	0.508197	FALSE	NA	NA	NA	NA	NA	NA
2019-nCoV	13654	G	+T	36	15	25	1	0	20	0.0277778	36	0.513889	FALSE	NA	NA	NA	NA	NA	NA
2019-nCoV	13656	T	+A	32	16	23	1	0	20	0.03125	32	0.515625	FALSE	NA	NA	NA	NA	NA	NA
2019-nCoV	13667	C	+T	35	15	25	1	0	20	0.0285714	35	0.514286	FALSE	NA	NA	NA	NA	NA	NA
2019-nCoV	13674	T	+A	36	17	25	2	0	20	0.0555556	36	0.267504	FALSE	NA	NA	NA	NA	NA	NA
2019-nCoV	13676	A	C	31	16	24	1	0	21	0.03125	32	0.507937	FALSE	NA	NA	NA	NA	NA	NA
2019-nCoV	13689	A	+AG	30	16	24	1	0	20	0.0333333	30	0.516667	FALSE	NA	NA	NA	NA	NA	NA
2019-nCoV	13701	T	-A	35	14	25	1	0	20	0.0285714	35	0.514286	FALSE	NA	NA	NA	NA	NA	NA
2019-nCoV	13701	T	+A	35	14	25	1	0	20	0.0285714	35	0.514286	FALSE	NA	NA	NA	NA	NA	NA
2019-nCoV	13703	A	T	15	8	23	1	1	23	0.0588235	17	0.5	FALSE	NA	NA	NA	NA	NA	NA
2019-nCoV	13703	A	G	15	8	23	1	1	21	0.0588235	17	0.5	FALSE	NA	NA	NA	NA	NA	NA
2019-nCoV	13726	G	+T	11	4	26	1	0	20	0.0909091	11	0.545455	FALSE	NA	NA	NA	NA	NA	NA
2019-nCoV	13734	A	+AC	9	5	23	1	0	20	0.111111	9	0.555556	FALSE	NA	NA	NA	NA	NA	NA
2019-nCoV	13740	C	+T	12	5	25	1	0	20	0.0833333	12	0.541667	FALSE	NA	NA	NA	NA	NA	NA
2019-nCoV	13743	C	T	10	4	23	1	1	29	0.0909091	11	0.52381	FALSE	NA	NA	NA	NA	NA	NA
2019-nCoV	13743	C	-T	10	4	23	1	0	20	0.0909091	11	0.52381	FALSE	NA	NA	NA	NA	NA	NA
2019-nCoV	13743	C	+T	10	4	23	2	0	20	0.181818	11	0.285714	FALSE	NA	NA	NA	NA	NA	NA
2019-nCoV	13761	C	-G	12	4	24	1	0	20	0.0833333	12	0.541667	FALSE	NA	NA	NA	NA	NA	NA
2019-nCoV	13804	T	C	1	0	26	1	0	23	0.5	2	0.666667	FALSE	NA	NA	NA	NA	NA	NA
2019-nCoV	13821	C	-G	66	24	23	1	0	20	0.0151515	66	0.507576	FALSE	NA	NA	NA	NA	NA	NA
2019-nCoV	13822	G	+T	59	17	24	1	0	20	0.0166667	60	0.504202	FALSE	NA	NA	NA	NA	NA	NA
2019-nCoV	13823	T	C	58	17	24	1	0	20	0.0169492	59	0.504274	FALSE	NA	NA	NA	NA	NA	NA
2019-nCoV	13825	T	+A	63	21	24	1	0	20	0.015873	63	0.507937	FALSE	NA	NA	NA	NA	NA	NA
2019-nCoV	13828	G	+T	63	22	24	1	0	20	0.015873	63	0.507937	FALSE	NA	NA	NA	NA	NA	NA
2019-nCoV	13829	C	-T	59	20	24	1	0	20	0.0169492	59	0.508475	FALSE	NA	NA	NA	NA	NA	NA
2019-nCoV	13829	C	+T	59	20	24	2	0	20	0.0338983	59	0.260647	FALSE	NA	NA	NA	NA	NA	NA
2019-nCoV	13831	T	C	62	23	26	1	0	20	0.015873	63	0.504	FALSE	NA	NA	NA	NA	NA	NA
2019-nCoV	13838	A	-T	61	18	23	1	0	20	0.0163934	61	0.508197	FALSE	NA	NA	NA	NA	NA	NA
2019-nCoV	13838	A	+T	61	18	23	1	0	20	0.0163934	61	0.508197	FALSE	NA	NA	NA	NA	NA	NA
2019-nCoV	13839	T	C	37	0	23	7	1	26	0.159091	44	0.00603632	TRUE	NA	NA	NA	NA	NA	NA
2019-nCoV	13844	A	G	63	21	24	1	0	20	0.015625	64	0.503937	FALSE	NA	NA	NA	NA	NA	NA
2019-nCoV	13844	A	+T	63	21	24	1	0	20	0.015625	64	0.503937	FALSE	NA	NA	NA	NA	NA	NA
2019-nCoV	13845	T	-G	63	21	24	1	0	20	0.015873	63	0.507937	FALSE	NA	NA	NA	NA	NA	NA
2019-nCoV	13850	G	+A	48	21	22	1	0	20	0.0208333	48	0.510417	FALSE	NA	NA	NA	NA	NA	NA
2019-nCoV	13852	A	G	48	8	24	1	1	27	0.0204082	49	0.505155	FALSE	NA	NA	NA	NA	NA	NA
2019-nCoV	13855	T	G	39	24	23	1	0	21	0.025	40	0.506329	FALSE	NA	NA	NA	NA	NA	NA
2019-nCoV	13861	A	G	62	21	23	1	0	26	0.015873	63	0.504	FALSE	NA	NA	NA	NA	NA	NA
2019-nCoV	13863	A	-T	65	26	24	1	0	20	0.0153846	65	0.507692	FALSE	NA	NA	NA	NA	NA	NA
2019-nCoV	13865	T	-A	50	25	22	4	0	20	0.08	50	0.0715294	FALSE	NA	NA	NA	NA	NA	NA
2019-nCoV	13870	G	-A	61	22	23	1	0	20	0.0163934	61	0.508197	FALSE	NA	NA	NA	NA	NA	NA
2019-nCoV	13870	G	+T	61	22	23	1	0	20	0.0163934	61	0.508197	FALSE	NA	NA	NA	NA	NA	NA
2019-nCoV	13870	G	+A	61	22	23	1	0	20	0.0163934	61	0.508197	FALSE	NA	NA	NA	NA	NA	NA
2019-nCoV	13873	A	+AT	32	22	23	1	0	20	0.03125	32	0.515625	FALSE	NA	NA	NA	NA	NA	NA
2019-nCoV	13884	A	+T	62	27	24	2	0	20	0.0322581	62	0.260129	FALSE	NA	NA	NA	NA	NA	NA
2019-nCoV	13890	T	-TG	46	14	24	1	0	20	0.0217391	46	0.51087	FALSE	NA	NA	NA	NA	NA	NA
2019-nCoV	13893	T	G	47	15	23	1	0	20	0.0208333	48	0.505263	FALSE	NA	NA	NA	NA	NA	NA
2019-nCoV	13901	A	G	54	28	24	1	1	27	0.0181818	55	0.504587	FALSE	NA	NA	NA	NA	NA	NA
2019-nCoV	13907	A	-T	41	20	23	4	0	20	0.097561	41	0.0735856	FALSE	NA	NA	NA	NA	NA	NA
2019-nCoV	13914	T	-A	33	17	21	11	0	20	0.333333	33	0.00133912	TRUE	NA	NA	NA	NA	NA	NA
2019-nCoV	13922	A	-C	50	27	22	1	0	20	0.02	50	0.51	FALSE	NA	NA	NA	NA	NA	NA
2019-nCoV	13926	G	+C	42	31	23	1	0	20	0.0238095	42	0.511905	FALSE	NA	NA	NA	NA	NA	NA
2019-nCoV	13931	A	-T	54	26	23	7	0	20	0.12963	54	0.0106028	FALSE	NA	NA	NA	NA	NA	NA
2019-nCoV	13937	T	-A	43	29	23	1	0	20	0.0232558	43	0.511628	FALSE	NA	NA	NA	NA	NA	NA
2019-nCoV	13939	G	-A	39	23	22	2	0	20	0.0512821	39	0.266147	FALSE	NA	NA	NA	NA	NA	NA
2019-nCoV	13941	A	G	46	26	23	1	1	27	0.0212766	47	0.505376	FALSE	NA	NA	NA	NA	NA	NA
2019-nCoV	13942	A	-AC	44	27	23	3	0	20	0.0681818	44	0.138023	FALSE	NA	NA	NA	NA	NA	NA
2019-nCoV	13943	A	-C	22	22	22	3	0	20	0.12	25	0.124837	FALSE	NA	NA	NA	NA	NA	NA
2019-nCoV	13945	C	G	45	22	23	1	1	28	0.0217391	46	0.505495	FALSE	NA	NA	NA	NA	NA	NA
2019-nCoV	13953	A	+T	50	30	25	1	0	20	0.02	50	0.51	FALSE	NA	NA	NA	NA	NA	NA
2019-nCoV	13956	A	-C	46	34	24	1	0	20	0.0217391	46	0.51087	FALSE	NA	NA	NA	NA	NA	NA
2019-nCoV	13958	G	+C	54	35	23	1	0	20	0.0185185	54	0.509259	FALSE	NA	NA	NA	NA	NA	NA
2019-nCoV	13959	C	+G	61	36	23	1	0	20	0.0163934	61	0.508197	FALSE	NA	NA	NA	NA	NA	NA
2019-nCoV	13959	C	+A	61	36	23	1	0	20	0.0163934	61	0.508197	FALSE	NA	NA	NA	NA	NA	NA
2019-nCoV	13960	G	-T	56	35	24	1	0	20	0.0178571	56	0.508929	FALSE	NA	NA	NA	NA	NA	NA
2019-nCoV	13961	T	C	53	33	24	1	0	24	0.0185185	54	0.5	FALSE	NA	NA	NA	NA	NA	NA
2019-nCoV	13961	T	+A	53	33	24	2	0	20	0.0363636	55	0.252294	FALSE	NA	NA	NA	NA	NA	NA
2019-nCoV	13963	T	-A	53	31	23	1	0	20	0.0188679	53	0.509434	FALSE	NA	NA	NA	NA	NA	NA
2019-nCoV	13966	G	-C	44	26	23	4	0	20	0.0909091	44	0.0728036	FALSE	NA	NA	NA	NA	NA	NA
2019-nCoV	13973	T	+A	46	31	24	1	0	20	0.0217391	46	0.51087	FALSE	NA	NA	NA	NA	NA	NA
2019-nCoV	13978	G	-A	46	20	23	1	0	20	0.0217391	46	0.51087	FALSE	NA	NA	NA	NA	NA	NA
2019-nCoV	13979	A	G	38	11	24	2	2	26	0.05	40	0.246835	FALSE	NA	NA	NA	NA	NA	NA
2019-nCoV	13985	T	C	56	30	25	1	1	23	0.0175439	57	0.504425	FALSE	NA	NA	NA	NA	NA	NA
2019-nCoV	13985	T	+A	56	30	25	1	0	20	0.0175439	57	0.504425	FALSE	NA	NA	NA	NA	NA	NA
2019-nCoV	13987	C	+G	59	36	25	1	0	20	0.0169492	59	0.508475	FALSE	NA	NA	NA	NA	NA	NA
2019-nCoV	13988	G	+T	61	37	24	1	0	20	0.0163934	61	0.508197	FALSE	NA	NA	NA	NA	NA	NA
2019-nCoV	13988	G	+C	61	37	24	1	0	20	0.0163934	61	0.508197	FALSE	NA	NA	NA	NA	NA	NA
2019-nCoV	13990	C	+A	55	37	24	1	0	20	0.0181818	55	0.509091	FALSE	NA	NA	NA	NA	NA	NA
2019-nCoV	13994	C	-T	59	34	23	5	0	20	0.0847458	59	0.0367822	FALSE	NA	NA	NA	NA	NA	NA
2019-nCoV	13995	T	C	31	7	23	1	0	24	0.03125	32	0.492308	FALSE	NA	NA	NA	NA	NA	NA
2019-nCoV	13997	T	C	41	34	23	1	1	26	0.0238095	42	0.506024	FALSE	NA	NA	NA	NA	NA	NA
2019-nCoV	13997	T	+G	41	34	23	1	0	20	0.0238095	42	0.506024	FALSE	NA	NA	NA	NA	NA	NA
2019-nCoV	13998	G	+T	57	34	23	1	0	20	0.0175439	57	0.508772	FALSE	NA	NA	NA	NA	NA	NA
2019-nCoV	14000	T	-A	40	36	22	10	0	20	0.25	40	0.00202011	TRUE	NA	NA	NA	NA	NA	NA
2019-nCoV	14011	C	+A	77	43	23	1	0	20	0.012987	77	0.506494	FALSE	NA	NA	NA	NA	NA	NA
2019-nCoV	14013	A	+T	56	43	24	2	0	20	0.0357143	56	0.26122	FALSE	NA	NA	NA	NA	NA	NA
2019-nCoV	14016	C	+A	74	43	24	1	0	20	0.0135135	74	0.506757	FALSE	NA	NA	NA	NA	NA	NA
2019-nCoV	14019	T	+A	80	47	24	2	0	20	0.025	80	0.257842	FALSE	NA	NA	NA	NA	NA	NA
2019-nCoV	14023	G	A	85	51	24	2	1	20	0.0229885	87	0.251445	FALSE	NA	NA	NA	NA	NA	NA
2019-nCoV	14023	G	+C	85	51	24	1	0	20	0.0114943	87	0.5	FALSE	NA	NA	NA	NA	NA	NA
2019-nCoV	14024	C	T	74	34	23	1	1	20	0.0133333	75	0.503356	FALSE	NA	NA	NA	NA	NA	NA
2019-nCoV	14026	A	G	79	45	24	5	4	24	0.0595238	84	0.0302975	FALSE	NA	NA	NA	NA	NA	NA
2019-nCoV	14027	T	C	81	48	25	2	1	25	0.0240964	83	0.251515	FALSE	NA	NA	NA	NA	NA	NA
2019-nCoV	14030	G	-A	83	48	24	3	0	20	0.0361446	83	0.131845	FALSE	NA	NA	NA	NA	NA	NA
2019-nCoV	14030	G	+A	83	48	24	1	0	20	0.0120482	83	0.506024	FALSE	NA	NA	NA	NA	NA	NA
2019-nCoV	14033	A	G	61	47	23	1	1	23	0.016129	62	0.504065	FALSE	NA	NA	NA	NA	NA	NA
2019-nCoV	14041	A	-T	20	7	26	1	0	20	0.05	20	0.525	FALSE	NA	NA	NA	NA	NA	NA
2019-nCoV	14046	T	C	18	8	23	1	0	27	0.0526316	19	0.513514	FALSE	NA	NA	NA	NA	NA	NA
2019-nCoV	14058	A	+T	19	7	22	2	0	20	0.105263	19	0.283401	FALSE	NA	NA	NA	NA	NA	NA
2019-nCoV	14064	T	-A	21	8	24	4	0	20	0.190476	21	0.0849022	FALSE	NA	NA	NA	NA	NA	NA
2019-nCoV	14064	T	+A	21	8	24	1	0	20	0.047619	21	0.52381	FALSE	NA	NA	NA	NA	NA	NA
2019-nCoV	14110	C	+A	40	17	24	1	0	20	0.025	40	0.5125	FALSE	NA	NA	NA	NA	NA	NA
2019-nCoV	14115	C	-A	29	17	24	1	0	20	0.0344828	29	0.517241	FALSE	NA	NA	NA	NA	NA	NA
2019-nCoV	14124	T	C	43	18	25	1	1	24	0.0227273	44	0.505747	FALSE	NA	NA	NA	NA	NA	NA
2019-nCoV	14129	G	T	34	18	23	1	1	27	0.0285714	35	0.507246	FALSE	NA	NA	NA	NA	NA	NA
2019-nCoV	14139	T	C	33	16	23	1	1	27	0.0294118	34	0.507463	FALSE	NA	NA	NA	NA	NA	NA
2019-nCoV	14141	T	+CAA	43	17	25	1	0	20	0.0232558	43	0.511628	FALSE	NA	NA	NA	NA	NA	NA
2019-nCoV	14142	A	C	43	17	25	1	1	20	0.0227273	44	0.505747	FALSE	NA	NA	NA	NA	NA	NA
2019-nCoV	14147	C	+T	43	21	25	2	0	20	0.0465116	43	0.264635	FALSE	NA	NA	NA	NA	NA	NA
2019-nCoV	14152	T	+G	36	20	23	1	0	20	0.0277778	36	0.513889	FALSE	NA	NA	NA	NA	NA	NA
2019-nCoV	14160	G	+T	39	17	25	1	0	20	0.025641	39	0.512821	FALSE	NA	NA	NA	NA	NA	NA
2019-nCoV	14167	C	T	42	18	23	1	0	26	0.0232558	43	0.505882	FALSE	NA	NA	NA	NA	NA	NA
2019-nCoV	14172	A	+T	46	20	26	1	0	20	0.0217391	46	0.51087	FALSE	NA	NA	NA	NA	NA	NA
2019-nCoV	14176	A	G	41	20	23	1	0	27	0.0238095	42	0.506024	FALSE	NA	NA	NA	NA	NA	NA
2019-nCoV	14176	A	+T	41	20	23	1	0	20	0.0238095	42	0.506024	FALSE	NA	NA	NA	NA	NA	NA
2019-nCoV	14178	C	+T	39	18	23	1	0	20	0.025641	39	0.512821	FALSE	NA	NA	NA	NA	NA	NA
2019-nCoV	14179	T	G	36	12	24	1	0	24	0.027027	37	0.506849	FALSE	NA	NA	NA	NA	NA	NA
2019-nCoV	14189	C	-T	49	24	24	1	0	20	0.0204082	49	0.510204	FALSE	NA	NA	NA	NA	NA	NA
2019-nCoV	14189	C	+T	49	24	24	1	0	20	0.0204082	49	0.510204	FALSE	NA	NA	NA	NA	NA	NA
2019-nCoV	14203	T	C	43	19	25	1	0	27	0.0227273	44	0.505747	FALSE	NA	NA	NA	NA	NA	NA
2019-nCoV	14204	C	+A	46	21	25	1	0	20	0.0217391	46	0.51087	FALSE	NA	NA	NA	NA	NA	NA
2019-nCoV	14209	G	+T	25	14	24	1	0	20	0.04	25	0.52	FALSE	NA	NA	NA	NA	NA	NA
2019-nCoV	14220	C	+T	26	14	24	1	0	20	0.0384615	26	0.519231	FALSE	NA	NA	NA	NA	NA	NA
2019-nCoV	14236	A	+T	28	15	25	1	0	20	0.0357143	28	0.517857	FALSE	NA	NA	NA	NA	NA	NA
2019-nCoV	14238	T	-A	27	15	23	1	0	20	0.037037	27	0.518519	FALSE	NA	NA	NA	NA	NA	NA
2019-nCoV	14241	G	+T	24	12	25	1	0	20	0.0416667	24	0.520833	FALSE	NA	NA	NA	NA	NA	NA
2019-nCoV	14242	T	+G	24	11	25	1	0	20	0.0416667	24	0.520833	FALSE	NA	NA	NA	NA	NA	NA
2019-nCoV	14246	A	+T	24	13	24	1	0	20	0.0416667	24	0.520833	FALSE	NA	NA	NA	NA	NA	NA
2019-nCoV	14252	T	-A	23	14	23	1	0	20	0.0434783	23	0.521739	FALSE	NA	NA	NA	NA	NA	NA
2019-nCoV	14257	T	C	27	14	24	1	1	23	0.0357143	28	0.509091	FALSE	NA	NA	NA	NA	NA	NA
2019-nCoV	14262	C	A	28	13	25	1	1	20	0.0344828	29	0.508772	FALSE	NA	NA	NA	NA	NA	NA
2019-nCoV	14262	C	+CT	28	13	25	1	0	20	0.0344828	29	0.508772	FALSE	NA	NA	NA	NA	NA	NA
2019-nCoV	14264	T	-CA	25	17	24	1	0	20	0.04	25	0.52	FALSE	NA	NA	NA	NA	NA	NA
2019-nCoV	14268	G	A	26	12	24	1	0	26	0.037037	27	0.509434	FALSE	NA	NA	NA	NA	NA	NA
2019-nCoV	14278	T	G	23	11	22	1	1	20	0.0416667	24	0.510638	FALSE	NA	NA	NA	NA	NA	NA
2019-nCoV	14279	T	-A	21	17	22	3	0	20	0.142857	21	0.152824	FALSE	NA	NA	NA	NA	NA	NA
2019-nCoV	14280	A	T	13	0	23	1	1	20	0.0714286	14	0.518519	FALSE	NA	NA	NA	NA	NA	NA
2019-nCoV	14286	C	+T	32	17	24	3	0	20	0.09375	32	0.143029	FALSE	NA	NA	NA	NA	NA	NA
2019-nCoV	14294	G	+T	31	16	23	1	0	20	0.0322581	31	0.516129	FALSE	NA	NA	NA	NA	NA	NA
2019-nCoV	14297	A	-T	32	17	22	2	0	20	0.0625	32	0.269712	FALSE	NA	NA	NA	NA	NA	NA
2019-nCoV	14300	T	C	31	18	24	1	0	27	0.03125	32	0.507937	FALSE	NA	NA	NA	NA	NA	NA
2019-nCoV	14301	T	-A	18	17	24	1	0	20	0.0555556	18	0.527778	FALSE	NA	NA	NA	NA	NA	NA
2019-nCoV	14305	T	+A	32	17	24	1	0	20	0.03125	32	0.515625	FALSE	NA	NA	NA	NA	NA	NA
2019-nCoV	14306	A	+T	31	16	25	2	0	20	0.0645161	31	0.270353	FALSE	NA	NA	NA	NA	NA	NA
2019-nCoV	14308	T	-G	24	17	23	1	0	20	0.0416667	24	0.520833	FALSE	NA	NA	NA	NA	NA	NA
2019-nCoV	14312	A	G	29	15	24	1	1	28	0.0333333	30	0.508475	FALSE	NA	NA	NA	NA	NA	NA
2019-nCoV	14315	A	G	31	17	25	1	0	27	0.03125	32	0.507937	FALSE	NA	NA	NA	NA	NA	NA
2019-nCoV	14320	T	-A	4	3	24	1	0	20	0.25	4	0.625	FALSE	NA	NA	NA	NA	NA	NA
2019-nCoV	14363	T	C	4	2	23	1	1	23	0.2	5	0.555556	FALSE	NA	NA	NA	NA	NA	NA
2019-nCoV	14372	C	-A	4	2	22	1	0	20	0.25	4	0.625	FALSE	NA	NA	NA	NA	NA	NA
2019-nCoV	14383	G	-T	3	2	24	1	0	20	0.333333	3	0.666667	FALSE	NA	NA	NA	NA	NA	NA
2019-nCoV	14407	C	+T	7	5	22	1	0	20	0.142857	7	0.571429	FALSE	NA	NA	NA	NA	NA	NA
2019-nCoV	14408	C	T	0	0	0	3	1	22	1	3	0.1	FALSE	NA	NA	NA	NA	NA	NA
2019-nCoV	14411	C	+A	68	40	25	1	0	20	0.0147059	68	0.507353	FALSE	NA	NA	NA	NA	NA	NA
2019-nCoV	14414	G	-T	70	41	24	1	0	20	0.0142857	70	0.507143	FALSE	NA	NA	NA	NA	NA	NA
2019-nCoV	14414	G	+T	70	41	24	3	0	20	0.0428571	70	0.133131	FALSE	NA	NA	NA	NA	NA	NA
2019-nCoV	14420	G	-A	61	40	24	1	0	20	0.0163934	61	0.508197	FALSE	NA	NA	NA	NA	NA	NA
2019-nCoV	14424	A	+C	75	43	24	1	0	20	0.0133333	75	0.506667	FALSE	NA	NA	NA	NA	NA	NA
2019-nCoV	14426	T	+A	74	44	24	1	0	20	0.0135135	74	0.506757	FALSE	NA	NA	NA	NA	NA	NA
2019-nCoV	14427	A	+G	74	45	25	3	0	20	0.0405405	74	0.132686	FALSE	NA	NA	NA	NA	NA	NA
2019-nCoV	14431	A	+G	71	44	24	1	0	20	0.0140845	71	0.507042	FALSE	NA	NA	NA	NA	NA	NA
2019-nCoV	14432	G	-A	71	44	23	16	0	20	0.225352	71	4.01055e-5	TRUE	NA	NA	NA	NA	NA	NA
2019-nCoV	14432	G	+A	71	44	23	1	0	20	0.0140845	71	0.507042	FALSE	NA	NA	NA	NA	NA	NA
2019-nCoV	14433	A	G	22	1	23	1	0	21	0.0434783	23	0.403509	FALSE	NA	NA	NA	NA	NA	NA
2019-nCoV	14437	A	T	43	42	23	1	0	21	0.0222222	45	0.5	FALSE	NA	NA	NA	NA	NA	NA
2019-nCoV	14437	A	G	43	42	23	1	0	23	0.0222222	45	0.5	FALSE	NA	NA	NA	NA	NA	NA
2019-nCoV	14438	T	A	68	41	23	1	0	21	0.0144928	69	0.50365	FALSE	NA	NA	NA	NA	NA	NA
2019-nCoV	14439	A	+T	66	43	24	4	0	20	0.0606061	66	0.0692894	FALSE	NA	NA	NA	NA	NA	NA
2019-nCoV	14443	G	-T	68	40	24	1	0	20	0.0147059	68	0.507353	FALSE	NA	NA	NA	NA	NA	NA
2019-nCoV	14446	G	+A	66	37	24	1	0	20	0.0151515	66	0.507576	FALSE	NA	NA	NA	NA	NA	NA
2019-nCoV	14447	A	+T	58	34	24	2	0	20	0.0344828	58	0.260831	FALSE	NA	NA	NA	NA	NA	NA
2019-nCoV	14452	G	+T	67	43	24	1	0	20	0.0149254	67	0.507463	FALSE	NA	NA	NA	NA	NA	NA
2019-nCoV	14454	T	+C	59	45	24	1	0	20	0.0169492	59	0.508475	FALSE	NA	NA	NA	NA	NA	NA
2019-nCoV	14457	A	-T	69	46	24	1	0	20	0.0144928	69	0.507246	FALSE	NA	NA	NA	NA	NA	NA
2019-nCoV	14457	A	+T	69	46	24	1	0	20	0.0144928	69	0.507246	FALSE	NA	NA	NA	NA	NA	NA
2019-nCoV	14460	T	C	54	45	24	1	1	25	0.0181818	55	0.504587	FALSE	NA	NA	NA	NA	NA	NA
2019-nCoV	14462	T	+G	70	46	25	1	0	20	0.0142857	70	0.507143	FALSE	NA	NA	NA	NA	NA	NA
2019-nCoV	14464	G	-T	67	45	24	3	0	20	0.0447761	67	0.133499	FALSE	NA	NA	NA	NA	NA	NA
2019-nCoV	14468	C	-A	64	45	24	1	0	20	0.015625	64	0.507813	FALSE	NA	NA	NA	NA	NA	NA
2019-nCoV	14468	C	+G	64	45	24	1	0	20	0.015625	64	0.507813	FALSE	NA	NA	NA	NA	NA	NA
2019-nCoV	14476	T	C	62	36	25	2	2	23	0.03125	64	0.251969	FALSE	NA	NA	NA	NA	NA	NA
2019-nCoV	14476	T	+G	62	36	25	1	0	20	0.015625	64	0.5	FALSE	NA	NA	NA	NA	NA	NA
2019-nCoV	14480	A	-C	59	38	25	1	0	20	0.0169492	59	0.508475	FALSE	NA	NA	NA	NA	NA	NA
2019-nCoV	14481	C	+T	56	37	25	1	0	20	0.0178571	56	0.508929	FALSE	NA	NA	NA	NA	NA	NA
2019-nCoV	14487	A	+C	61	40	25	1	0	20	0.0163934	61	0.508197	FALSE	NA	NA	NA	NA	NA	NA
2019-nCoV	14489	A	G	57	38	26	1	1	23	0.0172414	58	0.504348	FALSE	NA	NA	NA	NA	NA	NA
2019-nCoV	14489	A	+T	57	38	26	1	0	20	0.0172414	58	0.504348	FALSE	NA	NA	NA	NA	NA	NA
2019-nCoV	14490	G	+A	59	38	25	1	0	20	0.0169492	59	0.508475	FALSE	NA	NA	NA	NA	NA	NA
2019-nCoV	14492	T	+A	66	42	25	1	0	20	0.0151515	66	0.507576	FALSE	NA	NA	NA	NA	NA	NA
2019-nCoV	14493	A	+G	67	42	25	2	0	20	0.0298507	67	0.25937	FALSE	NA	NA	NA	NA	NA	NA
2019-nCoV	14494	G	A	59	35	23	1	1	27	0.0166667	60	0.504202	FALSE	NA	NA	NA	NA	NA	NA
2019-nCoV	14495	G	+T	58	41	24	1	0	20	0.0172414	58	0.508621	FALSE	NA	NA	NA	NA	NA	NA
2019-nCoV	14496	T	+C	65	42	25	1	0	20	0.0153846	65	0.507692	FALSE	NA	NA	NA	NA	NA	NA
2019-nCoV	14500	G	+T	56	37	25	1	0	20	0.0178571	56	0.508929	FALSE	NA	NA	NA	NA	NA	NA
2019-nCoV	14502	A	+G	62	41	24	1	0	20	0.016129	62	0.508065	FALSE	NA	NA	NA	NA	NA	NA
2019-nCoV	14507	A	G	45	39	25	1	0	23	0.0217391	46	0.505495	FALSE	NA	NA	NA	NA	NA	NA
2019-nCoV	14514	T	+G	57	39	24	1	0	20	0.0175439	57	0.508772	FALSE	NA	NA	NA	NA	NA	NA
2019-nCoV	14516	T	+A	127	72	25	8	0	20	0.0629921	127	0.0230352	FALSE	NA	NA	NA	NA	NA	NA
2019-nCoV	14520	C	+T	134	78	24	1	0	20	0.00746269	134	0.754654	FALSE	NA	NA	NA	NA	NA	NA
2019-nCoV	14521	T	C	119	61	23	1	1	29	0.00826446	121	0.751046	FALSE	NA	NA	NA	NA	NA	NA
2019-nCoV	14521	T	A	119	61	23	1	0	20	0.00826446	121	0.751046	FALSE	NA	NA	NA	NA	NA	NA
2019-nCoV	14524	C	-A	126	74	25	1	0	20	0.00793651	126	0.754948	FALSE	NA	NA	NA	NA	NA	NA
2019-nCoV	14525	A	G	130	78	24	1	0	24	0.00763359	131	0.750958	FALSE	NA	NA	NA	NA	NA	NA
2019-nCoV	14526	T	G	132	78	25	1	1	27	0.0075188	133	0.75283	FALSE	NA	NA	NA	NA	NA	NA
2019-nCoV	14526	T	+C	132	78	25	1	0	20	0.0075188	133	0.75283	FALSE	NA	NA	NA	NA	NA	NA
2019-nCoV	14528	G	+A	136	82	25	1	0	20	0.00735294	136	0.754585	FALSE	NA	NA	NA	NA	NA	NA
2019-nCoV	14529	C	+T	140	81	25	1	0	20	0.00714286	140	0.754455	FALSE	NA	NA	NA	NA	NA	NA
2019-nCoV	14530	T	C	143	83	25	1	1	23	0.00694444	144	0.752613	FALSE	NA	NA	NA	NA	NA	NA
2019-nCoV	14530	T	+C	143	83	25	1	0	20	0.00694444	144	0.752613	FALSE	NA	NA	NA	NA	NA	NA
2019-nCoV	14533	A	+C	142	80	25	1	0	20	0.00704225	142	0.754392	FALSE	NA	NA	NA	NA	NA	NA
2019-nCoV	14535	A	G	140	82	24	1	1	28	0.0070922	141	0.752669	FALSE	NA	NA	NA	NA	NA	NA
2019-nCoV	14536	C	+T	130	77	24	4	0	20	0.0307692	130	0.197212	FALSE	NA	NA	NA	NA	NA	NA
2019-nCoV	14540	G	-T	130	79	23	6	0	20	0.0461538	130	0.0689849	FALSE	NA	NA	NA	NA	NA	NA
2019-nCoV	14540	G	+T	130	79	23	3	0	20	0.0230769	130	0.322637	FALSE	NA	NA	NA	NA	NA	NA
2019-nCoV	14544	T	+C	84	81	23	1	0	20	0.0119048	84	0.505952	FALSE	NA	NA	NA	NA	NA	NA
2019-nCoV	14547	G	A	94	39	23	1	1	28	0.0105263	95	0.502646	FALSE	NA	NA	NA	NA	NA	NA
2019-nCoV	14553	A	G	76	37	24	1	1	28	0.012987	77	0.503268	FALSE	NA	NA	NA	NA	NA	NA
2019-nCoV	14554	C	+T	76	37	24	1	0	20	0.0131579	76	0.506579	FALSE	NA	NA	NA	NA	NA	NA
2019-nCoV	14563	G	-C	78	37	25	1	0	20	0.0128205	78	0.50641	FALSE	NA	NA	NA	NA	NA	NA
2019-nCoV	14566	G	+C	75	39	25	1	0	20	0.0133333	75	0.506667	FALSE	NA	NA	NA	NA	NA	NA
2019-nCoV	14569	G	-A	74	39	24	1	0	20	0.0135135	74	0.506757	FALSE	NA	NA	NA	NA	NA	NA
2019-nCoV	14570	A	-C	74	41	23	1	0	20	0.0133333	75	0.503356	FALSE	NA	NA	NA	NA	NA	NA
2019-nCoV	14570	A	+C	74	41	23	2	0	20	0.0266667	75	0.255034	FALSE	NA	NA	NA	NA	NA	NA
2019-nCoV	14573	C	T	51	39	24	1	1	24	0.0192308	52	0.504854	FALSE	NA	NA	NA	NA	NA	NA
2019-nCoV	14574	T	C	73	37	24	1	1	28	0.0135135	74	0.503401	FALSE	NA	NA	NA	NA	NA	NA
2019-nCoV	14582	A	G	71	38	25	1	1	27	0.0138889	72	0.503497	FALSE	NA	NA	NA	NA	NA	NA
2019-nCoV	14588	C	+T	77	40	24	1	0	20	0.012987	77	0.506494	FALSE	NA	NA	NA	NA	NA	NA
2019-nCoV	14590	T	C	62	40	23	1	0	28	0.015873	63	0.504	FALSE	NA	NA	NA	NA	NA	NA
2019-nCoV	14592	T	-G	67	37	24	2	0	20	0.0298507	67	0.25937	FALSE	NA	NA	NA	NA	NA	NA
2019-nCoV	14594	G	A	56	40	24	1	1	27	0.0175439	57	0.504425	FALSE	NA	NA	NA	NA	NA	NA
2019-nCoV	14595	T	-A	65	37	24	1	0	20	0.0153846	65	0.507692	FALSE	NA	NA	NA	NA	NA	NA
2019-nCoV	14604	A	-C	77	40	25	1	0	20	0.012987	77	0.506494	FALSE	NA	NA	NA	NA	NA	NA
2019-nCoV	14607	A	G	76	38	25	2	1	25	0.025641	78	0.251613	FALSE	NA	NA	NA	NA	NA	NA
2019-nCoV	14609	A	G	80	41	25	1	1	27	0.0123457	81	0.503106	FALSE	NA	NA	NA	NA	NA	NA
2019-nCoV	14609	A	+G	80	41	25	1	0	20	0.0123457	81	0.503106	FALSE	NA	NA	NA	NA	NA	NA
2019-nCoV	14610	T	+A	78	41	25	2	0	20	0.025641	78	0.258043	FALSE	NA	NA	NA	NA	NA	NA
2019-nCoV	14613	A	G	52	39	24	1	0	23	0.0188679	53	0.504762	FALSE	NA	NA	NA	NA	NA	NA
2019-nCoV	14614	C	+T	77	39	24	1	0	20	0.012987	77	0.506494	FALSE	NA	NA	NA	NA	NA	NA
2019-nCoV	14615	G	A	78	39	24	1	0	27	0.0126582	79	0.503185	FALSE	NA	NA	NA	NA	NA	NA
2019-nCoV	14624	G	-C	76	35	24	1	0	20	0.0131579	76	0.506579	FALSE	NA	NA	NA	NA	NA	NA
2019-nCoV	14625	C	-T	71	32	23	7	0	20	0.0985915	71	0.00988691	TRUE	NA	NA	NA	NA	NA	NA
2019-nCoV	14625	C	+T	71	32	23	2	0	20	0.028169	71	0.25884	FALSE	NA	NA	NA	NA	NA	NA
2019-nCoV	14628	T	C	73	36	24	1	1	24	0.0135135	74	0.503401	FALSE	NA	NA	NA	NA	NA	NA
2019-nCoV	14629	T	C	42	37	23	1	0	26	0.0232558	43	0.505882	FALSE	NA	NA	NA	NA	NA	NA
2019-nCoV	14631	A	G	77	38	25	1	1	24	0.0128205	78	0.503226	FALSE	NA	NA	NA	NA	NA	NA
2019-nCoV	14633	T	C	78	39	25	1	1	22	0.0126582	79	0.503185	FALSE	NA	NA	NA	NA	NA	NA
2019-nCoV	14637	T	C	76	40	24	1	1	27	0.012987	77	0.503268	FALSE	NA	NA	NA	NA	NA	NA
2019-nCoV	14641	C	+T	74	39	24	1	0	20	0.0135135	74	0.506757	FALSE	NA	NA	NA	NA	NA	NA
2019-nCoV	14641	C	+A	74	39	24	1	0	20	0.0135135	74	0.506757	FALSE	NA	NA	NA	NA	NA	NA
2019-nCoV	14649	C	+A	73	38	25	1	0	20	0.0136986	73	0.506849	FALSE	NA	NA	NA	NA	NA	NA
2019-nCoV	14652	T	+C	126	40	24	1	0	20	0.00793651	126	0.754948	FALSE	NA	NA	NA	NA	NA	NA
2019-nCoV	14653	G	+C	120	34	24	1	0	20	0.00833333	120	0.755195	FALSE	NA	NA	NA	NA	NA	NA
2019-nCoV	14654	T	G	107	16	24	1	1	22	0.00925926	108	0.753488	FALSE	NA	NA	NA	NA	NA	NA
2019-nCoV	14656	G	T	125	34	24	1	0	22	0.00793651	126	0.752988	FALSE	NA	NA	NA	NA	NA	NA
2019-nCoV	14656	G	+C	125	34	24	1	0	20	0.00793651	126	0.752988	FALSE	NA	NA	NA	NA	NA	NA
2019-nCoV	14657	C	-T	133	39	23	11	0	20	0.0827068	133	0.0041794	TRUE	NA	NA	NA	NA	NA	NA
2019-nCoV	14657	C	+G	133	39	23	1	0	20	0.0075188	133	0.754689	FALSE	NA	NA	NA	NA	NA	NA
2019-nCoV	14659	T	C	137	41	24	2	1	20	0.0143885	139	0.502717	FALSE	NA	NA	NA	NA	NA	NA
2019-nCoV	14662	C	+A	131	38	24	3	0	20	0.0229008	131	0.32256	FALSE	NA	NA	NA	NA	NA	NA
2019-nCoV	14667	T	C	134	45	25	1	0	23	0.00740741	135	0.752788	FALSE	NA	NA	NA	NA	NA	NA
2019-nCoV	14668	G	A	133	43	25	1	0	25	0.00746269	134	0.752809	FALSE	NA	NA	NA	NA	NA	NA
2019-nCoV	14670	C	-A	136	42	24	2	0	20	0.0147059	136	0.508272	FALSE	NA	NA	NA	NA	NA	NA
2019-nCoV	14670	C	+A	136	42	24	1	0	20	0.00735294	136	0.754585	FALSE	NA	NA	NA	NA	NA	NA
2019-nCoV	14671	A	C	112	20	24	1	0	22	0.00884956	113	0.748899	FALSE	NA	NA	NA	NA	NA	NA
2019-nCoV	14673	A	-C	79	45	23	1	0	20	0.0126582	79	0.506329	FALSE	NA	NA	NA	NA	NA	NA
2019-nCoV	14673	A	+C	79	45	23	6	0	20	0.0759494	79	0.0184273	FALSE	NA	NA	NA	NA	NA	NA
2019-nCoV	14678	G	A	106	44	23	1	0	26	0.00934579	107	0.753521	FALSE	NA	NA	NA	NA	NA	NA
2019-nCoV	14679	T	C	131	39	24	1	0	28	0.00757576	132	0.752852	FALSE	NA	NA	NA	NA	NA	NA
2019-nCoV	14681	A	-T	88	44	23	2	0	20	0.0227273	88	0.257126	FALSE	NA	NA	NA	NA	NA	NA
2019-nCoV	14685	T	C	62	50	24	1	0	27	0.015873	63	0.504	FALSE	NA	NA	NA	NA	NA	NA
2019-nCoV	14687	A	G	115	54	23	1	0	25	0.00862069	116	0.753247	FALSE	NA	NA	NA	NA	NA	NA
2019-nCoV	14688	C	T	139	48	24	4	3	24	0.027972	143	0.187488	FALSE	NA	NA	NA	NA	NA	NA
2019-nCoV	14688	C	+A	139	48	24	5	0	20	0.034965	143	0.110189	FALSE	NA	NA	NA	NA	NA	NA
2019-nCoV	14693	A	G	143	53	25	1	0	21	0.00694444	144	0.752613	FALSE	NA	NA	NA	NA	NA	NA
2019-nCoV	14693	A	+T	143	53	25	1	0	20	0.00694444	144	0.752613	FALSE	NA	NA	NA	NA	NA	NA
2019-nCoV	14694	C	+T	139	49	24	4	0	20	0.028777	139	0.196577	FALSE	NA	NA	NA	NA	NA	NA
2019-nCoV	14696	T	+C	117	50	23	1	0	20	0.00854701	117	0.755328	FALSE	NA	NA	NA	NA	NA	NA
2019-nCoV	14700	T	+G	132	52	24	1	0	20	0.00757576	132	0.754724	FALSE	NA	NA	NA	NA	NA	NA
2019-nCoV	14703	C	-TT	102	41	23	13	0	20	0.127451	102	0.00147388	TRUE	NA	NA	NA	NA	NA	NA
2019-nCoV	14703	C	-T	102	41	23	19	0	20	0.186275	102	5.10529e-5	TRUE	NA	NA	NA	NA	NA	NA
2019-nCoV	14703	C	+T	102	41	23	2	0	20	0.0196078	102	0.511029	FALSE	NA	NA	NA	NA	NA	NA
2019-nCoV	14706	T	G	73	49	24	1	0	22	0.0135135	74	0.503401	FALSE	NA	NA	NA	NA	NA	NA
2019-nCoV	14706	T	+G	73	49	24	2	0	20	0.027027	74	0.255102	FALSE	NA	NA	NA	NA	NA	NA
2019-nCoV	14709	T	C	110	46	24	2	0	22	0.0178571	112	0.503378	FALSE	NA	NA	NA	NA	NA	NA
2019-nCoV	14711	T	C	112	40	24	2	0	27	0.0175439	114	0.503319	FALSE	NA	NA	NA	NA	NA	NA
2019-nCoV	14713	T	C	131	51	24	1	0	27	0.00757576	132	0.752852	FALSE	NA	NA	NA	NA	NA	NA
2019-nCoV	14715	T	-A	115	46	23	3	0	20	0.026087	115	0.323965	FALSE	NA	NA	NA	NA	NA	NA
2019-nCoV	14715	T	+G	115	46	23	1	0	20	0.00869565	115	0.755421	FALSE	NA	NA	NA	NA	NA	NA
2019-nCoV	14717	A	-G	79	49	22	1	0	20	0.0126582	79	0.506329	FALSE	NA	NA	NA	NA	NA	NA
2019-nCoV	14717	A	+G	79	49	22	6	0	20	0.0759494	79	0.0184273	FALSE	NA	NA	NA	NA	NA	NA
2019-nCoV	14720	G	-T	57	46	23	1	0	20	0.0175439	57	0.508772	FALSE	NA	NA	NA	NA	NA	NA
2019-nCoV	14720	G	+T	57	46	23	1	0	20	0.0175439	57	0.508772	FALSE	NA	NA	NA	NA	NA	NA
2019-nCoV	14720	G	+GT	57	46	23	2	0	20	0.0350877	57	0.261022	FALSE	NA	NA	NA	NA	NA	NA
2019-nCoV	14721	T	C	86	13	22	1	0	29	0.0114943	87	0.5	FALSE	NA	NA	NA	NA	NA	NA
2019-nCoV	14724	C	-T	117	50	23	4	0	20	0.034188	117	0.198303	FALSE	NA	NA	NA	NA	NA	NA
2019-nCoV	14724	C	+T	117	50	23	4	0	20	0.034188	117	0.198303	FALSE	NA	NA	NA	NA	NA	NA
2019-nCoV	14727	T	A	64	53	23	1	0	20	0.0153846	65	0.503876	FALSE	NA	NA	NA	NA	NA	NA
2019-nCoV	14733	A	G	28	10	21	1	0	22	0.0344828	29	0.508772	FALSE	NA	NA	NA	NA	NA	NA
2019-nCoV	14738	G	+T	36	11	22	6	0	20	0.166667	36	0.0221254	FALSE	NA	NA	NA	NA	NA	NA
2019-nCoV	14740	T	+TC	24	15	21	1	0	20	0.0416667	24	0.520833	FALSE	NA	NA	NA	NA	NA	NA
2019-nCoV	14741	C	G	40	16	22	1	0	20	0.0243902	41	0.506173	FALSE	NA	NA	NA	NA	NA	NA
2019-nCoV	14748	A	+T	34	17	21	3	0	20	0.0882353	34	0.141944	FALSE	NA	NA	NA	NA	NA	NA
2019-nCoV	14750	T	-A	32	16	21	3	0	20	0.09375	32	0.143029	FALSE	NA	NA	NA	NA	NA	NA
2019-nCoV	14751	A	T	34	0	24	1	1	20	0.0285714	35	0.507246	FALSE	NA	NA	NA	NA	NA	NA
2019-nCoV	14758	T	C	48	10	23	1	1	25	0.0204082	49	0.505155	FALSE	NA	NA	NA	NA	NA	NA
2019-nCoV	14762	T	+TC	50	28	23	1	0	20	0.02	50	0.51	FALSE	NA	NA	NA	NA	NA	NA
2019-nCoV	14763	C	+T	49	17	23	2	0	20	0.0408163	49	0.262832	FALSE	NA	NA	NA	NA	NA	NA
2019-nCoV	14765	T	C	57	24	25	1	0	27	0.0172414	58	0.504348	FALSE	NA	NA	NA	NA	NA	NA
2019-nCoV	14774	A	+T	69	32	24	1	0	20	0.0144928	69	0.507246	FALSE	NA	NA	NA	NA	NA	NA
2019-nCoV	14774	A	+C	69	32	24	1	0	20	0.0144928	69	0.507246	FALSE	NA	NA	NA	NA	NA	NA
2019-nCoV	14775	T	+G	63	26	24	1	0	20	0.015873	63	0.507937	FALSE	NA	NA	NA	NA	NA	NA
2019-nCoV	14777	G	-T	53	22	22	1	0	20	0.0188679	53	0.509434	FALSE	NA	NA	NA	NA	NA	NA
2019-nCoV	14778	T	G	77	22	24	1	1	23	0.0126582	79	0.496815	FALSE	NA	NA	NA	NA	NA	NA
2019-nCoV	14778	T	C	77	22	24	1	1	24	0.0126582	79	0.496815	FALSE	NA	NA	NA	NA	NA	NA
2019-nCoV	14779	A	G	72	16	24	1	1	25	0.0136986	73	0.503448	FALSE	NA	NA	NA	NA	NA	NA
2019-nCoV	14782	G	-C	83	29	24	1	0	20	0.0120482	83	0.506024	FALSE	NA	NA	NA	NA	NA	NA
2019-nCoV	14785	G	T	89	34	24	1	0	22	0.0111111	90	0.502793	FALSE	NA	NA	NA	NA	NA	NA
2019-nCoV	14785	G	+T	89	34	24	1	0	20	0.0111111	90	0.502793	FALSE	NA	NA	NA	NA	NA	NA
2019-nCoV	14788	A	+T	85	30	24	1	0	20	0.0117647	85	0.505882	FALSE	NA	NA	NA	NA	NA	NA
2019-nCoV	14792	G	+A	70	22	24	1	0	20	0.0142857	70	0.507143	FALSE	NA	NA	NA	NA	NA	NA
2019-nCoV	14793	C	T	73	27	24	1	1	26	0.0135135	74	0.503401	FALSE	NA	NA	NA	NA	NA	NA
2019-nCoV	14795	A	+T	80	29	23	2	0	20	0.025	80	0.257842	FALSE	NA	NA	NA	NA	NA	NA
2019-nCoV	14801	A	G	75	23	23	1	1	25	0.0131579	76	0.503311	FALSE	NA	NA	NA	NA	NA	NA
2019-nCoV	14802	C	+T	85	33	23	1	0	20	0.0117647	85	0.505882	FALSE	NA	NA	NA	NA	NA	NA
2019-nCoV	14803	T	+A	89	34	24	1	0	20	0.011236	89	0.505618	FALSE	NA	NA	NA	NA	NA	NA
2019-nCoV	14810	G	+T	92	41	24	4	0	20	0.0434783	92	0.0673382	FALSE	NA	NA	NA	NA	NA	NA
2019-nCoV	14816	A	-T	78	47	23	1	0	20	0.0128205	78	0.50641	FALSE	NA	NA	NA	NA	NA	NA
2019-nCoV	14816	A	+T	78	47	23	1	0	20	0.0128205	78	0.50641	FALSE	NA	NA	NA	NA	NA	NA
2019-nCoV	14819	T	+C	86	44	23	1	0	20	0.0116279	86	0.505814	FALSE	NA	NA	NA	NA	NA	NA
2019-nCoV	14822	C	-A	54	39	23	34	0	20	0.62963	54	5.19195e-9	TRUE	NA	NA	NA	NA	NA	NA
2019-nCoV	14824	A	C	48	36	22	1	1	20	0.0204082	49	0.505155	FALSE	NA	NA	NA	NA	NA	NA
2019-nCoV	14825	C	-A	54	31	23	4	0	20	0.0740741	54	0.0708415	FALSE	NA	NA	NA	NA	NA	NA
2019-nCoV	14828	T	C	64	41	23	1	1	24	0.0151515	66	0.5	FALSE	NA	NA	NA	NA	NA	NA
2019-nCoV	14828	T	A	64	41	23	1	1	27	0.0151515	66	0.5	FALSE	NA	NA	NA	NA	NA	NA
2019-nCoV	14829	G	+T	76	39	23	1	0	20	0.0131579	76	0.506579	FALSE	NA	NA	NA	NA	NA	NA
2019-nCoV	14836	A	+T	100	49	24	1	0	20	0.01	100	0.753731	FALSE	NA	NA	NA	NA	NA	NA
2019-nCoV	14838	C	+G	93	47	23	1	0	20	0.0107527	93	0.505376	FALSE	NA	NA	NA	NA	NA	NA
2019-nCoV	14838	C	+A	93	47	23	2	0	20	0.0215054	93	0.256742	FALSE	NA	NA	NA	NA	NA	NA
2019-nCoV	14840	G	+A	87	46	23	1	0	20	0.0114943	87	0.505747	FALSE	NA	NA	NA	NA	NA	NA
2019-nCoV	14841	A	G	91	49	24	1	0	23	0.0108696	92	0.502732	FALSE	NA	NA	NA	NA	NA	NA
2019-nCoV	14844	A	-C	71	51	24	1	0	20	0.0140845	71	0.507042	FALSE	NA	NA	NA	NA	NA	NA
2019-nCoV	14847	A	-C	88	45	23	1	0	20	0.0113636	88	0.505682	FALSE	NA	NA	NA	NA	NA	NA
2019-nCoV	14848	C	T	80	41	23	1	1	21	0.0123457	81	0.5	FALSE	NA	NA	NA	NA	NA	NA
2019-nCoV	14850	A	-T	61	30	22	12	0	20	0.196721	61	4.79295e-4	TRUE	NA	NA	NA	NA	NA	NA
2019-nCoV	14850	A	+T	61	30	22	4	0	20	0.0655738	61	0.0698601	FALSE	NA	NA	NA	NA	NA	NA
2019-nCoV	14854	G	+T	64	35	22	1	0	20	0.015625	64	0.507813	FALSE	NA	NA	NA	NA	NA	NA
2019-nCoV	14855	T	+G	71	34	23	1	0	20	0.0140845	71	0.507042	FALSE	NA	NA	NA	NA	NA	NA
2019-nCoV	14863	G	+T	91	43	23	2	0	20	0.021978	91	0.256891	FALSE	NA	NA	NA	NA	NA	NA
2019-nCoV	14864	T	C	70	22	23	1	0	27	0.0140845	71	0.503546	FALSE	NA	NA	NA	NA	NA	NA
2019-nCoV	14866	G	+T	88	41	23	1	0	20	0.0113636	88	0.505682	FALSE	NA	NA	NA	NA	NA	NA
2019-nCoV	14871	T	-A	86	50	24	1	0	20	0.0116279	86	0.505814	FALSE	NA	NA	NA	NA	NA	NA
2019-nCoV	14876	A	-C	20	1	24	1	0	20	0.05	20	0.525	FALSE	NA	NA	NA	NA	NA	NA
2019-nCoV	14877	C	+T	17	1	23	1	0	20	0.0555556	18	0.514286	FALSE	NA	NA	NA	NA	NA	NA
2019-nCoV	14890	G	A	18	1	24	1	0	28	0.0526316	19	0.513514	FALSE	NA	NA	NA	NA	NA	NA
2019-nCoV	14918	T	C	60	4	24	1	0	20	0.0163934	61	0.504132	FALSE	NA	NA	NA	NA	NA	NA
2019-nCoV	14922	C	-G	65	8	24	2	0	20	0.0307692	65	0.259659	FALSE	NA	NA	NA	NA	NA	NA
2019-nCoV	14923	G	A	64	7	24	1	0	20	0.0153846	65	0.496183	FALSE	NA	NA	NA	NA	NA	NA
2019-nCoV	14923	G	+T	64	7	24	1	0	20	0.0149254	67	0.496183	FALSE	NA	NA	NA	NA	NA	NA
2019-nCoV	14924	T	C	64	7	25	1	0	27	0.0153846	65	0.503876	FALSE	NA	NA	NA	NA	NA	NA
2019-nCoV	14928	C	+T	60	7	24	1	0	20	0.0166667	60	0.508333	FALSE	NA	NA	NA	NA	NA	NA
2019-nCoV	14933	T	+A	63	12	24	1	0	20	0.015873	63	0.507937	FALSE	NA	NA	NA	NA	NA	NA
2019-nCoV	14935	G	+A	69	12	25	3	0	20	0.0434783	69	0.13325	FALSE	NA	NA	NA	NA	NA	NA
2019-nCoV	14937	C	-A	64	8	24	1	0	20	0.015625	64	0.507813	FALSE	NA	NA	NA	NA	NA	NA
2019-nCoV	14938	A	G	60	2	25	3	3	24	0.047619	63	0.122	FALSE	NA	NA	NA	NA	NA	NA
2019-nCoV	14943	A	+G	78	20	24	1	0	20	0.0128205	78	0.50641	FALSE	NA	NA	NA	NA	NA	NA
2019-nCoV	14945	C	+T	73	19	23	1	0	20	0.0136986	73	0.506849	FALSE	NA	NA	NA	NA	NA	NA
2019-nCoV	14946	T	-G	69	16	23	5	0	20	0.0724638	69	0.0359513	FALSE	NA	NA	NA	NA	NA	NA
2019-nCoV	14947	G	-GT	67	10	24	6	0	20	0.0833333	72	0.0152764	FALSE	NA	NA	NA	NA	NA	NA
2019-nCoV	14948	G	-T	37	15	21	6	0	20	0.157895	38	0.0202877	FALSE	NA	NA	NA	NA	NA	NA
2019-nCoV	14950	T	C	69	17	24	1	0	21	0.0142857	70	0.503597	FALSE	NA	NA	NA	NA	NA	NA
2019-nCoV	14957	T	C	100	43	24	1	1	28	0.00990099	101	0.753731	FALSE	NA	NA	NA	NA	NA	NA
2019-nCoV	14958	T	+C	52	44	23	1	0	20	0.0192308	52	0.509615	FALSE	NA	NA	NA	NA	NA	NA
2019-nCoV	14959	A	G	78	22	22	1	0	23	0.0126582	79	0.503185	FALSE	NA	NA	NA	NA	NA	NA
2019-nCoV	14961	T	-A	93	37	24	2	0	20	0.0215054	93	0.256742	FALSE	NA	NA	NA	NA	NA	NA
2019-nCoV	14961	T	+A	93	37	24	1	0	20	0.0107527	93	0.505376	FALSE	NA	NA	NA	NA	NA	NA
2019-nCoV	14965	T	-G	87	36	23	8	0	20	0.091954	87	0.00497716	TRUE	NA	NA	NA	NA	NA	NA
2019-nCoV	14965	T	+G	87	36	23	2	0	20	0.0229885	87	0.257209	FALSE	NA	NA	NA	NA	NA	NA
2019-nCoV	14970	T	-A	104	49	23	1	0	20	0.00961538	104	0.755992	FALSE	NA	NA	NA	NA	NA	NA
2019-nCoV	14971	A	G	90	36	23	1	0	26	0.010989	91	0.5	FALSE	NA	NA	NA	NA	NA	NA
2019-nCoV	14976	T	C	115	62	24	2	1	25	0.017094	117	0.503233	FALSE	NA	NA	NA	NA	NA	NA
2019-nCoV	14976	T	+G	115	62	24	1	0	20	0.00854701	117	0.751082	FALSE	NA	NA	NA	NA	NA	NA
2019-nCoV	14978	G	+T	120	64	24	1	0	20	0.00833333	120	0.755195	FALSE	NA	NA	NA	NA	NA	NA
2019-nCoV	14979	A	G	118	61	24	1	1	27	0.00840336	119	0.753165	FALSE	NA	NA	NA	NA	NA	NA
2019-nCoV	14980	C	-T	117	64	24	6	0	20	0.0512821	117	0.0697271	FALSE	NA	NA	NA	NA	NA	NA
2019-nCoV	14980	C	+T	117	64	24	3	0	20	0.025641	117	0.323769	FALSE	NA	NA	NA	NA	NA	NA
2019-nCoV	14981	T	C	76	27	23	2	1	25	0.025641	78	0.236085	FALSE	NA	NA	NA	NA	NA	NA
2019-nCoV	14984	A	+T	116	65	24	2	0	20	0.0172414	116	0.509698	FALSE	NA	NA	NA	NA	NA	NA
2019-nCoV	14986	T	+TC	100	68	24	1	0	20	0.01	100	0.753731	FALSE	NA	NA	NA	NA	NA	NA
2019-nCoV	14988	T	C	114	62	25	2	2	28	0.0172414	116	0.503261	FALSE	NA	NA	NA	NA	NA	NA
2019-nCoV	14988	T	+G	114	62	25	1	0	20	0.00862069	116	0.751092	FALSE	NA	NA	NA	NA	NA	NA
2019-nCoV	14988	T	+C	114	62	25	1	0	20	0.00862069	116	0.751092	FALSE	NA	NA	NA	NA	NA	NA
2019-nCoV	14991	T	C	90	35	23	1	0	25	0.010989	91	0.502762	FALSE	NA	NA	NA	NA	NA	NA
2019-nCoV	14993	C	-A	106	53	24	1	0	20	0.00943396	106	0.755879	FALSE	NA	NA	NA	NA	NA	NA
2019-nCoV	14993	C	+A	106	53	24	1	0	20	0.00943396	106	0.755879	FALSE	NA	NA	NA	NA	NA	NA
2019-nCoV	14996	T	C	112	62	25	1	1	27	0.00884956	113	0.753333	FALSE	NA	NA	NA	NA	NA	NA
2019-nCoV	15001	T	+G	109	68	24	1	0	20	0.00917431	109	0.755718	FALSE	NA	NA	NA	NA	NA	NA
2019-nCoV	15002	A	+T	118	63	25	1	0	20	0.00847458	118	0.755283	FALSE	NA	NA	NA	NA	NA	NA
2019-nCoV	15003	T	A	121	66	25	1	1	24	0.00819672	122	0.753086	FALSE	NA	NA	NA	NA	NA	NA
2019-nCoV	15004	G	A	121	66	25	1	1	20	0.00819672	122	0.753086	FALSE	NA	NA	NA	NA	NA	NA
2019-nCoV	15004	G	+A	121	66	25	1	0	20	0.00819672	122	0.753086	FALSE	NA	NA	NA	NA	NA	NA
2019-nCoV	15007	G	+A	81	50	24	1	0	20	0.0123457	81	0.506173	FALSE	NA	NA	NA	NA	NA	NA
2019-nCoV	15008	A	G	86	48	25	1	1	24	0.0114943	87	0.50289	FALSE	NA	NA	NA	NA	NA	NA
2019-nCoV	15009	T	A	85	48	25	1	1	25	0.0116279	86	0.502924	FALSE	NA	NA	NA	NA	NA	NA
2019-nCoV	15018	A	G	81	42	25	2	2	20	0.0240964	83	0.251515	FALSE	NA	NA	NA	NA	NA	NA
2019-nCoV	15019	C	-T	85	47	24	7	0	20	0.0823529	85	0.00952451	TRUE	NA	NA	NA	NA	NA	NA
2019-nCoV	15019	C	+T	85	47	24	1	0	20	0.0117647	85	0.505882	FALSE	NA	NA	NA	NA	NA	NA
2019-nCoV	15026	C	-AT	88	48	24	7	0	20	0.0795455	88	0.00946269	TRUE	NA	NA	NA	NA	NA	NA
2019-nCoV	15028	T	C	78	41	24	1	1	24	0.0126582	79	0.481707	FALSE	NA	NA	NA	NA	NA	NA
2019-nCoV	15028	T	+A	78	41	24	1	0	20	0.0116279	86	0.481707	FALSE	NA	NA	NA	NA	NA	NA
2019-nCoV	15030	T	C	86	52	24	3	0	21	0.0337079	89	0.124988	FALSE	NA	NA	NA	NA	NA	NA
2019-nCoV	15031	A	-CAA	89	51	24	3	0	20	0.0337079	89	0.131379	FALSE	NA	NA	NA	NA	NA	NA
2019-nCoV	15032	C	-A	82	49	23	7	0	20	0.0823529	85	0.0084671	TRUE	NA	NA	NA	NA	NA	NA
2019-nCoV	15032	C	+A	82	49	23	3	0	20	0.0352941	85	0.124987	FALSE	NA	NA	NA	NA	NA	NA
2019-nCoV	15036	A	G	51	48	24	1	1	23	0.0192308	52	0.504854	FALSE	NA	NA	NA	NA	NA	NA
2019-nCoV	15038	G	-T	80	47	24	1	0	20	0.0125	80	0.50625	FALSE	NA	NA	NA	NA	NA	NA
2019-nCoV	15039	T	+A	74	45	24	1	0	20	0.0135135	74	0.506757	FALSE	NA	NA	NA	NA	NA	NA
2019-nCoV	15044	T	C	85	47	24	1	0	24	0.0116279	86	0.502924	FALSE	NA	NA	NA	NA	NA	NA
2019-nCoV	15044	T	+TC	85	47	24	1	0	20	0.0116279	86	0.502924	FALSE	NA	NA	NA	NA	NA	NA
2019-nCoV	15045	C	A	79	44	24	1	0	21	0.0125	80	0.503145	FALSE	NA	NA	NA	NA	NA	NA
2019-nCoV	15047	T	-C	80	50	24	3	0	20	0.0375	80	0.132104	FALSE	NA	NA	NA	NA	NA	NA
2019-nCoV	15047	T	+C	80	50	24	2	0	20	0.025	80	0.257842	FALSE	NA	NA	NA	NA	NA	NA
2019-nCoV	15051	T	C	186	103	24	2	1	24	0.0106383	188	0.502005	FALSE	NA	NA	NA	NA	NA	NA
2019-nCoV	15052	A	G	187	108	25	2	1	24	0.010582	189	0.501995	FALSE	NA	NA	NA	NA	NA	NA
2019-nCoV	15053	C	G	186	108	25	1	0	20	0.00534759	187	0.752011	FALSE	NA	NA	NA	NA	NA	NA
2019-nCoV	15055	A	+G	186	108	24	1	0	20	0.00537634	186	0.753355	FALSE	NA	NA	NA	NA	NA	NA
2019-nCoV	15056	T	C	182	104	24	1	1	25	0.00546448	183	0.752055	FALSE	NA	NA	NA	NA	NA	NA
2019-nCoV	15056	T	-A	182	104	24	1	0	20	0.00546448	183	0.752055	FALSE	NA	NA	NA	NA	NA	NA
2019-nCoV	15056	T	+A	182	104	24	3	0	20	0.0163934	183	0.317644	FALSE	NA	NA	NA	NA	NA	NA
2019-nCoV	15057	A	+CT	147	63	23	1	0	20	0.00675676	148	0.752542	FALSE	NA	NA	NA	NA	NA	NA
2019-nCoV	15059	C	A	180	101	24	1	0	22	0.00552486	181	0.752078	FALSE	NA	NA	NA	NA	NA	NA
2019-nCoV	15060	T	-CA	181	104	24	1	0	20	0.00552486	181	0.753447	FALSE	NA	NA	NA	NA	NA	NA
2019-nCoV	15061	C	-A	163	90	24	15	0	20	0.0920245	163	3.84578e-4	TRUE	NA	NA	NA	NA	NA	NA
2019-nCoV	15061	C	+A	163	90	24	3	0	20	0.0184049	163	0.320578	FALSE	NA	NA	NA	NA	NA	NA
2019-nCoV	15064	A	-T	118	98	23	1	0	20	0.00847458	118	0.755283	FALSE	NA	NA	NA	NA	NA	NA
2019-nCoV	15066	G	-A	156	91	24	4	0	20	0.025641	156	0.19558	FALSE	NA	NA	NA	NA	NA	NA
2019-nCoV	15066	G	+A	156	91	24	2	0	20	0.0128205	156	0.507211	FALSE	NA	NA	NA	NA	NA	NA
2019-nCoV	15068	A	+C	130	91	23	1	0	20	0.00769231	130	0.754797	FALSE	NA	NA	NA	NA	NA	NA
2019-nCoV	15070	C	T	169	95	24	1	1	22	0.00588235	170	0.752212	FALSE	NA	NA	NA	NA	NA	NA
2019-nCoV	15070	C	+T	169	95	24	5	0	20	0.0294118	170	0.114257	FALSE	NA	NA	NA	NA	NA	NA
2019-nCoV	15070	C	+G	169	95	24	1	0	20	0.00588235	170	0.752212	FALSE	NA	NA	NA	NA	NA	NA
2019-nCoV	15070	C	+CT	169	95	24	1	0	20	0.00588235	170	0.752212	FALSE	NA	NA	NA	NA	NA	NA
2019-nCoV	15072	T	+G	135	100	24	1	0	20	0.00740741	135	0.754619	FALSE	NA	NA	NA	NA	NA	NA
2019-nCoV	15072	T	+A	135	100	24	1	0	20	0.00740741	135	0.754619	FALSE	NA	NA	NA	NA	NA	NA
2019-nCoV	15075	G	-T	170	102	24	1	0	20	0.00588235	170	0.75367	FALSE	NA	NA	NA	NA	NA	NA
2019-nCoV	15075	G	+GT	170	102	24	1	0	20	0.00588235	170	0.75367	FALSE	NA	NA	NA	NA	NA	NA
2019-nCoV	15076	T	G	161	98	25	1	1	20	0.00613497	163	0.749231	FALSE	NA	NA	NA	NA	NA	NA
2019-nCoV	15076	T	C	161	98	25	1	0	25	0.00613497	163	0.749231	FALSE	NA	NA	NA	NA	NA	NA
2019-nCoV	15079	G	A	164	100	24	1	1	25	0.00606061	165	0.75228	FALSE	NA	NA	NA	NA	NA	NA
2019-nCoV	15079	G	+A	164	100	24	1	0	20	0.00606061	165	0.75228	FALSE	NA	NA	NA	NA	NA	NA
2019-nCoV	15080	C	T	142	80	23	1	1	26	0.00699301	143	0.750877	FALSE	NA	NA	NA	NA	NA	NA
2019-nCoV	15081	C	-A	137	108	25	1	0	20	0.00729927	137	0.754552	FALSE	NA	NA	NA	NA	NA	NA
2019-nCoV	15082	A	-T	161	104	24	1	0	20	0.00621118	161	0.753875	FALSE	NA	NA	NA	NA	NA	NA
2019-nCoV	15082	A	+T	161	104	24	3	0	20	0.0186335	161	0.320679	FALSE	NA	NA	NA	NA	NA	NA
2019-nCoV	15084	T	A	136	100	24	1	0	20	0.00729927	137	0.752747	FALSE	NA	NA	NA	NA	NA	NA
2019-nCoV	15085	A	+G	161	100	24	1	0	20	0.00621118	161	0.753875	FALSE	NA	NA	NA	NA	NA	NA
2019-nCoV	15086	G	+T	166	103	24	1	0	20	0.0060241	166	0.753758	FALSE	NA	NA	NA	NA	NA	NA
2019-nCoV	15089	C	G	169	104	24	1	0	21	0.00588235	170	0.752212	FALSE	NA	NA	NA	NA	NA	NA
2019-nCoV	15089	C	-A	169	104	24	3	0	20	0.0176471	170	0.318039	FALSE	NA	NA	NA	NA	NA	NA
2019-nCoV	15089	C	+A	169	104	24	1	0	20	0.00588235	170	0.752212	FALSE	NA	NA	NA	NA	NA	NA
2019-nCoV	15090	A	G	117	43	23	1	0	24	0.00840336	119	0.746835	FALSE	NA	NA	NA	NA	NA	NA
2019-nCoV	15090	A	C	117	43	23	1	0	23	0.00840336	119	0.746835	FALSE	NA	NA	NA	NA	NA	NA
2019-nCoV	15092	A	G	116	103	25	2	0	23	0.0169492	118	0.503205	FALSE	NA	NA	NA	NA	NA	NA
2019-nCoV	15093	G	+A	95	54	24	1	0	20	0.0105263	95	0.505263	FALSE	NA	NA	NA	NA	NA	NA
2019-nCoV	15095	A	G	78	58	24	1	0	25	0.0126582	79	0.503185	FALSE	NA	NA	NA	NA	NA	NA
2019-nCoV	15097	A	+G	92	55	24	1	0	20	0.0108696	92	0.505435	FALSE	NA	NA	NA	NA	NA	NA
2019-nCoV	15102	T	C	93	52	24	2	2	26	0.0210526	95	0.251323	FALSE	NA	NA	NA	NA	NA	NA
2019-nCoV	15104	G	A	84	44	24	1	0	21	0.0117647	85	0.502959	FALSE	NA	NA	NA	NA	NA	NA
2019-nCoV	15106	A	+C	96	54	24	2	0	20	0.0208333	96	0.256531	FALSE	NA	NA	NA	NA	NA	NA
2019-nCoV	15108	C	-G	75	47	23	1	0	20	0.0133333	75	0.506667	FALSE	NA	NA	NA	NA	NA	NA
2019-nCoV	15111	A	-G	97	52	24	1	0	20	0.0103093	97	0.505155	FALSE	NA	NA	NA	NA	NA	NA
2019-nCoV	15111	A	+AG	97	52	24	1	0	20	0.0103093	97	0.505155	FALSE	NA	NA	NA	NA	NA	NA
2019-nCoV	15114	T	+G	93	51	24	1	0	20	0.0107527	93	0.505376	FALSE	NA	NA	NA	NA	NA	NA
2019-nCoV	15117	T	C	92	51	25	1	0	23	0.0107527	93	0.502703	FALSE	NA	NA	NA	NA	NA	NA
2019-nCoV	15119	T	+C	100	53	24	1	0	20	0.01	100	0.753731	FALSE	NA	NA	NA	NA	NA	NA
2019-nCoV	15128	G	-T	95	55	25	1	0	20	0.0105263	95	0.505263	FALSE	NA	NA	NA	NA	NA	NA
2019-nCoV	15129	T	+A	99	56	25	1	0	20	0.01	100	0.751256	FALSE	NA	NA	NA	NA	NA	NA
2019-nCoV	15132	T	C	99	55	25	1	1	21	0.01	100	0.751256	FALSE	NA	NA	NA	NA	NA	NA
2019-nCoV	15137	T	C	115	66	24	1	0	28	0.00862069	116	0.753247	FALSE	NA	NA	NA	NA	NA	NA
2019-nCoV	15140	C	T	102	49	23	1	1	27	0.00970874	103	0.753659	FALSE	NA	NA	NA	NA	NA	NA
2019-nCoV	15141	C	+A	96	72	25	1	0	20	0.0104167	96	0.505208	FALSE	NA	NA	NA	NA	NA	NA
2019-nCoV	15143	A	G	95	71	25	1	0	26	0.0104167	96	0.502618	FALSE	NA	NA	NA	NA	NA	NA
2019-nCoV	15149	A	G	121	73	25	1	0	28	0.00819672	122	0.753086	FALSE	NA	NA	NA	NA	NA	NA
2019-nCoV	15152	T	C	128	74	24	1	1	25	0.00775194	129	0.752918	FALSE	NA	NA	NA	NA	NA	NA
2019-nCoV	15154	C	-A	118	72	24	1	0	20	0.00847458	118	0.755283	FALSE	NA	NA	NA	NA	NA	NA
2019-nCoV	15157	C	-A	109	59	22	26	0	20	0.238532	109	9.79734e-7	TRUE	NA	NA	NA	NA	NA	NA
2019-nCoV	15168	G	-A	110	69	24	2	0	20	0.0181818	110	0.510227	FALSE	NA	NA	NA	NA	NA	NA
2019-nCoV	15172	T	+A	97	62	24	1	0	20	0.0103093	97	0.505155	FALSE	NA	NA	NA	NA	NA	NA
2019-nCoV	15174	A	G	83	48	22	1	0	24	0.0119048	84	0.502994	FALSE	NA	NA	NA	NA	NA	NA
2019-nCoV	15180	C	T	92	72	24	1	1	23	0.0107527	93	0.502703	FALSE	NA	NA	NA	NA	NA	NA
2019-nCoV	15182	C	T	99	58	23	1	0	26	0.01	100	0.751256	FALSE	NA	NA	NA	NA	NA	NA
2019-nCoV	15184	A	G	108	73	24	1	1	25	0.00917431	109	0.753456	FALSE	NA	NA	NA	NA	NA	NA
2019-nCoV	15184	A	+AC	108	73	24	1	0	20	0.00917431	109	0.753456	FALSE	NA	NA	NA	NA	NA	NA
2019-nCoV	15186	T	C	107	72	24	1	0	20	0.00925926	108	0.753488	FALSE	NA	NA	NA	NA	NA	NA
2019-nCoV	15186	T	+G	107	72	24	1	0	20	0.00925926	108	0.753488	FALSE	NA	NA	NA	NA	NA	NA
2019-nCoV	15189	A	+G	113	75	25	1	0	20	0.00884956	113	0.755516	FALSE	NA	NA	NA	NA	NA	NA
2019-nCoV	15192	A	C	105	73	25	1	1	26	0.00943396	106	0.753555	FALSE	NA	NA	NA	NA	NA	NA
2019-nCoV	15193	G	A	107	73	25	1	1	24	0.00925926	108	0.753488	FALSE	NA	NA	NA	NA	NA	NA
2019-nCoV	15194	C	T	104	70	24	1	1	23	0.00952381	105	0.753589	FALSE	NA	NA	NA	NA	NA	NA
2019-nCoV	15195	T	+A	103	61	24	1	0	20	0.00970874	103	0.75605	FALSE	NA	NA	NA	NA	NA	NA
2019-nCoV	15198	T	+G	109	66	24	1	0	20	0.00917431	109	0.755718	FALSE	NA	NA	NA	NA	NA	NA
2019-nCoV	15199	G	-T	110	67	24	1	0	20	0.00909091	110	0.755666	FALSE	NA	NA	NA	NA	NA	NA
2019-nCoV	15202	G	A	105	66	25	1	1	25	0.00943396	106	0.753555	FALSE	NA	NA	NA	NA	NA	NA
2019-nCoV	15202	G	-T	105	66	25	1	0	20	0.00943396	106	0.753555	FALSE	NA	NA	NA	NA	NA	NA
2019-nCoV	15205	A	G	95	67	24	2	0	23	0.0206186	97	0.251295	FALSE	NA	NA	NA	NA	NA	NA
2019-nCoV	15207	T	C	92	68	24	1	1	21	0.0107527	93	0.502703	FALSE	NA	NA	NA	NA	NA	NA
2019-nCoV	15212	C	+A	105	70	24	1	0	20	0.00952381	105	0.755935	FALSE	NA	NA	NA	NA	NA	NA
2019-nCoV	15215	G	A	107	72	24	2	2	23	0.0183486	109	0.503472	FALSE	NA	NA	NA	NA	NA	NA
2019-nCoV	15215	G	+C	107	72	24	1	0	20	0.00917431	109	0.751163	FALSE	NA	NA	NA	NA	NA	NA
2019-nCoV	15216	C	-A	106	71	24	3	0	20	0.0283019	106	0.324944	FALSE	NA	NA	NA	NA	NA	NA
2019-nCoV	15216	C	+A	106	71	24	1	0	20	0.00943396	106	0.755879	FALSE	NA	NA	NA	NA	NA	NA
2019-nCoV	15219	A	+T	82	73	24	1	0	20	0.0121951	82	0.506098	FALSE	NA	NA	NA	NA	NA	NA
2019-nCoV	15225	T	+G	108	64	24	1	0	20	0.00925926	108	0.755771	FALSE	NA	NA	NA	NA	NA	NA
2019-nCoV	15227	G	A	98	74	24	1	1	25	0.010101	99	0.502538	FALSE	NA	NA	NA	NA	NA	NA
2019-nCoV	15228	T	C	111	74	24	1	0	21	0.00892857	112	0.753363	FALSE	NA	NA	NA	NA	NA	NA
2019-nCoV	15230	G	+T	90	69	24	2	0	20	0.0222222	90	0.256967	FALSE	NA	NA	NA	NA	NA	NA
2019-nCoV	15230	G	+GT	90	69	24	1	0	20	0.0111111	90	0.505556	FALSE	NA	NA	NA	NA	NA	NA
2019-nCoV	15237	C	+A	115	75	25	1	0	20	0.00869565	115	0.755421	FALSE	NA	NA	NA	NA	NA	NA
2019-nCoV	15238	A	G	106	64	23	1	0	29	0.00934579	107	0.753521	FALSE	NA	NA	NA	NA	NA	NA
2019-nCoV	15240	C	+A	119	76	24	1	0	20	0.00840336	119	0.755239	FALSE	NA	NA	NA	NA	NA	NA
2019-nCoV	15243	G	A	122	79	24	1	1	24	0.00813008	123	0.753061	FALSE	NA	NA	NA	NA	NA	NA
2019-nCoV	15243	G	+T	122	79	24	1	0	20	0.00813008	123	0.753061	FALSE	NA	NA	NA	NA	NA	NA
2019-nCoV	15243	G	+A	122	79	24	1	0	20	0.00813008	123	0.753061	FALSE	NA	NA	NA	NA	NA	NA
2019-nCoV	15244	T	C	101	58	22	1	0	26	0.00980392	102	0.753695	FALSE	NA	NA	NA	NA	NA	NA
2019-nCoV	15245	T	-A	97	82	23	15	0	20	0.154639	97	5.83285e-5	TRUE	NA	NA	NA	NA	NA	NA
2019-nCoV	15245	T	+A	97	82	23	3	0	20	0.0309278	97	0.130849	FALSE	NA	NA	NA	NA	NA	NA
2019-nCoV	15246	A	G	40	4	23	1	1	20	0.0243902	41	0.471264	FALSE	NA	NA	NA	NA	NA	NA
2019-nCoV	15253	G	+T	113	80	24	4	0	20	0.0353982	113	0.198689	FALSE	NA	NA	NA	NA	NA	NA
2019-nCoV	15258	T	-A	113	78	24	1	0	20	0.00884956	113	0.755516	FALSE	NA	NA	NA	NA	NA	NA
2019-nCoV	15270	A	G	22	15	24	1	1	26	0.0434783	23	0.511111	FALSE	NA	NA	NA	NA	NA	NA
2019-nCoV	15272	A	-C	15	14	23	1	0	20	0.0666667	15	0.533333	FALSE	NA	NA	NA	NA	NA	NA
2019-nCoV	15282	T	+G	19	17	25	1	0	20	0.0526316	19	0.526316	FALSE	NA	NA	NA	NA	NA	NA
2019-nCoV	15292	G	A	14	13	24	1	1	22	0.0666667	15	0.517241	FALSE	NA	NA	NA	NA	NA	NA
2019-nCoV	15300	T	+A	18	14	24	2	0	20	0.111111	18	0.285285	FALSE	NA	NA	NA	NA	NA	NA
2019-nCoV	15311	G	+A	161	104	25	1	0	20	0.00621118	161	0.753875	FALSE	NA	NA	NA	NA	NA	NA
2019-nCoV	15314	C	T	142	82	24	1	1	28	0.00699301	143	0.752632	FALSE	NA	NA	NA	NA	NA	NA
2019-nCoV	15316	A	G	165	103	25	1	1	28	0.0060241	166	0.752266	FALSE	NA	NA	NA	NA	NA	NA
2019-nCoV	15317	T	C	156	103	25	1	0	24	0.00636943	157	0.752396	FALSE	NA	NA	NA	NA	NA	NA
2019-nCoV	15317	T	-G	156	103	25	6	0	20	0.0382166	157	0.0667601	FALSE	NA	NA	NA	NA	NA	NA
2019-nCoV	15318	G	A	151	103	25	1	0	27	0.00657895	152	0.742655	FALSE	NA	NA	NA	NA	NA	NA
2019-nCoV	15321	T	A	159	101	25	1	0	26	0.00625	160	0.752351	FALSE	NA	NA	NA	NA	NA	NA
2019-nCoV	15322	A	+G	141	79	23	1	0	20	0.0070922	141	0.754423	FALSE	NA	NA	NA	NA	NA	NA
2019-nCoV	15323	A	G	143	99	25	2	2	25	0.0137931	145	0.502604	FALSE	NA	NA	NA	NA	NA	NA
2019-nCoV	15323	A	+T	143	99	25	1	0	20	0.00689655	145	0.750871	FALSE	NA	NA	NA	NA	NA	NA
2019-nCoV	15325	A	G	153	94	25	2	1	23	0.0129032	155	0.502435	FALSE	NA	NA	NA	NA	NA	NA
2019-nCoV	15328	C	+T	163	100	25	3	0	20	0.0184049	163	0.320578	FALSE	NA	NA	NA	NA	NA	NA
2019-nCoV	15329	T	G	150	85	23	2	1	23	0.0131579	152	0.502483	FALSE	NA	NA	NA	NA	NA	NA
2019-nCoV	15331	A	+C	169	104	25	1	0	20	0.00591716	169	0.753692	FALSE	NA	NA	NA	NA	NA	NA
2019-nCoV	15332	G	+A	169	105	25	1	0	20	0.00591716	169	0.753692	FALSE	NA	NA	NA	NA	NA	NA
2019-nCoV	15333	A	G	148	85	23	1	0	23	0.00671141	149	0.752525	FALSE	NA	NA	NA	NA	NA	NA
2019-nCoV	15334	A	G	146	103	25	1	0	27	0.00680272	147	0.75256	FALSE	NA	NA	NA	NA	NA	NA
2019-nCoV	15339	G	T	143	79	23	1	1	27	0.00694444	144	0.752613	FALSE	NA	NA	NA	NA	NA	NA
2019-nCoV	15343	T	+A	155	93	25	1	0	20	0.00645161	155	0.754024	FALSE	NA	NA	NA	NA	NA	NA
2019-nCoV	15345	A	+C	163	104	26	1	0	20	0.00613497	163	0.753827	FALSE	NA	NA	NA	NA	NA	NA
2019-nCoV	15348	T	C	122	86	25	1	1	25	0.00813008	123	0.753061	FALSE	NA	NA	NA	NA	NA	NA
2019-nCoV	15349	G	+T	135	89	26	1	0	20	0.00740741	135	0.754619	FALSE	NA	NA	NA	NA	NA	NA
2019-nCoV	15350	T	C	128	80	23	1	1	28	0.00775194	129	0.752918	FALSE	NA	NA	NA	NA	NA	NA
2019-nCoV	15352	C	-T	126	89	25	1	0	20	0.00793651	126	0.754948	FALSE	NA	NA	NA	NA	NA	NA
2019-nCoV	15352	C	+T	126	89	25	1	0	20	0.00793651	126	0.754948	FALSE	NA	NA	NA	NA	NA	NA
2019-nCoV	15353	T	C	116	76	23	1	1	28	0.00854701	117	0.751073	FALSE	NA	NA	NA	NA	NA	NA
2019-nCoV	15356	C	+T	135	91	25	1	0	20	0.00740741	135	0.754619	FALSE	NA	NA	NA	NA	NA	NA
2019-nCoV	15357	T	G	134	89	25	1	1	25	0.00735294	136	0.750929	FALSE	NA	NA	NA	NA	NA	NA
2019-nCoV	15357	T	A	134	89	25	1	1	25	0.00735294	136	0.750929	FALSE	NA	NA	NA	NA	NA	NA
2019-nCoV	15359	G	+C	141	91	25	1	0	20	0.0070922	141	0.754423	FALSE	NA	NA	NA	NA	NA	NA
2019-nCoV	15360	C	-A	128	84	24	3	0	20	0.0234375	128	0.322796	FALSE	NA	NA	NA	NA	NA	NA
2019-nCoV	15361	A	G	77	29	23	1	1	27	0.0128205	78	0.496815	FALSE	NA	NA	NA	NA	NA	NA
2019-nCoV	15364	C	+A	133	91	24	1	0	20	0.0075188	133	0.754689	FALSE	NA	NA	NA	NA	NA	NA
2019-nCoV	15365	A	G	128	90	25	1	1	27	0.00775194	129	0.752918	FALSE	NA	NA	NA	NA	NA	NA
2019-nCoV	15366	T	+C	132	91	25	1	0	20	0.00757576	132	0.754724	FALSE	NA	NA	NA	NA	NA	NA
2019-nCoV	15368	C	+A	139	91	25	5	0	20	0.0359712	139	0.11709	FALSE	NA	NA	NA	NA	NA	NA
2019-nCoV	15369	A	G	119	68	23	1	1	28	0.00833333	120	0.753138	FALSE	NA	NA	NA	NA	NA	NA
2019-nCoV	15372	G	T	105	71	25	23	13	24	0.179688	128	6.01366e-7	TRUE	NA	NA	NA	NA	NA	NA
2019-nCoV	15374	G	+T	134	90	25	1	0	20	0.00746269	134	0.754654	FALSE	NA	NA	NA	NA	NA	NA
2019-nCoV	15377	G	+TGA	134	88	25	1	0	20	0.00746269	134	0.754654	FALSE	NA	NA	NA	NA	NA	NA
2019-nCoV	15381	C	+T	139	92	25	1	0	20	0.00719424	139	0.754487	FALSE	NA	NA	NA	NA	NA	NA
2019-nCoV	15385	T	C	128	87	26	1	0	27	0.00763359	131	0.749035	FALSE	NA	NA	NA	NA	NA	NA
2019-nCoV	15385	T	A	128	87	26	2	2	27	0.0152672	131	0.5	FALSE	NA	NA	NA	NA	NA	NA
2019-nCoV	15389	A	G	194	126	24	1	1	25	0.00512821	195	0.751928	FALSE	NA	NA	NA	NA	NA	NA
2019-nCoV	15389	A	+C	194	126	24	3	0	20	0.0153846	195	0.317326	FALSE	NA	NA	NA	NA	NA	NA
2019-nCoV	15392	G	-T	176	123	24	10	0	20	0.0568182	176	0.0069966	TRUE	NA	NA	NA	NA	NA	NA
2019-nCoV	15394	T	C	189	124	25	2	1	27	0.0104712	191	0.501974	FALSE	NA	NA	NA	NA	NA	NA
2019-nCoV	15397	T	+CCC	211	136	25	1	0	20	0.00473934	211	0.877655	FALSE	NA	NA	NA	NA	NA	NA
2019-nCoV	15398	A	+T	211	136	25	1	0	20	0.00473934	211	0.877655	FALSE	NA	NA	NA	NA	NA	NA
2019-nCoV	15400	A	G	210	135	26	1	1	24	0.00473934	211	0.876779	FALSE	NA	NA	NA	NA	NA	NA
2019-nCoV	15401	G	+A	214	137	26	1	0	20	0.0046729	214	0.877618	FALSE	NA	NA	NA	NA	NA	NA
2019-nCoV	15402	A	G	208	132	25	1	1	26	0.00478469	209	0.876796	FALSE	NA	NA	NA	NA	NA	NA
2019-nCoV	15402	A	+T	208	132	25	2	0	20	0.00956938	209	0.691991	FALSE	NA	NA	NA	NA	NA	NA
2019-nCoV	15406	G	+C	212	133	26	1	0	20	0.00471698	212	0.877643	FALSE	NA	NA	NA	NA	NA	NA
2019-nCoV	15407	C	T	213	131	25	1	1	24	0.0046729	214	0.876754	FALSE	NA	NA	NA	NA	NA	NA
2019-nCoV	15408	T	C	209	129	25	1	1	27	0.0047619	210	0.876788	FALSE	NA	NA	NA	NA	NA	NA
2019-nCoV	15410	A	+AT	190	129	24	1	0	20	0.00526316	190	0.753284	FALSE	NA	NA	NA	NA	NA	NA
2019-nCoV	15412	G	+A	211	134	25	1	0	20	0.00473934	211	0.877655	FALSE	NA	NA	NA	NA	NA	NA
2019-nCoV	15415	T	C	210	135	26	1	1	20	0.00473934	211	0.876779	FALSE	NA	NA	NA	NA	NA	NA
2019-nCoV	15415	T	+C	210	135	26	1	0	20	0.00473934	211	0.876779	FALSE	NA	NA	NA	NA	NA	NA
2019-nCoV	15418	G	+A	208	134	25	1	0	20	0.00480769	208	0.877693	FALSE	NA	NA	NA	NA	NA	NA
2019-nCoV	15419	C	+G	212	136	25	1	0	20	0.00471698	212	0.877643	FALSE	NA	NA	NA	NA	NA	NA
2019-nCoV	15421	C	+A	211	134	25	2	0	20	0.00947867	211	0.693704	FALSE	NA	NA	NA	NA	NA	NA
2019-nCoV	15422	A	T	187	112	24	1	1	27	0.00529101	189	0.750667	FALSE	NA	NA	NA	NA	NA	NA
2019-nCoV	15422	A	G	187	112	24	1	0	28	0.00529101	189	0.750667	FALSE	NA	NA	NA	NA	NA	NA
2019-nCoV	15425	T	+TA	208	133	25	1	0	20	0.00480769	208	0.877693	FALSE	NA	NA	NA	NA	NA	NA
2019-nCoV	15428	T	G	187	131	25	1	0	20	0.00531915	188	0.752	FALSE	NA	NA	NA	NA	NA	NA
2019-nCoV	15430	A	G	201	129	25	1	1	25	0.0049505	202	0.876859	FALSE	NA	NA	NA	NA	NA	NA
2019-nCoV	15433	G	-A	182	112	24	37	0	20	0.203297	182	9.00244e-10	TRUE	NA	NA	NA	NA	NA	NA
2019-nCoV	15436	A	G	155	119	23	1	1	27	0.00641026	156	0.752412	FALSE	NA	NA	NA	NA	NA	NA
2019-nCoV	15437	T	C	186	116	23	1	1	28	0.00534759	187	0.752011	FALSE	NA	NA	NA	NA	NA	NA
2019-nCoV	15437	T	+G	186	116	23	1	0	20	0.00534759	187	0.752011	FALSE	NA	NA	NA	NA	NA	NA
2019-nCoV	15440	T	-C	194	126	25	1	0	20	0.00515464	194	0.753217	FALSE	NA	NA	NA	NA	NA	NA
2019-nCoV	15441	C	T	200	132	25	2	0	21	0.00990099	202	0.688434	FALSE	NA	NA	NA	NA	NA	NA
2019-nCoV	15441	C	+A	200	132	25	1	0	20	0.00492611	203	0.875002	FALSE	NA	NA	NA	NA	NA	NA
2019-nCoV	15442	A	G	193	128	25	13	5	24	0.0631068	206	0.00329533	TRUE	NA	NA	NA	NA	NA	NA
2019-nCoV	15442	A	+T	193	128	25	1	0	20	0.00485437	206	0.86534199999999994	FALSE	NA	NA	NA	NA	NA	NA
2019-nCoV	15446	G	A	198	125	25	1	1	25	0.00502513	199	0.751889	FALSE	NA	NA	NA	NA	NA	NA
2019-nCoV	15447	T	C	196	122	25	1	1	28	0.00507614	197	0.751908	FALSE	NA	NA	NA	NA	NA	NA
2019-nCoV	15448	G	A	163	88	24	1	1	23	0.00609756	164	0.752294	FALSE	NA	NA	NA	NA	NA	NA
2019-nCoV	15449	G	T	175	123	24	1	1	25	0.00564972	177	0.750712	FALSE	NA	NA	NA	NA	NA	NA
2019-nCoV	15449	G	A	175	123	24	1	1	22	0.00564972	177	0.750712	FALSE	NA	NA	NA	NA	NA	NA
2019-nCoV	15452	G	-T	174	128	24	1	0	20	0.00574713	174	0.753586	FALSE	NA	NA	NA	NA	NA	NA
2019-nCoV	15453	T	C	154	82	23	1	0	23	0.00645161	155	0.750809	FALSE	NA	NA	NA	NA	NA	NA
2019-nCoV	15456	A	G	197	127	25	1	0	27	0.00505051	198	0.751899	FALSE	NA	NA	NA	NA	NA	NA
2019-nCoV	15458	T	C	195	124	25	2	2	24	0.0101523	197	0.501913	FALSE	NA	NA	NA	NA	NA	NA
2019-nCoV	15462	T	C	190	118	25	4	1	25	0.0206186	194	0.187494	FALSE	NA	NA	NA	NA	NA	NA
2019-nCoV	15465	T	-A	180	133	24	1	0	20	0.00555556	180	0.753466	FALSE	NA	NA	NA	NA	NA	NA
2019-nCoV	15465	T	+A	180	133	24	4	0	20	0.0222222	180	0.194495	FALSE	NA	NA	NA	NA	NA	NA
2019-nCoV	15466	A	G	126	55	23	1	0	28	0.00787402	127	0.752964	FALSE	NA	NA	NA	NA	NA	NA
2019-nCoV	15471	A	G	203	133	24	2	1	21	0.0097561	205	0.690258	FALSE	NA	NA	NA	NA	NA	NA
2019-nCoV	15473	G	+C	173	129	24	1	0	20	0.00578035	173	0.753606	FALSE	NA	NA	NA	NA	NA	NA
2019-nCoV	15474	T	C	194	129	24	1	0	23	0.00512821	195	0.751928	FALSE	NA	NA	NA	NA	NA	NA
2019-nCoV	15474	T	+G	194	129	24	2	0	20	0.0102564	195	0.503856	FALSE	NA	NA	NA	NA	NA	NA
2019-nCoV	15475	G	A	143	73	23	1	1	20	0.00694444	144	0.752613	FALSE	NA	NA	NA	NA	NA	NA
2019-nCoV	15476	G	+A	180	139	24	1	0	20	0.00555556	180	0.753466	FALSE	NA	NA	NA	NA	NA	NA
2019-nCoV	15478	A	G	189	139	24	2	0	26	0.0104712	191	0.501974	FALSE	NA	NA	NA	NA	NA	NA
2019-nCoV	15481	T	C	207	135	24	1	0	27	0.00480769	208	0.876805	FALSE	NA	NA	NA	NA	NA	NA
2019-nCoV	15483	A	G	199	125	25	2	2	24	0.00995025	201	0.690314	FALSE	NA	NA	NA	NA	NA	NA
2019-nCoV	15489	A	+G	213	138	25	2	0	20	0.00938967	213	0.693646	FALSE	NA	NA	NA	NA	NA	NA
2019-nCoV	15491	A	G	187	117	24	2	2	25	0.010582	189	0.501995	FALSE	NA	NA	NA	NA	NA	NA
2019-nCoV	15491	A	+T	187	117	24	1	0	20	0.00529101	189	0.750667	FALSE	NA	NA	NA	NA	NA	NA
2019-nCoV	15492	T	+TG	193	124	25	1	0	20	0.00518135	193	0.753233	FALSE	NA	NA	NA	NA	NA	NA
2019-nCoV	15493	G	-C	196	123	25	2	0	20	0.0102041	196	0.50574	FALSE	NA	NA	NA	NA	NA	NA
2019-nCoV	15493	G	+C	196	123	25	2	0	20	0.0102041	196	0.50574	FALSE	NA	NA	NA	NA	NA	NA
2019-nCoV	15494	C	T	149	74	24	2	2	25	0.013245	151	0.497517	FALSE	NA	NA	NA	NA	NA	NA
2019-nCoV	15495	C	+G	195	131	24	1	0	20	0.00512821	195	0.7532	FALSE	NA	NA	NA	NA	NA	NA
2019-nCoV	15496	A	G	182	109	24	2	1	27	0.0108696	184	0.502049	FALSE	NA	NA	NA	NA	NA	NA
2019-nCoV	15497	C	+A	180	106	24	1	0	20	0.00555556	180	0.753466	FALSE	NA	NA	NA	NA	NA	NA
2019-nCoV	15500	C	T	194	120	25	1	1	25	0.00512821	195	0.751928	FALSE	NA	NA	NA	NA	NA	NA
2019-nCoV	15501	T	C	191	117	25	1	0	22	0.00520833	192	0.751958	FALSE	NA	NA	NA	NA	NA	NA
2019-nCoV	15503	C	+T	195	125	24	5	0	20	0.025641	195	0.114848	FALSE	NA	NA	NA	NA	NA	NA
2019-nCoV	15506	A	G	177	106	24	1	1	27	0.00561798	178	0.752113	FALSE	NA	NA	NA	NA	NA	NA
2019-nCoV	15507	T	C	195	122	24	2	2	22	0.0101523	197	0.501913	FALSE	NA	NA	NA	NA	NA	NA
2019-nCoV	15507	T	+C	195	122	24	1	0	20	0.00507614	197	0.750639	FALSE	NA	NA	NA	NA	NA	NA
2019-nCoV	15509	C	-T	198	124	24	1	0	20	0.00505051	198	0.753152	FALSE	NA	NA	NA	NA	NA	NA
2019-nCoV	15509	C	+G	198	124	24	1	0	20	0.00505051	198	0.753152	FALSE	NA	NA	NA	NA	NA	NA
2019-nCoV	15514	A	+G	197	122	25	1	0	20	0.00507614	197	0.753168	FALSE	NA	NA	NA	NA	NA	NA
2019-nCoV	15517	G	-T	176	101	23	46	0	20	0.261364	176	5.83135e-12	TRUE	NA	NA	NA	NA	NA	NA
2019-nCoV	15517	G	+T	176	101	23	2	0	20	0.0113636	176	0.506392	FALSE	NA	NA	NA	NA	NA	NA
2019-nCoV	15522	T	+TA	48	43	23	1	0	20	0.0208333	48	0.510417	FALSE	NA	NA	NA	NA	NA	NA
2019-nCoV	15525	C	+A	65	39	24	1	0	20	0.0153846	65	0.507692	FALSE	NA	NA	NA	NA	NA	NA
2019-nCoV	15526	A	-T	63	36	23	2	0	20	0.031746	63	0.259968	FALSE	NA	NA	NA	NA	NA	NA
2019-nCoV	15526	A	+T	63	36	23	1	0	20	0.015873	63	0.507937	FALSE	NA	NA	NA	NA	NA	NA
2019-nCoV	15527	T	C	34	7	24	1	1	20	0.0285714	35	0.5	FALSE	NA	NA	NA	NA	NA	NA
2019-nCoV	15531	T	+C	69	42	24	1	0	20	0.0144928	69	0.507246	FALSE	NA	NA	NA	NA	NA	NA
2019-nCoV	15532	C	-A	64	37	24	1	0	20	0.015625	64	0.507813	FALSE	NA	NA	NA	NA	NA	NA
2019-nCoV	15534	A	+GG	65	41	23	1	0	20	0.0153846	65	0.507692	FALSE	NA	NA	NA	NA	NA	NA
2019-nCoV	15538	G	C	65	39	25	1	1	20	0.0151515	66	0.503817	FALSE	NA	NA	NA	NA	NA	NA
2019-nCoV	15539	T	+C	66	39	25	1	0	20	0.0149254	67	0.503759	FALSE	NA	NA	NA	NA	NA	NA
2019-nCoV	15540	C	+G	68	43	25	1	0	20	0.0147059	68	0.507353	FALSE	NA	NA	NA	NA	NA	NA
2019-nCoV	15543	G	A	43	18	23	1	1	25	0.0227273	44	0.505747	FALSE	NA	NA	NA	NA	NA	NA
2019-nCoV	15549	T	+A	64	40	24	1	0	20	0.015625	64	0.507813	FALSE	NA	NA	NA	NA	NA	NA
2019-nCoV	15552	T	-A	60	41	24	1	0	20	0.0166667	60	0.508333	FALSE	NA	NA	NA	NA	NA	NA
2019-nCoV	15554	A	C	59	41	24	1	0	28	0.0166667	60	0.504202	FALSE	NA	NA	NA	NA	NA	NA
2019-nCoV	15559	C	T	66	43	23	1	0	24	0.0149254	67	0.503759	FALSE	NA	NA	NA	NA	NA	NA
2019-nCoV	15559	C	-T	66	43	23	1	0	20	0.0149254	67	0.503759	FALSE	NA	NA	NA	NA	NA	NA
2019-nCoV	15559	C	+G	66	43	23	2	0	20	0.0298507	67	0.255639	FALSE	NA	NA	NA	NA	NA	NA
2019-nCoV	15565	T	C	65	40	24	1	1	21	0.0151515	66	0.503817	FALSE	NA	NA	NA	NA	NA	NA
2019-nCoV	15568	A	-C	54	29	24	1	0	20	0.0185185	54	0.509259	FALSE	NA	NA	NA	NA	NA	NA
2019-nCoV	15576	T	+A	60	36	24	1	0	20	0.0166667	60	0.508333	FALSE	NA	NA	NA	NA	NA	NA
2019-nCoV	15579	C	-A	59	34	24	1	0	20	0.0169492	59	0.508475	FALSE	NA	NA	NA	NA	NA	NA
2019-nCoV	15579	C	+A	59	34	24	3	0	20	0.0508475	59	0.134667	FALSE	NA	NA	NA	NA	NA	NA
2019-nCoV	15642	T	+G	3	1	23	1	0	20	0.333333	3	0.666667	FALSE	NA	NA	NA	NA	NA	NA
2019-nCoV	15660	C	+T	3	1	25	1	0	20	0.333333	3	0.666667	FALSE	NA	NA	NA	NA	NA	NA
2019-nCoV	15683	A	+T	3	1	22	1	0	20	0.333333	3	0.666667	FALSE	NA	NA	NA	NA	NA	NA
2019-nCoV	15686	T	C	0	0	0	1	1	27	1	1	1	FALSE	NA	NA	NA	NA	NA	NA
2019-nCoV	15690	T	C	3	1	22	1	0	21	0.25	4	0.571429	FALSE	NA	NA	NA	NA	NA	NA
2019-nCoV	15695	A	+T	4	1	23	1	0	20	0.25	4	0.625	FALSE	NA	NA	NA	NA	NA	NA
2019-nCoV	15714	C	T	0	0	0	3	1	24	1	3	0.1	FALSE	NA	NA	NA	NA	NA	NA
2019-nCoV	15734	G	-T	4	1	22	1	0	20	0.25	4	0.625	FALSE	NA	NA	NA	NA	NA	NA
2019-nCoV	15736	T	C	1	0	27	1	0	22	0.5	2	0.666667	FALSE	NA	NA	NA	NA	NA	NA
2019-nCoV	15752	C	-A	3	1	25	1	0	20	0.333333	3	0.666667	FALSE	NA	NA	NA	NA	NA	NA
2019-nCoV	15756	T	A	0	0	0	3	1	24	1	3	0.1	FALSE	NA	NA	NA	NA	NA	NA
2019-nCoV	15783	C	+T	33	4	22	6	0	20	0.181818	33	0.0227807	FALSE	NA	NA	NA	NA	NA	NA
2019-nCoV	15793	G	+T	32	3	24	1	0	20	0.03125	32	0.515625	FALSE	NA	NA	NA	NA	NA	NA
2019-nCoV	15796	C	+T	31	3	24	1	0	20	0.0322581	31	0.516129	FALSE	NA	NA	NA	NA	NA	NA
2019-nCoV	15801	T	C	32	4	25	1	0	24	0.030303	33	0.507692	FALSE	NA	NA	NA	NA	NA	NA
2019-nCoV	15805	C	-A	30	3	23	2	0	20	0.0666667	30	0.271038	FALSE	NA	NA	NA	NA	NA	NA
2019-nCoV	15810	C	+A	31	4	22	1	0	20	0.0322581	31	0.516129	FALSE	NA	NA	NA	NA	NA	NA
2019-nCoV	15814	G	-T	30	3	22	4	0	20	0.133333	30	0.0778558	FALSE	NA	NA	NA	NA	NA	NA
2019-nCoV	15814	G	+T	30	3	22	1	0	20	0.0333333	30	0.516667	FALSE	NA	NA	NA	NA	NA	NA
2019-nCoV	15830	C	-A	33	7	22	3	0	20	0.0909091	33	0.142469	FALSE	NA	NA	NA	NA	NA	NA
2019-nCoV	15836	G	+T	29	6	23	1	0	20	0.0344828	29	0.517241	FALSE	NA	NA	NA	NA	NA	NA
2019-nCoV	15841	A	+G	31	5	23	1	0	20	0.0322581	31	0.516129	FALSE	NA	NA	NA	NA	NA	NA
2019-nCoV	15845	A	G	27	6	25	1	0	27	0.0357143	28	0.509091	FALSE	NA	NA	NA	NA	NA	NA
2019-nCoV	15848	C	+T	28	5	24	1	0	20	0.0357143	28	0.517857	FALSE	NA	NA	NA	NA	NA	NA
2019-nCoV	15858	T	-A	30	6	24	1	0	20	0.0333333	30	0.516667	FALSE	NA	NA	NA	NA	NA	NA
2019-nCoV	15864	A	G	32	6	24	1	0	22	0.030303	33	0.507692	FALSE	NA	NA	NA	NA	NA	NA
2019-nCoV	15867	T	C	33	7	24	1	0	25	0.0294118	34	0.507463	FALSE	NA	NA	NA	NA	NA	NA
2019-nCoV	15871	G	+A	32	7	25	1	0	20	0.03125	32	0.515625	FALSE	NA	NA	NA	NA	NA	NA
2019-nCoV	15882	T	+A	31	6	25	1	0	20	0.0322581	31	0.516129	FALSE	NA	NA	NA	NA	NA	NA
2019-nCoV	15893	T	C	91	27	25	1	1	20	0.0108696	92	0.502732	FALSE	NA	NA	NA	NA	NA	NA
2019-nCoV	15895	C	T	96	30	25	1	0	25	0.0103093	97	0.502591	FALSE	NA	NA	NA	NA	NA	NA
2019-nCoV	15897	A	G	103	33	24	1	0	26	0.00961538	104	0.753623	FALSE	NA	NA	NA	NA	NA	NA
2019-nCoV	15904	C	+G	98	33	24	1	0	20	0.0102041	98	0.505102	FALSE	NA	NA	NA	NA	NA	NA
2019-nCoV	15905	A	G	96	32	24	1	1	20	0.0103093	97	0.502591	FALSE	NA	NA	NA	NA	NA	NA
2019-nCoV	15905	A	+G	96	32	24	7	0	20	0.0721649	97	0.00898996	TRUE	NA	NA	NA	NA	NA	NA
2019-nCoV	15911	A	G	96	32	25	1	0	26	0.0103093	97	0.502591	FALSE	NA	NA	NA	NA	NA	NA
2019-nCoV	15914	A	G	93	31	25	1	1	22	0.0106383	94	0.5	FALSE	NA	NA	NA	NA	NA	NA
2019-nCoV	15915	T	C	93	26	24	1	1	27	0.0106383	94	0.502674	FALSE	NA	NA	NA	NA	NA	NA
2019-nCoV	15917	A	G	95	29	25	1	1	24	0.0104167	96	0.502618	FALSE	NA	NA	NA	NA	NA	NA
2019-nCoV	15922	T	+C	97	34	25	1	0	20	0.0103093	97	0.505155	FALSE	NA	NA	NA	NA	NA	NA
2019-nCoV	15932	A	T	90	28	24	1	1	20	0.010989	91	0.502762	FALSE	NA	NA	NA	NA	NA	NA
2019-nCoV	15932	A	-C	90	28	24	1	0	20	0.010989	91	0.502762	FALSE	NA	NA	NA	NA	NA	NA
2019-nCoV	15932	A	+C	90	28	24	3	0	20	0.032967	91	0.129155	FALSE	NA	NA	NA	NA	NA	NA
2019-nCoV	15932	A	+AAC	90	28	24	1	0	20	0.010989	91	0.502762	FALSE	NA	NA	NA	NA	NA	NA
2019-nCoV	15939	T	+C	94	35	24	2	0	20	0.0212766	94	0.25667	FALSE	NA	NA	NA	NA	NA	NA
2019-nCoV	15943	T	C	90	29	24	1	0	24	0.010989	91	0.502762	FALSE	NA	NA	NA	NA	NA	NA
2019-nCoV	15944	C	+A	90	31	24	1	0	20	0.0111111	90	0.505556	FALSE	NA	NA	NA	NA	NA	NA
2019-nCoV	15947	G	+A	87	29	24	1	0	20	0.0114943	87	0.505747	FALSE	NA	NA	NA	NA	NA	NA
2019-nCoV	15949	A	G	65	32	23	1	1	20	0.0151515	66	0.503817	FALSE	NA	NA	NA	NA	NA	NA
2019-nCoV	15949	A	+AT	65	32	23	1	0	20	0.0151515	66	0.503817	FALSE	NA	NA	NA	NA	NA	NA
2019-nCoV	15950	T	G	81	29	24	1	1	20	0.0121951	82	0.503067	FALSE	NA	NA	NA	NA	NA	NA
2019-nCoV	15950	T	-C	81	29	24	1	0	20	0.0121951	82	0.503067	FALSE	NA	NA	NA	NA	NA	NA
2019-nCoV	15951	C	T	68	13	23	1	0	21	0.0144928	69	0.5	FALSE	NA	NA	NA	NA	NA	NA
2019-nCoV	15952	C	T	65	28	22	4	1	24	0.057971	69	0.0615572	FALSE	NA	NA	NA	NA	NA	NA
2019-nCoV	15952	C	+G	65	28	22	2	0	20	0.0289855	69	0.244444	FALSE	NA	NA	NA	NA	NA	NA
2019-nCoV	15954	A	-G	71	22	23	3	0	20	0.0422535	71	0.133015	FALSE	NA	NA	NA	NA	NA	NA
2019-nCoV	15962	G	A	34	5	21	1	0	25	0.0285714	35	0.507246	FALSE	NA	NA	NA	NA	NA	NA
2019-nCoV	15962	G	-C	34	5	21	3	0	20	0.0857143	35	0.135946	FALSE	NA	NA	NA	NA	NA	NA
2019-nCoV	15963	C	T	62	2	23	1	0	25	0.015873	63	0.492187	FALSE	NA	NA	NA	NA	NA	NA
2019-nCoV	15965	G	-T	64	15	23	2	0	20	0.03125	64	0.259811	FALSE	NA	NA	NA	NA	NA	NA
2019-nCoV	15965	G	+T	64	15	23	1	0	20	0.015625	64	0.507813	FALSE	NA	NA	NA	NA	NA	NA
2019-nCoV	15972	A	G	95	44	24	1	1	24	0.0104167	96	0.502618	FALSE	NA	NA	NA	NA	NA	NA
2019-nCoV	15975	T	C	106	49	24	1	1	23	0.00934579	107	0.753521	FALSE	NA	NA	NA	NA	NA	NA
2019-nCoV	15976	G	+A	101	49	23	1	0	20	0.00990099	101	0.75617	FALSE	NA	NA	NA	NA	NA	NA
2019-nCoV	15979	A	G	105	48	24	1	1	25	0.00943396	106	0.753555	FALSE	NA	NA	NA	NA	NA	NA
2019-nCoV	15981	C	+A	103	46	23	1	0	20	0.00970874	103	0.75605	FALSE	NA	NA	NA	NA	NA	NA
2019-nCoV	15982	G	A	74	16	23	1	1	20	0.0133333	75	0.503356	FALSE	NA	NA	NA	NA	NA	NA
2019-nCoV	15982	G	-TA	74	16	23	2	0	20	0.0266667	75	0.255034	FALSE	NA	NA	NA	NA	NA	NA
2019-nCoV	15982	G	-T	74	16	23	4	0	20	0.0533333	75	0.0667363	FALSE	NA	NA	NA	NA	NA	NA
2019-nCoV	15982	G	+T	74	16	23	1	0	20	0.0133333	75	0.503356	FALSE	NA	NA	NA	NA	NA	NA
2019-nCoV	15983	T	G	58	4	22	1	1	20	0.0169492	59	0.504274	FALSE	NA	NA	NA	NA	NA	NA
2019-nCoV	15983	T	-A	58	4	22	18	0	20	0.305085	59	1.3657e-5	TRUE	NA	NA	NA	NA	NA	NA
2019-nCoV	15984	A	G	40	3	23	1	0	20	0.0243902	41	0.418367	FALSE	NA	NA	NA	NA	NA	NA
2019-nCoV	15993	T	-G	115	53	24	3	0	20	0.026087	115	0.323965	FALSE	NA	NA	NA	NA	NA	NA
2019-nCoV	15996	T	G	121	60	25	5	4	24	0.0393701	127	0.106563	FALSE	NA	NA	NA	NA	NA	NA
2019-nCoV	15996	T	C	121	60	25	1	1	29	0.00787402	127	0.742882	FALSE	NA	NA	NA	NA	NA	NA
2019-nCoV	15997	A	T	131	67	25	5	4	26	0.0367647	136	0.106771	FALSE	NA	NA	NA	NA	NA	NA
2019-nCoV	16006	A	G	92	54	24	1	0	21	0.0107527	93	0.502703	FALSE	NA	NA	NA	NA	NA	NA
2019-nCoV	16006	A	-T	92	54	24	1	0	20	0.0107527	93	0.502703	FALSE	NA	NA	NA	NA	NA	NA
2019-nCoV	16006	A	+T	92	54	24	1	0	20	0.0107527	93	0.502703	FALSE	NA	NA	NA	NA	NA	NA
2019-nCoV	16014	G	+T	88	53	24	1	0	20	0.0113636	88	0.505682	FALSE	NA	NA	NA	NA	NA	NA
2019-nCoV	16020	G	-T	95	56	25	1	0	20	0.0105263	95	0.505263	FALSE	NA	NA	NA	NA	NA	NA
2019-nCoV	16022	C	+T	97	56	24	5	0	20	0.0515464	97	0.0345588	FALSE	NA	NA	NA	NA	NA	NA
2019-nCoV	16027	G	+GC	97	56	25	1	0	20	0.0103093	97	0.505155	FALSE	NA	NA	NA	NA	NA	NA
2019-nCoV	16028	C	G	97	56	25	1	1	20	0.0102041	98	0.502564	FALSE	NA	NA	NA	NA	NA	NA
2019-nCoV	16030	A	+G	99	59	25	1	0	20	0.010101	99	0.505051	FALSE	NA	NA	NA	NA	NA	NA
2019-nCoV	16031	T	+A	101	61	25	1	0	20	0.00990099	101	0.75617	FALSE	NA	NA	NA	NA	NA	NA
2019-nCoV	16034	A	G	93	57	24	2	0	22	0.0210526	95	0.251323	FALSE	NA	NA	NA	NA	NA	NA
2019-nCoV	16037	C	-T	100	59	25	1	0	20	0.01	100	0.753731	FALSE	NA	NA	NA	NA	NA	NA
2019-nCoV	16037	C	+G	100	59	25	1	0	20	0.01	100	0.753731	FALSE	NA	NA	NA	NA	NA	NA
2019-nCoV	16039	T	+A	94	62	24	1	0	20	0.0106383	94	0.505319	FALSE	NA	NA	NA	NA	NA	NA
2019-nCoV	16040	A	-C	96	57	24	2	0	20	0.0208333	96	0.256531	FALSE	NA	NA	NA	NA	NA	NA
2019-nCoV	16040	A	+C	96	57	24	1	0	20	0.0104167	96	0.505208	FALSE	NA	NA	NA	NA	NA	NA
2019-nCoV	16041	C	A	60	22	23	1	1	23	0.0163934	61	0.5	FALSE	NA	NA	NA	NA	NA	NA
2019-nCoV	16043	C	+A	71	57	23	1	0	20	0.0140845	71	0.507042	FALSE	NA	NA	NA	NA	NA	NA
2019-nCoV	16044	A	G	94	56	24	1	1	20	0.0105263	95	0.502646	FALSE	NA	NA	NA	NA	NA	NA
2019-nCoV	16045	C	-T	192	96	24	1	0	20	0.00520833	192	0.75325	FALSE	NA	NA	NA	NA	NA	NA
2019-nCoV	16045	C	+G	192	96	24	1	0	20	0.00520833	192	0.75325	FALSE	NA	NA	NA	NA	NA	NA
2019-nCoV	16047	T	C	157	99	23	2	1	27	0.0125786	159	0.502373	FALSE	NA	NA	NA	NA	NA	NA
2019-nCoV	16047	T	+C	157	99	23	1	0	20	0.00628931	159	0.750794	FALSE	NA	NA	NA	NA	NA	NA
2019-nCoV	16050	T	-A	194	100	24	2	0	20	0.0103093	194	0.505799	FALSE	NA	NA	NA	NA	NA	NA
2019-nCoV	16050	T	+A	194	100	24	2	0	20	0.0103093	194	0.505799	FALSE	NA	NA	NA	NA	NA	NA
2019-nCoV	16051	A	G	125	31	24	1	1	22	0.00787402	127	0.747036	FALSE	NA	NA	NA	NA	NA	NA
2019-nCoV	16051	A	C	125	31	24	1	0	20	0.00787402	127	0.747036	FALSE	NA	NA	NA	NA	NA	NA
2019-nCoV	16054	C	+A	192	98	24	1	0	20	0.00520833	192	0.75325	FALSE	NA	NA	NA	NA	NA	NA
2019-nCoV	16056	T	+C	189	97	25	2	0	20	0.010582	189	0.505952	FALSE	NA	NA	NA	NA	NA	NA
2019-nCoV	16059	T	C	188	91	24	1	1	23	0.00529101	189	0.751989	FALSE	NA	NA	NA	NA	NA	NA
2019-nCoV	16059	T	-A	188	91	24	1	0	20	0.00529101	189	0.751989	FALSE	NA	NA	NA	NA	NA	NA
2019-nCoV	16059	T	+G	188	91	24	1	0	20	0.00529101	189	0.751989	FALSE	NA	NA	NA	NA	NA	NA
2019-nCoV	16059	T	+A	188	91	24	1	0	20	0.00529101	189	0.751989	FALSE	NA	NA	NA	NA	NA	NA
2019-nCoV	16061	A	+G	166	91	24	1	0	20	0.0060241	166	0.753758	FALSE	NA	NA	NA	NA	NA	NA
2019-nCoV	16062	T	C	183	86	25	1	1	20	0.00543478	184	0.752044	FALSE	NA	NA	NA	NA	NA	NA
2019-nCoV	16062	T	+A	183	86	25	1	0	20	0.00543478	184	0.752044	FALSE	NA	NA	NA	NA	NA	NA
2019-nCoV	16064	A	T	177	90	24	1	1	25	0.00561798	178	0.752113	FALSE	NA	NA	NA	NA	NA	NA
2019-nCoV	16064	A	+G	177	90	24	1	0	20	0.00561798	178	0.752113	FALSE	NA	NA	NA	NA	NA	NA
2019-nCoV	16076	A	+C	101	41	24	2	0	20	0.019802	101	0.511138	FALSE	NA	NA	NA	NA	NA	NA
2019-nCoV	16080	C	+T	95	36	25	4	0	20	0.0421053	95	0.0671829	FALSE	NA	NA	NA	NA	NA	NA
2019-nCoV	16084	C	+A	103	40	25	1	0	20	0.00970874	103	0.75605	FALSE	NA	NA	NA	NA	NA	NA
2019-nCoV	16085	A	-T	100	40	24	1	0	20	0.01	100	0.753731	FALSE	NA	NA	NA	NA	NA	NA
2019-nCoV	16086	T	C	71	11	25	1	0	25	0.0138889	72	0.503497	FALSE	NA	NA	NA	NA	NA	NA
2019-nCoV	16088	T	C	63	40	23	1	0	23	0.0153846	65	0.5	FALSE	NA	NA	NA	NA	NA	NA
2019-nCoV	16088	T	A	63	40	23	1	0	25	0.0153846	65	0.5	FALSE	NA	NA	NA	NA	NA	NA
2019-nCoV	16091	A	G	93	34	24	1	1	20	0.0106383	94	0.502674	FALSE	NA	NA	NA	NA	NA	NA
2019-nCoV	16091	A	-C	93	34	24	1	0	20	0.0106383	94	0.502674	FALSE	NA	NA	NA	NA	NA	NA
2019-nCoV	16100	A	+C	88	42	24	1	0	20	0.0113636	88	0.505682	FALSE	NA	NA	NA	NA	NA	NA
2019-nCoV	16102	A	+T	91	40	25	1	0	20	0.010989	91	0.505495	FALSE	NA	NA	NA	NA	NA	NA
2019-nCoV	16105	A	G	84	43	23	1	0	21	0.0117647	85	0.502959	FALSE	NA	NA	NA	NA	NA	NA
2019-nCoV	16106	G	-A	88	32	24	1	0	20	0.0113636	88	0.505682	FALSE	NA	NA	NA	NA	NA	NA
2019-nCoV	16106	G	+A	88	32	24	1	0	20	0.0113636	88	0.505682	FALSE	NA	NA	NA	NA	NA	NA
2019-nCoV	16108	A	G	101	40	26	1	1	27	0.00980392	102	0.753695	FALSE	NA	NA	NA	NA	NA	NA
2019-nCoV	16111	C	T	85	35	23	4	1	25	0.0449438	89	0.0617756	FALSE	NA	NA	NA	NA	NA	NA
2019-nCoV	16112	T	-A	96	40	23	1	0	20	0.0104167	96	0.505208	FALSE	NA	NA	NA	NA	NA	NA
2019-nCoV	16116	T	C	88	32	24	1	1	23	0.011236	89	0.502825	FALSE	NA	NA	NA	NA	NA	NA
2019-nCoV	16117	G	-A	84	35	24	5	0	20	0.0595238	84	0.0350865	FALSE	NA	NA	NA	NA	NA	NA
2019-nCoV	16118	A	+T	89	42	24	1	0	20	0.0106383	94	0.491803	FALSE	NA	NA	NA	NA	NA	NA
2019-nCoV	16127	C	+A	86	34	24	1	0	20	0.0116279	86	0.505814	FALSE	NA	NA	NA	NA	NA	NA
2019-nCoV	16128	A	T	93	39	24	1	0	25	0.0105263	95	0.5	FALSE	NA	NA	NA	NA	NA	NA
2019-nCoV	16128	A	G	93	39	24	1	1	21	0.0105263	95	0.5	FALSE	NA	NA	NA	NA	NA	NA
2019-nCoV	16128	A	-G	93	39	24	1	0	20	0.0105263	95	0.5	FALSE	NA	NA	NA	NA	NA	NA
2019-nCoV	16132	C	-A	142	68	25	1	0	20	0.00704225	142	0.754392	FALSE	NA	NA	NA	NA	NA	NA
2019-nCoV	16133	A	G	144	70	25	1	0	28	0.00689655	145	0.750865	FALSE	NA	NA	NA	NA	NA	NA
2019-nCoV	16135	A	G	149	70	25	1	1	27	0.00666667	150	0.752508	FALSE	NA	NA	NA	NA	NA	NA
2019-nCoV	16135	A	+T	149	70	25	1	0	20	0.00666667	150	0.752508	FALSE	NA	NA	NA	NA	NA	NA
2019-nCoV	16137	G	+T	145	67	24	1	0	20	0.00689655	145	0.754301	FALSE	NA	NA	NA	NA	NA	NA
2019-nCoV	16140	A	C	150	68	25	1	1	27	0.00662252	151	0.752492	FALSE	NA	NA	NA	NA	NA	NA
2019-nCoV	16145	T	C	154	74	25	1	0	22	0.00645161	155	0.752427	FALSE	NA	NA	NA	NA	NA	NA
2019-nCoV	16145	T	+C	154	74	25	1	0	20	0.00645161	155	0.752427	FALSE	NA	NA	NA	NA	NA	NA
2019-nCoV	16149	T	C	128	48	24	1	0	27	0.00775194	129	0.752918	FALSE	NA	NA	NA	NA	NA	NA
2019-nCoV	16152	T	C	149	69	25	1	1	26	0.00666667	150	0.752508	FALSE	NA	NA	NA	NA	NA	NA
2019-nCoV	16153	G	A	145	67	25	1	1	26	0.00684932	146	0.752577	FALSE	NA	NA	NA	NA	NA	NA
2019-nCoV	16153	G	+T	145	67	25	1	0	20	0.00684932	146	0.752577	FALSE	NA	NA	NA	NA	NA	NA
2019-nCoV	16160	T	C	133	51	24	1	1	23	0.00746269	134	0.752809	FALSE	NA	NA	NA	NA	NA	NA
2019-nCoV	16164	T	C	130	53	25	1	1	22	0.00763359	131	0.752874	FALSE	NA	NA	NA	NA	NA	NA
2019-nCoV	16164	T	-A	130	53	25	5	0	20	0.0381679	131	0.115733	FALSE	NA	NA	NA	NA	NA	NA
2019-nCoV	16164	T	+G	130	53	25	1	0	20	0.00763359	131	0.752874	FALSE	NA	NA	NA	NA	NA	NA
2019-nCoV	16167	T	C	130	52	24	1	1	25	0.00763359	131	0.752874	FALSE	NA	NA	NA	NA	NA	NA
2019-nCoV	16169	A	G	144	63	25	2	2	23	0.0136986	146	0.502586	FALSE	NA	NA	NA	NA	NA	NA
2019-nCoV	16169	A	+T	144	63	25	1	0	20	0.00684932	146	0.750865	FALSE	NA	NA	NA	NA	NA	NA
2019-nCoV	16170	T	+A	148	68	25	1	0	20	0.00675676	148	0.754214	FALSE	NA	NA	NA	NA	NA	NA
2019-nCoV	16172	A	G	138	70	24	1	1	26	0.00719424	139	0.752708	FALSE	NA	NA	NA	NA	NA	NA
2019-nCoV	16173	C	+A	148	66	25	1	0	20	0.00675676	148	0.754214	FALSE	NA	NA	NA	NA	NA	NA
2019-nCoV	16174	A	G	149	68	25	1	1	26	0.00666667	150	0.752508	FALSE	NA	NA	NA	NA	NA	NA
2019-nCoV	16176	T	C	129	54	24	1	1	26	0.00763359	131	0.750965	FALSE	NA	NA	NA	NA	NA	NA
2019-nCoV	16176	T	A	129	54	24	1	0	20	0.00763359	131	0.750965	FALSE	NA	NA	NA	NA	NA	NA
2019-nCoV	16177	T	+C	134	76	23	1	0	20	0.00746269	134	0.754654	FALSE	NA	NA	NA	NA	NA	NA
2019-nCoV	16180	A	G	135	74	24	1	0	27	0.00735294	136	0.752768	FALSE	NA	NA	NA	NA	NA	NA
2019-nCoV	16184	A	+T	143	63	25	2	0	20	0.013986	143	0.507867	FALSE	NA	NA	NA	NA	NA	NA
2019-nCoV	16186	T	+G	116	65	23	3	0	20	0.0258621	116	0.323866	FALSE	NA	NA	NA	NA	NA	NA
2019-nCoV	16189	G	A	104	70	23	1	1	21	0.00952381	105	0.753589	FALSE	NA	NA	NA	NA	NA	NA
2019-nCoV	16196	A	G	149	70	25	1	1	27	0.00666667	150	0.752508	FALSE	NA	NA	NA	NA	NA	NA
2019-nCoV	16197	G	T	140	63	24	1	0	24	0.0070922	141	0.752669	FALSE	NA	NA	NA	NA	NA	NA
2019-nCoV	16197	G	-T	140	63	24	5	0	20	0.035461	141	0.115275	FALSE	NA	NA	NA	NA	NA	NA
2019-nCoV	16197	G	+T	140	63	24	6	0	20	0.0425532	141	0.0672536	FALSE	NA	NA	NA	NA	NA	NA
2019-nCoV	16201	T	C	81	72	24	1	1	26	0.0121951	82	0.503067	FALSE	NA	NA	NA	NA	NA	NA
2019-nCoV	16203	T	+C	149	71	24	1	0	20	0.00671141	149	0.754186	FALSE	NA	NA	NA	NA	NA	NA
2019-nCoV	16205	A	G	153	77	24	1	0	24	0.00649351	154	0.752443	FALSE	NA	NA	NA	NA	NA	NA
2019-nCoV	16211	T	C	144	69	25	1	1	24	0.00689655	145	0.752595	FALSE	NA	NA	NA	NA	NA	NA
2019-nCoV	16213	T	+A	150	74	25	1	0	20	0.00666667	150	0.754158	FALSE	NA	NA	NA	NA	NA	NA
2019-nCoV	16216	A	G	149	76	25	1	1	27	0.00666667	150	0.752508	FALSE	NA	NA	NA	NA	NA	NA
2019-nCoV	16216	A	+C	149	76	25	1	0	20	0.00666667	150	0.752508	FALSE	NA	NA	NA	NA	NA	NA
2019-nCoV	16218	A	+C	151	72	25	1	0	20	0.00662252	151	0.754131	FALSE	NA	NA	NA	NA	NA	NA
2019-nCoV	16220	C	T	124	75	24	1	0	26	0.008	125	0.753012	FALSE	NA	NA	NA	NA	NA	NA
2019-nCoV	16220	C	+T	124	75	24	1	0	20	0.008	125	0.753012	FALSE	NA	NA	NA	NA	NA	NA
2019-nCoV	16221	G	A	146	70	24	1	1	27	0.00680272	147	0.75256	FALSE	NA	NA	NA	NA	NA	NA
2019-nCoV	16221	G	+C	146	70	24	1	0	20	0.00680272	147	0.75256	FALSE	NA	NA	NA	NA	NA	NA
2019-nCoV	16223	A	G	151	71	25	1	1	29	0.00657895	152	0.752475	FALSE	NA	NA	NA	NA	NA	NA
2019-nCoV	16224	T	+A	157	78	25	1	0	20	0.00636943	157	0.753973	FALSE	NA	NA	NA	NA	NA	NA
2019-nCoV	16227	A	G	156	77	25	1	0	27	0.00636943	157	0.752396	FALSE	NA	NA	NA	NA	NA	NA
2019-nCoV	16227	A	+C	156	77	25	1	0	20	0.00636943	157	0.752396	FALSE	NA	NA	NA	NA	NA	NA
2019-nCoV	16228	G	+T	158	81	25	1	0	20	0.00632911	158	0.753948	FALSE	NA	NA	NA	NA	NA	NA
2019-nCoV	16229	T	+C	162	83	25	1	0	20	0.00613497	163	0.752308	FALSE	NA	NA	NA	NA	NA	NA
2019-nCoV	16230	C	+T	159	82	25	2	0	20	0.0125786	159	0.507075	FALSE	NA	NA	NA	NA	NA	NA
2019-nCoV	16231	T	C	139	59	24	3	3	24	0.0211268	142	0.313827	FALSE	NA	NA	NA	NA	NA	NA
2019-nCoV	16235	A	G	152	76	25	1	1	21	0.00653595	153	0.752459	FALSE	NA	NA	NA	NA	NA	NA
2019-nCoV	16235	A	-G	152	76	25	1	0	20	0.00653595	153	0.752459	FALSE	NA	NA	NA	NA	NA	NA
2019-nCoV	16235	A	+G	152	76	25	2	0	20	0.0130719	153	0.504918	FALSE	NA	NA	NA	NA	NA	NA
2019-nCoV	16236	G	A	136	59	24	1	1	25	0.00729927	137	0.750916	FALSE	NA	NA	NA	NA	NA	NA
2019-nCoV	16237	G	A	144	75	24	1	0	27	0.00689655	145	0.752595	FALSE	NA	NA	NA	NA	NA	NA
2019-nCoV	16240	G	+T	151	74	24	2	0	20	0.013245	151	0.50745	FALSE	NA	NA	NA	NA	NA	NA
2019-nCoV	16242	T	-G	121	78	23	8	0	20	0.0661157	121	0.0232186	FALSE	NA	NA	NA	NA	NA	NA
2019-nCoV	16243	G	A	68	4	25	1	1	23	0.0144928	69	0.472603	FALSE	NA	NA	NA	NA	NA	NA
2019-nCoV	16246	G	A	102	79	23	2	2	25	0.0192308	104	0.503641	FALSE	NA	NA	NA	NA	NA	NA
2019-nCoV	16246	G	+A	102	79	23	1	0	20	0.00961538	104	0.75122	FALSE	NA	NA	NA	NA	NA	NA
2019-nCoV	16247	C	+T	149	77	24	3	0	20	0.0201342	149	0.32134	FALSE	NA	NA	NA	NA	NA	NA
2019-nCoV	16250	G	+T	155	80	24	1	0	20	0.00645161	155	0.754024	FALSE	NA	NA	NA	NA	NA	NA
2019-nCoV	16250	G	+C	155	80	24	1	0	20	0.00645161	155	0.754024	FALSE	NA	NA	NA	NA	NA	NA
2019-nCoV	16252	G	+T	147	74	24	5	0	20	0.0340136	147	0.116663	FALSE	NA	NA	NA	NA	NA	NA
2019-nCoV	16255	C	-T	132	67	24	2	0	20	0.0151515	132	0.508523	FALSE	NA	NA	NA	NA	NA	NA
2019-nCoV	16255	C	+T	132	67	24	1	0	20	0.00757576	132	0.754724	FALSE	NA	NA	NA	NA	NA	NA
2019-nCoV	16257	T	C	142	78	25	2	0	25	0.0138889	144	0.502622	FALSE	NA	NA	NA	NA	NA	NA
2019-nCoV	16258	T	C	102	76	23	1	1	21	0.00970874	103	0.753659	FALSE	NA	NA	NA	NA	NA	NA
2019-nCoV	16261	A	G	90	24	24	1	0	26	0.010989	91	0.502762	FALSE	NA	NA	NA	NA	NA	NA
2019-nCoV	16264	T	C	139	78	23	1	0	22	0.00714286	140	0.752688	FALSE	NA	NA	NA	NA	NA	NA
2019-nCoV	16275	A	+T	44	29	25	1	0	20	0.0227273	44	0.511364	FALSE	NA	NA	NA	NA	NA	NA
2019-nCoV	16284	T	+G	46	29	24	1	0	20	0.0217391	46	0.51087	FALSE	NA	NA	NA	NA	NA	NA
2019-nCoV	16286	G	+T	43	29	23	2	0	20	0.0465116	43	0.264635	FALSE	NA	NA	NA	NA	NA	NA
2019-nCoV	16290	T	C	26	9	24	1	1	27	0.037037	27	0.509434	FALSE	NA	NA	NA	NA	NA	NA
2019-nCoV	16298	G	+TC	46	31	25	1	0	20	0.0217391	46	0.51087	FALSE	NA	NA	NA	NA	NA	NA
2019-nCoV	16299	T	+G	49	34	25	1	0	20	0.0204082	49	0.510204	FALSE	NA	NA	NA	NA	NA	NA
2019-nCoV	16302	A	C	49	33	24	1	1	22	0.02	50	0.505051	FALSE	NA	NA	NA	NA	NA	NA
2019-nCoV	16302	A	-C	49	33	24	1	0	20	0.02	50	0.505051	FALSE	NA	NA	NA	NA	NA	NA
2019-nCoV	16302	A	+C	49	33	24	2	0	20	0.04	50	0.257576	FALSE	NA	NA	NA	NA	NA	NA
2019-nCoV	16304	C	T	47	35	24	1	0	28	0.0208333	48	0.505263	FALSE	NA	NA	NA	NA	NA	NA
2019-nCoV	16305	A	+T	50	34	24	2	0	20	0.04	50	0.262574	FALSE	NA	NA	NA	NA	NA	NA
2019-nCoV	16307	T	C	286	182	24	1	0	23	0.00348432	287	0.876308	FALSE	NA	NA	NA	NA	NA	NA
2019-nCoV	16309	T	C	303	127	24	1	0	21	0.00328947	304	0.938527	FALSE	NA	NA	NA	NA	NA	NA
2019-nCoV	16313	G	-T	326	151	25	1	0	20	0.00306748	326	0.938835	FALSE	NA	NA	NA	NA	NA	NA
2019-nCoV	16313	G	+T	326	151	25	6	0	20	0.0184049	326	0.263028	FALSE	NA	NA	NA	NA	NA	NA
2019-nCoV	16316	G	A	325	151	25	1	0	23	0.00306748	326	0.938458	FALSE	NA	NA	NA	NA	NA	NA
2019-nCoV	16316	G	-T	325	151	25	1	0	20	0.00306748	326	0.938458	FALSE	NA	NA	NA	NA	NA	NA
2019-nCoV	16317	T	C	318	149	25	2	2	25	0.00625	320	0.81348	FALSE	NA	NA	NA	NA	NA	NA
2019-nCoV	16317	T	-A	318	149	25	1	0	20	0.00311526	321	0.937697	FALSE	NA	NA	NA	NA	NA	NA
2019-nCoV	16317	T	+TA	318	149	25	1	0	20	0.00311526	321	0.937697	FALSE	NA	NA	NA	NA	NA	NA
2019-nCoV	16317	T	+A	318	149	25	4	0	20	0.0124611	321	0.503423	FALSE	NA	NA	NA	NA	NA	NA
2019-nCoV	16321	T	G	316	150	25	1	0	28	0.00315457	317	0.938485	FALSE	NA	NA	NA	NA	NA	NA
2019-nCoV	16321	T	+C	316	150	25	1	0	20	0.00315457	317	0.938485	FALSE	NA	NA	NA	NA	NA	NA
2019-nCoV	16321	T	+A	316	150	25	1	0	20	0.00315457	317	0.938485	FALSE	NA	NA	NA	NA	NA	NA
2019-nCoV	16323	C	T	314	155	25	1	0	28	0.0031746	315	0.938491	FALSE	NA	NA	NA	NA	NA	NA
2019-nCoV	16323	C	-T	314	155	25	1	0	20	0.0031746	315	0.938491	FALSE	NA	NA	NA	NA	NA	NA
2019-nCoV	16323	C	+T	314	155	25	1	0	20	0.0031746	315	0.938491	FALSE	NA	NA	NA	NA	NA	NA
2019-nCoV	16324	T	C	313	153	25	1	0	20	0.00318471	314	0.938098	FALSE	NA	NA	NA	NA	NA	NA
2019-nCoV	16324	T	+G	313	153	25	3	0	20	0.00952381	315	0.65998	FALSE	NA	NA	NA	NA	NA	NA
2019-nCoV	16325	G	A	313	154	25	1	0	24	0.00318471	314	0.938494	FALSE	NA	NA	NA	NA	NA	NA
2019-nCoV	16325	G	+C	313	154	25	1	0	20	0.00318471	314	0.938494	FALSE	NA	NA	NA	NA	NA	NA
2019-nCoV	16328	A	G	311	152	25	1	0	23	0.00320513	312	0.938501	FALSE	NA	NA	NA	NA	NA	NA
2019-nCoV	16330	G	A	315	154	25	2	0	23	0.00630915	317	0.814477	FALSE	NA	NA	NA	NA	NA	NA
2019-nCoV	16332	C	T	287	128	24	1	0	20	0.00347222	288	0.876303	FALSE	NA	NA	NA	NA	NA	NA
2019-nCoV	16333	C	T	263	154	24	2	0	26	0.00754717	265	0.689631	FALSE	NA	NA	NA	NA	NA	NA
2019-nCoV	16334	A	G	311	153	25	1	1	23	0.00320513	312	0.938501	FALSE	NA	NA	NA	NA	NA	NA
2019-nCoV	16334	A	+T	311	153	25	1	0	20	0.00320513	312	0.938501	FALSE	NA	NA	NA	NA	NA	NA
2019-nCoV	16335	T	C	292	153	25	2	1	25	0.00680272	294	0.68942	FALSE	NA	NA	NA	NA	NA	NA
2019-nCoV	16335	T	+G	292	153	25	1	0	20	0.00340136	294	0.875641	FALSE	NA	NA	NA	NA	NA	NA
2019-nCoV	16337	T	A	293	150	25	1	1	26	0.00340136	294	0.876277	FALSE	NA	NA	NA	NA	NA	NA
2019-nCoV	16337	T	+C	293	150	25	1	0	20	0.00340136	294	0.876277	FALSE	NA	NA	NA	NA	NA	NA
2019-nCoV	16338	C	T	298	144	25	1	1	27	0.00334448	299	0.876255	FALSE	NA	NA	NA	NA	NA	NA
2019-nCoV	16339	A	G	296	141	25	1	1	21	0.003367	297	0.876264	FALSE	NA	NA	NA	NA	NA	NA
2019-nCoV	16339	A	+T	296	141	25	1	0	20	0.003367	297	0.876264	FALSE	NA	NA	NA	NA	NA	NA
2019-nCoV	16340	T	+A	298	137	25	1	0	20	0.0033557	298	0.876882	FALSE	NA	NA	NA	NA	NA	NA
2019-nCoV	16342	T	C	307	143	25	1	0	25	0.00324675	308	0.938514	FALSE	NA	NA	NA	NA	NA	NA
2019-nCoV	16343	C	T	310	146	25	1	1	28	0.00321543	311	0.938504	FALSE	NA	NA	NA	NA	NA	NA
2019-nCoV	16343	C	+A	310	146	25	3	0	20	0.0096463	311	0.661525	FALSE	NA	NA	NA	NA	NA	NA
2019-nCoV	16344	A	T	276	110	24	1	1	22	0.00361011	277	0.876355	FALSE	NA	NA	NA	NA	NA	NA
2019-nCoV	16346	C	+A	293	146	25	1	0	20	0.00341297	293	0.876914	FALSE	NA	NA	NA	NA	NA	NA
2019-nCoV	16348	T	C	283	142	25	3	2	23	0.0104895	286	0.501648	FALSE	NA	NA	NA	NA	NA	NA
2019-nCoV	16348	T	-C	283	142	25	1	0	20	0.0034965	286	0.875001	FALSE	NA	NA	NA	NA	NA	NA
2019-nCoV	16349	C	T	296	144	25	1	1	25	0.003367	297	0.875632	FALSE	NA	NA	NA	NA	NA	NA
2019-nCoV	16349	C	+G	296	144	25	2	0	20	0.00671141	298	0.689394	FALSE	NA	NA	NA	NA	NA	NA
2019-nCoV	16349	C	+A	296	144	25	1	0	20	0.0033557	298	0.875632	FALSE	NA	NA	NA	NA	NA	NA
2019-nCoV	16351	C	+G	291	147	25	1	0	20	0.00343643	291	0.876927	FALSE	NA	NA	NA	NA	NA	NA
2019-nCoV	16351	C	+A	291	147	25	2	0	20	0.00687285	291	0.692002	FALSE	NA	NA	NA	NA	NA	NA
2019-nCoV	16352	A	T	288	140	25	1	0	22	0.00346021	289	0.876299	FALSE	NA	NA	NA	NA	NA	NA
2019-nCoV	16352	A	+T	288	140	25	1	0	20	0.00346021	289	0.876299	FALSE	NA	NA	NA	NA	NA	NA
2019-nCoV	16353	T	-A	284	132	25	1	0	20	0.00352113	284	0.876975	FALSE	NA	NA	NA	NA	NA	NA
2019-nCoV	16353	T	+A	284	132	25	3	0	20	0.0105634	284	0.506602	FALSE	NA	NA	NA	NA	NA	NA
2019-nCoV	16356	A	G	226	141	24	1	0	26	0.00440529	227	0.876654	FALSE	NA	NA	NA	NA	NA	NA
2019-nCoV	16359	A	-G	351	138	25	1	0	20	0.002849	351	0.938741	FALSE	NA	NA	NA	NA	NA	NA
2019-nCoV	16359	A	+G	351	138	25	1	0	20	0.002849	351	0.938741	FALSE	NA	NA	NA	NA	NA	NA
2019-nCoV	16361	T	C	362	143	25	3	1	21	0.00821918	365	0.658185	FALSE	NA	NA	NA	NA	NA	NA
2019-nCoV	16362	C	+T	358	147	25	1	0	20	0.0027933	358	0.938717	FALSE	NA	NA	NA	NA	NA	NA
2019-nCoV	16362	C	+G	358	147	25	1	0	20	0.0027933	358	0.938717	FALSE	NA	NA	NA	NA	NA	NA
2019-nCoV	16363	T	A	341	128	24	1	0	23	0.00292398	342	0.938413	FALSE	NA	NA	NA	NA	NA	NA
2019-nCoV	16364	T	+G	292	154	24	1	0	20	0.00342466	292	0.876921	FALSE	NA	NA	NA	NA	NA	NA
2019-nCoV	16366	T	C	371	152	25	1	1	20	0.00268817	372	0.938339	FALSE	NA	NA	NA	NA	NA	NA
2019-nCoV	16366	T	+C	371	152	25	1	0	20	0.00268817	372	0.938339	FALSE	NA	NA	NA	NA	NA	NA
2019-nCoV	16366	T	+A	371	152	25	1	0	20	0.00268817	372	0.938339	FALSE	NA	NA	NA	NA	NA	NA
2019-nCoV	16368	T	A	369	152	25	1	1	31	0.0027027	370	0.500677	FALSE	NA	NA	NA	NA	NA	NA
2019-nCoV	16368	T	+C	369	152	25	1	0	20	0.0027027	370	0.938344	FALSE	NA	NA	NA	NA	NA	NA
2019-nCoV	16369	G	+T	362	151	25	1	0	20	0.00276243	362	0.938703	FALSE	NA	NA	NA	NA	NA	NA
2019-nCoV	16369	G	+A	362	151	25	1	0	20	0.00276243	362	0.938703	FALSE	NA	NA	NA	NA	NA	NA
2019-nCoV	16371	T	C	312	152	24	1	0	23	0.00319489	313	0.938498	FALSE	NA	NA	NA	NA	NA	NA
2019-nCoV	16371	T	-A	312	152	24	1	0	20	0.00319489	313	0.938498	FALSE	NA	NA	NA	NA	NA	NA
2019-nCoV	16371	T	+TA	312	152	24	1	0	20	0.00319489	313	0.938498	FALSE	NA	NA	NA	NA	NA	NA
2019-nCoV	16371	T	+A	312	152	24	1	0	20	0.00319489	313	0.938498	FALSE	NA	NA	NA	NA	NA	NA
2019-nCoV	16374	T	-C	361	142	25	1	0	20	0.00277008	361	0.938707	FALSE	NA	NA	NA	NA	NA	NA
2019-nCoV	16374	T	+C	361	142	25	3	0	20	0.00831025	361	0.66208	FALSE	NA	NA	NA	NA	NA	NA
2019-nCoV	16376	C	T	323	144	23	2	2	26	0.00615385	325	0.814428	FALSE	NA	NA	NA	NA	NA	NA
2019-nCoV	16377	G	T	324	124	25	32	13	23	0.0898876	356	1.19185e-7	TRUE	NA	NA	NA	NA	NA	NA
2019-nCoV	16378	T	A	349	136	25	1	0	24	0.00285714	350	0.938392	FALSE	NA	NA	NA	NA	NA	NA
2019-nCoV	16378	T	+A	349	136	25	1	0	20	0.00285714	350	0.938392	FALSE	NA	NA	NA	NA	NA	NA
2019-nCoV	16380	T	+G	352	139	25	1	0	20	0.00284091	352	0.938737	FALSE	NA	NA	NA	NA	NA	NA
2019-nCoV	16380	T	+C	352	139	25	1	0	20	0.00284091	352	0.938737	FALSE	NA	NA	NA	NA	NA	NA
2019-nCoV	16381	G	-T	352	146	24	3	0	20	0.00852273	352	0.662229	FALSE	NA	NA	NA	NA	NA	NA
2019-nCoV	16382	T	G	256	52	24	1	0	24	0.00387597	258	0.874272	FALSE	NA	NA	NA	NA	NA	NA
2019-nCoV	16382	T	C	256	52	24	1	0	24	0.00387597	258	0.874272	FALSE	NA	NA	NA	NA	NA	NA
2019-nCoV	16383	T	C	369	155	25	2	0	28	0.00539084	371	0.814189	FALSE	NA	NA	NA	NA	NA	NA
2019-nCoV	16384	T	C	220	153	24	2	1	27	0.00900901	222	0.690046	FALSE	NA	NA	NA	NA	NA	NA
2019-nCoV	16385	G	A	350	150	24	1	1	27	0.002849	351	0.93839	FALSE	NA	NA	NA	NA	NA	NA
2019-nCoV	16386	C	G	350	152	25	1	0	24	0.002849	351	0.93839	FALSE	NA	NA	NA	NA	NA	NA
2019-nCoV	16386	C	-A	350	152	25	2	0	20	0.00569801	351	0.815169	FALSE	NA	NA	NA	NA	NA	NA
2019-nCoV	16387	A	G	338	125	24	2	2	24	0.00588235	340	0.812502	FALSE	NA	NA	NA	NA	NA	NA
2019-nCoV	16388	A	+T	283	147	24	1	0	20	0.00353357	283	0.876982	FALSE	NA	NA	NA	NA	NA	NA
2019-nCoV	16390	G	+C	345	131	25	1	0	20	0.00289855	345	0.938762	FALSE	NA	NA	NA	NA	NA	NA
2019-nCoV	16391	C	+T	351	135	25	1	0	20	0.002849	351	0.938741	FALSE	NA	NA	NA	NA	NA	NA
2019-nCoV	16391	C	+G	351	135	25	1	0	20	0.002849	351	0.938741	FALSE	NA	NA	NA	NA	NA	NA
2019-nCoV	16392	T	C	361	147	25	1	1	23	0.00276243	362	0.938363	FALSE	NA	NA	NA	NA	NA	NA
2019-nCoV	16392	T	-C	361	147	25	2	0	20	0.00552486	362	0.815088	FALSE	NA	NA	NA	NA	NA	NA
2019-nCoV	16393	C	T	334	122	24	2	1	25	0.00595238	336	0.812502	FALSE	NA	NA	NA	NA	NA	NA
2019-nCoV	16399	T	G	300	144	23	1	0	27	0.00330033	303	0.937709	FALSE	NA	NA	NA	NA	NA	NA
2019-nCoV	16399	T	C	300	144	23	2	0	24	0.00660066	303	0.813539	FALSE	NA	NA	NA	NA	NA	NA
2019-nCoV	16402	G	A	330	121	25	2	0	27	0.0060241	332	0.814388	FALSE	NA	NA	NA	NA	NA	NA
2019-nCoV	16405	G	+T	366	145	25	1	0	20	0.00273224	366	0.93869	FALSE	NA	NA	NA	NA	NA	NA
2019-nCoV	16406	T	C	355	140	25	1	0	23	0.00280899	356	0.938377	FALSE	NA	NA	NA	NA	NA	NA
2019-nCoV	16407	C	T	351	136	25	1	0	21	0.00284091	352	0.938387	FALSE	NA	NA	NA	NA	NA	NA
2019-nCoV	16408	A	+T	360	144	25	1	0	20	0.00277778	360	0.93871	FALSE	NA	NA	NA	NA	NA	NA
2019-nCoV	16409	C	T	357	140	25	1	1	24	0.0027933	358	0.938372	FALSE	NA	NA	NA	NA	NA	NA
2019-nCoV	16409	C	+T	357	140	25	1	0	20	0.0027933	358	0.938372	FALSE	NA	NA	NA	NA	NA	NA
2019-nCoV	16409	C	+A	357	140	25	1	0	20	0.0027933	358	0.938372	FALSE	NA	NA	NA	NA	NA	NA
2019-nCoV	16410	A	G	357	136	25	1	0	29	0.0027933	358	0.938372	FALSE	NA	NA	NA	NA	NA	NA
2019-nCoV	16411	G	+C	351	132	25	1	0	20	0.002849	351	0.938741	FALSE	NA	NA	NA	NA	NA	NA
2019-nCoV	16412	A	G	354	131	25	1	1	28	0.0028169	355	0.93838	FALSE	NA	NA	NA	NA	NA	NA
2019-nCoV	16413	T	C	362	140	25	2	1	25	0.00549451	364	0.814221	FALSE	NA	NA	NA	NA	NA	NA
2019-nCoV	16414	G	+T	366	145	25	1	0	20	0.00273224	366	0.93869	FALSE	NA	NA	NA	NA	NA	NA
2019-nCoV	16415	T	C	354	133	25	2	2	23	0.00561798	356	0.81426	FALSE	NA	NA	NA	NA	NA	NA
2019-nCoV	16417	A	G	348	127	25	3	1	26	0.00854701	351	0.658263	FALSE	NA	NA	NA	NA	NA	NA
2019-nCoV	16417	A	+G	348	127	25	1	0	20	0.002849	351	0.93768	FALSE	NA	NA	NA	NA	NA	NA
2019-nCoV	16418	C	+CA	331	109	25	1	0	20	0.00302115	331	0.938815	FALSE	NA	NA	NA	NA	NA	NA
2019-nCoV	16419	T	C	335	114	25	2	2	27	0.00593472	337	0.814359	FALSE	NA	NA	NA	NA	NA	NA
2019-nCoV	16419	T	-C	335	114	25	1	0	20	0.00296736	337	0.938058	FALSE	NA	NA	NA	NA	NA	NA
2019-nCoV	16420	C	+A	343	123	25	3	0	20	0.00874636	343	0.662386	FALSE	NA	NA	NA	NA	NA	NA
2019-nCoV	16421	A	G	323	100	25	1	1	28	0.00308642	324	0.938464	FALSE	NA	NA	NA	NA	NA	NA
2019-nCoV	16423	C	+T	369	149	25	11	0	20	0.0298103	369	0.0315964	FALSE	NA	NA	NA	NA	NA	NA
2019-nCoV	16424	T	C	266	49	25	5	2	23	0.0183824	272	0.225038	FALSE	NA	NA	NA	NA	NA	NA
2019-nCoV	16424	T	A	266	49	25	1	0	26	0.00367647	272	0.872895	FALSE	NA	NA	NA	NA	NA	NA
2019-nCoV	16425	T	C	384	162	26	1	1	25	0.0025974	385	0.938311	FALSE	NA	NA	NA	NA	NA	NA
2019-nCoV	16427	A	T	367	151	25	1	1	20	0.00271739	368	0.938349	FALSE	NA	NA	NA	NA	NA	NA
2019-nCoV	16427	A	-C	367	151	25	1	0	20	0.00271739	368	0.938349	FALSE	NA	NA	NA	NA	NA	NA
2019-nCoV	16428	C	-T	369	154	25	1	0	20	0.0027027	370	0.938344	FALSE	NA	NA	NA	NA	NA	NA
2019-nCoV	16428	C	+T	369	154	25	2	0	20	0.00540541	370	0.815032	FALSE	NA	NA	NA	NA	NA	NA
2019-nCoV	16430	T	C	333	167	24	1	0	22	0.00298507	335	0.938062	FALSE	NA	NA	NA	NA	NA	NA
2019-nCoV	16430	T	A	333	167	24	1	1	20	0.00298507	335	0.938062	FALSE	NA	NA	NA	NA	NA	NA
2019-nCoV	16431	A	G	372	160	25	1	0	28	0.00268097	373	0.938337	FALSE	NA	NA	NA	NA	NA	NA
2019-nCoV	16431	A	+G	372	160	25	2	0	20	0.00536193	373	0.815012	FALSE	NA	NA	NA	NA	NA	NA
2019-nCoV	16432	G	C	324	107	25	1	0	27	0.00307692	325	0.938461	FALSE	NA	NA	NA	NA	NA	NA
2019-nCoV	16433	G	-A	350	165	24	1	0	20	0.00285714	350	0.938744	FALSE	NA	NA	NA	NA	NA	NA
2019-nCoV	16433	G	+T	350	165	24	1	0	20	0.00285714	350	0.938744	FALSE	NA	NA	NA	NA	NA	NA
2019-nCoV	16434	A	G	378	158	25	1	1	22	0.00263852	379	0.937995	FALSE	NA	NA	NA	NA	NA	NA
2019-nCoV	16434	A	+G	378	158	25	1	0	20	0.00263158	380	0.937995	FALSE	NA	NA	NA	NA	NA	NA
2019-nCoV	16436	G	+A	339	161	23	1	0	20	0.00294985	339	0.938784	FALSE	NA	NA	NA	NA	NA	NA
2019-nCoV	16437	T	+A	372	157	25	2	0	20	0.00537634	372	0.815848	FALSE	NA	NA	NA	NA	NA	NA
2019-nCoV	16439	T	C	375	157	25	1	1	34	0.00265957	376	0.50066600000000006	FALSE	NA	NA	NA	NA	NA	NA
2019-nCoV	16439	T	-G	375	157	25	1	0	20	0.00265957	376	0.938331	FALSE	NA	NA	NA	NA	NA	NA
2019-nCoV	16439	T	+G	375	157	25	3	0	20	0.00797872	376	0.660613	FALSE	NA	NA	NA	NA	NA	NA
2019-nCoV	16440	G	+A	370	153	25	1	0	20	0.00269542	371	0.938342	FALSE	NA	NA	NA	NA	NA	NA
2019-nCoV	16441	A	G	364	150	25	1	0	30	0.00273973	365	0.500686	FALSE	NA	NA	NA	NA	NA	NA
2019-nCoV	16441	A	+T	364	150	25	1	0	20	0.00273973	365	0.938356	FALSE	NA	NA	NA	NA	NA	NA
2019-nCoV	16441	A	+G	364	150	25	2	0	20	0.00547945	365	0.815067	FALSE	NA	NA	NA	NA	NA	NA
2019-nCoV	16443	C	T	369	159	25	1	0	26	0.00269542	371	0.938007	FALSE	NA	NA	NA	NA	NA	NA
2019-nCoV	16443	C	A	369	159	25	1	0	28	0.00269542	371	0.938007	FALSE	NA	NA	NA	NA	NA	NA
2019-nCoV	16444	T	+A	378	163	25	1	0	20	0.0026455	378	0.938652	FALSE	NA	NA	NA	NA	NA	NA
2019-nCoV	16445	A	+T	368	149	25	3	0	20	0.00815217	368	0.66197	FALSE	NA	NA	NA	NA	NA	NA
2019-nCoV	16446	T	C	322	102	25	2	2	27	0.00617284	324	0.814434	FALSE	NA	NA	NA	NA	NA	NA
2019-nCoV	16448	A	+T	367	153	25	4	0	20	0.0108992	367	0.50745	FALSE	NA	NA	NA	NA	NA	NA
2019-nCoV	16450	T	A	342	167	23	1	1	26	0.00291545	343	0.93841	FALSE	NA	NA	NA	NA	NA	NA
2019-nCoV	16450	T	+G	342	167	23	1	0	20	0.00291545	343	0.93841	FALSE	NA	NA	NA	NA	NA	NA
2019-nCoV	16451	G	-T	382	164	25	1	0	20	0.0026178	382	0.93864	FALSE	NA	NA	NA	NA	NA	NA
2019-nCoV	16452	T	C	378	161	25	2	2	23	0.00526316	380	0.814149	FALSE	NA	NA	NA	NA	NA	NA
2019-nCoV	16452	T	-A	378	161	25	2	0	20	0.00526316	380	0.814149	FALSE	NA	NA	NA	NA	NA	NA
2019-nCoV	16452	T	+A	378	161	25	6	0	20	0.0157895	380	0.259117	FALSE	NA	NA	NA	NA	NA	NA
2019-nCoV	16454	A	G	387	167	26	5	2	28	0.0127551	392	0.363981	FALSE	NA	NA	NA	NA	NA	NA
2019-nCoV	16455	A	G	295	166	24	2	1	27	0.00673401	297	0.689401	FALSE	NA	NA	NA	NA	NA	NA
2019-nCoV	16455	A	+T	295	166	24	1	0	20	0.003367	297	0.875635	FALSE	NA	NA	NA	NA	NA	NA
2019-nCoV	16455	A	+AT	295	166	24	1	0	20	0.003367	297	0.875635	FALSE	NA	NA	NA	NA	NA	NA
2019-nCoV	16456	T	C	381	163	25	4	1	25	0.0103896	385	0.501428	FALSE	NA	NA	NA	NA	NA	NA
2019-nCoV	16456	T	+C	381	163	25	1	0	20	0.0025974	385	0.937337	FALSE	NA	NA	NA	NA	NA	NA
2019-nCoV	16456	T	+AC	381	163	25	1	0	20	0.0025974	385	0.937337	FALSE	NA	NA	NA	NA	NA	NA
2019-nCoV	16457	C	+G	386	167	26	1	0	20	0.00259067	386	0.938629	FALSE	NA	NA	NA	NA	NA	NA
2019-nCoV	16459	C	+A	372	158	25	1	0	20	0.00268817	372	0.938671	FALSE	NA	NA	NA	NA	NA	NA
2019-nCoV	16460	A	G	366	154	25	1	0	26	0.0027248	367	0.938351	FALSE	NA	NA	NA	NA	NA	NA
2019-nCoV	16461	T	-A	372	156	25	4	0	20	0.0107527	372	0.50735	FALSE	NA	NA	NA	NA	NA	NA
2019-nCoV	16461	T	+C	372	156	25	1	0	20	0.00268817	372	0.938671	FALSE	NA	NA	NA	NA	NA	NA
2019-nCoV	16461	T	+A	372	156	25	14	0	20	0.0376344	372	0.00739661	TRUE	NA	NA	NA	NA	NA	NA
2019-nCoV	16463	A	G	388	170	26	1	1	24	0.00257069	389	0.938303	FALSE	NA	NA	NA	NA	NA	NA
2019-nCoV	16464	A	+C	285	165	23	1	0	20	0.00350877	285	0.876968	FALSE	NA	NA	NA	NA	NA	NA
2019-nCoV	16466	C	+CT	340	166	24	1	0	20	0.00294118	340	0.938781	FALSE	NA	NA	NA	NA	NA	NA
2019-nCoV	16474	A	T	45	0	24	1	1	21	0.0217391	46	0.505495	FALSE	NA	NA	NA	NA	NA	NA
2019-nCoV	16474	A	+G	45	0	24	1	0	20	0.0217391	46	0.505495	FALSE	NA	NA	NA	NA	NA	NA
2019-nCoV	16475	G	A	44	0	24	1	1	21	0.0222222	45	0.505618	FALSE	NA	NA	NA	NA	NA	NA
2019-nCoV	16475	G	-T	44	0	24	3	0	20	0.0666667	45	0.133473	FALSE	NA	NA	NA	NA	NA	NA
2019-nCoV	16475	G	+T	44	0	24	1	0	20	0.0222222	45	0.505618	FALSE	NA	NA	NA	NA	NA	NA
2019-nCoV	16476	T	G	45	0	24	1	1	23	0.0217391	46	0.494624	FALSE	NA	NA	NA	NA	NA	NA
2019-nCoV	16477	T	C	45	0	25	2	0	23	0.0425532	47	0.252688	FALSE	NA	NA	NA	NA	NA	NA
2019-nCoV	16491	T	+G	48	1	25	1	0	20	0.0208333	48	0.510417	FALSE	NA	NA	NA	NA	NA	NA
2019-nCoV	16492	A	G	46	0	26	1	0	29	0.0212766	47	0.505376	FALSE	NA	NA	NA	NA	NA	NA
2019-nCoV	16494	T	+G	48	3	26	1	0	20	0.0208333	48	0.510417	FALSE	NA	NA	NA	NA	NA	NA
2019-nCoV	16495	G	-GA	47	0	26	1	0	20	0.0212766	47	0.510638	FALSE	NA	NA	NA	NA	NA	NA
2019-nCoV	16498	C	+A	55	8	25	1	0	20	0.0181818	55	0.509091	FALSE	NA	NA	NA	NA	NA	NA
2019-nCoV	16501	G	-T	51	9	23	9	0	20	0.176471	51	0.00318374	TRUE	NA	NA	NA	NA	NA	NA
2019-nCoV	16501	G	+T	51	9	23	1	0	20	0.0196078	51	0.509804	FALSE	NA	NA	NA	NA	NA	NA
2019-nCoV	16506	T	C	8	8	23	1	0	20	0.111111	9	0.529412	FALSE	NA	NA	NA	NA	NA	NA
2019-nCoV	16508	G	+T	25	9	21	1	0	20	0.04	25	0.52	FALSE	NA	NA	NA	NA	NA	NA
2019-nCoV	16509	T	C	134	4	24	1	0	29	0.00740741	135	0.752788	FALSE	NA	NA	NA	NA	NA	NA
2019-nCoV	16513	T	+A	153	26	23	3	0	20	0.0196078	153	0.321108	FALSE	NA	NA	NA	NA	NA	NA
2019-nCoV	16514	A	G	153	26	23	1	0	23	0.00649351	154	0.752443	FALSE	NA	NA	NA	NA	NA	NA
2019-nCoV	16514	A	-T	153	26	23	1	0	20	0.00649351	154	0.752443	FALSE	NA	NA	NA	NA	NA	NA
2019-nCoV	16515	T	A	145	19	22	4	4	24	0.0268456	149	0.185385	FALSE	NA	NA	NA	NA	NA	NA
2019-nCoV	16515	T	-A	145	19	22	41	0	20	0.273333	150	7.92268e-11	TRUE	NA	NA	NA	NA	NA	NA
2019-nCoV	16515	T	+A	145	19	22	12	0	20	0.08	150	0.0019052	TRUE	NA	NA	NA	NA	NA	NA
2019-nCoV	16516	A	T	105	0	22	4	4	24	0.0366972	109	0.112121	FALSE	NA	NA	NA	NA	NA	NA
2019-nCoV	16523	C	T	160	25	23	1	1	20	0.00621118	161	0.752336	FALSE	NA	NA	NA	NA	NA	NA
2019-nCoV	16524	A	G	157	20	23	1	1	24	0.00632911	158	0.752381	FALSE	NA	NA	NA	NA	NA	NA
2019-nCoV	16524	A	+T	157	20	23	2	0	20	0.0126582	158	0.504762	FALSE	NA	NA	NA	NA	NA	NA
2019-nCoV	16525	T	C	153	23	23	1	0	27	0.00649351	154	0.752443	FALSE	NA	NA	NA	NA	NA	NA
2019-nCoV	16525	T	+TG	153	23	23	1	0	20	0.00649351	154	0.752443	FALSE	NA	NA	NA	NA	NA	NA
2019-nCoV	16527	T	C	167	28	24	1	0	28	0.00595238	168	0.752239	FALSE	NA	NA	NA	NA	NA	NA
2019-nCoV	16528	G	+T	177	36	24	1	0	20	0.00564972	177	0.753525	FALSE	NA	NA	NA	NA	NA	NA
2019-nCoV	16530	T	+TG	143	45	22	1	0	20	0.00699301	143	0.754361	FALSE	NA	NA	NA	NA	NA	NA
2019-nCoV	16533	T	C	194	42	24	1	0	26	0.00512821	195	0.751928	FALSE	NA	NA	NA	NA	NA	NA
2019-nCoV	16534	A	+AG	201	45	24	1	0	20	0.00497512	201	0.877787	FALSE	NA	NA	NA	NA	NA	NA
2019-nCoV	16535	G	T	169	15	25	1	0	23	0.00584795	171	0.750737	FALSE	NA	NA	NA	NA	NA	NA
2019-nCoV	16535	G	A	169	15	25	1	0	21	0.00584795	171	0.750737	FALSE	NA	NA	NA	NA	NA	NA
2019-nCoV	16536	C	-G	170	18	24	1	0	20	0.00588235	170	0.75367	FALSE	NA	NA	NA	NA	NA	NA
2019-nCoV	16537	G	+T	164	18	24	1	0	20	0.00606061	165	0.75228	FALSE	NA	NA	NA	NA	NA	NA
2019-nCoV	16538	A	+T	182	36	24	1	0	20	0.00549451	182	0.753428	FALSE	NA	NA	NA	NA	NA	NA
2019-nCoV	16539	T	+A	181	38	24	6	0	20	0.0331492	181	0.0671223	FALSE	NA	NA	NA	NA	NA	NA
2019-nCoV	16543	G	+T	207	59	24	2	0	20	0.00966184	207	0.693824	FALSE	NA	NA	NA	NA	NA	NA
2019-nCoV	16545	T	+A	159	58	22	1	0	20	0.00628931	159	0.753923	FALSE	NA	NA	NA	NA	NA	NA
2019-nCoV	16548	T	-G	209	68	24	3	0	20	0.0143541	209	0.508971	FALSE	NA	NA	NA	NA	NA	NA
2019-nCoV	16549	G	+TA	202	60	24	1	0	20	0.00487805	205	0.875002	FALSE	NA	NA	NA	NA	NA	NA
2019-nCoV	16549	G	+T	202	60	24	28	0	20	0.136585	205	9.78404e-7	TRUE	NA	NA	NA	NA	NA	NA
2019-nCoV	16549	G	+A	202	60	24	1	0	20	0.00487805	205	0.875002	FALSE	NA	NA	NA	NA	NA	NA
2019-nCoV	16550	A	T	197	61	24	1	0	20	0.00502513	199	0.750633	FALSE	NA	NA	NA	NA	NA	NA
2019-nCoV	16550	A	G	197	61	24	1	1	25	0.00502513	199	0.750633	FALSE	NA	NA	NA	NA	NA	NA
2019-nCoV	16550	A	-CT	197	61	24	1	0	20	0.00502513	199	0.750633	FALSE	NA	NA	NA	NA	NA	NA
2019-nCoV	16550	A	-C	197	61	24	2	0	20	0.0100503	199	0.501894	FALSE	NA	NA	NA	NA	NA	NA
2019-nCoV	16551	C	G	193	61	23	2	0	20	0.0102041	196	0.49426	FALSE	NA	NA	NA	NA	NA	NA
2019-nCoV	16551	C	A	193	61	23	1	0	20	0.00510204	196	0.745511	FALSE	NA	NA	NA	NA	NA	NA
2019-nCoV	16551	C	-T	193	61	23	5	0	20	0.0251256	199	0.10759	FALSE	NA	NA	NA	NA	NA	NA
2019-nCoV	16551	C	+T	193	61	23	3	0	20	0.0150754	199	0.307735	FALSE	NA	NA	NA	NA	NA	NA
2019-nCoV	16551	C	+A	193	61	23	1	0	20	0.00502513	199	0.745511	FALSE	NA	NA	NA	NA	NA	NA
2019-nCoV	16553	T	+TC	224	78	24	1	0	20	0.00446429	224	0.877502	FALSE	NA	NA	NA	NA	NA	NA
2019-nCoV	16554	T	C	108	73	22	1	1	27	0.00917431	109	0.753456	FALSE	NA	NA	NA	NA	NA	NA
2019-nCoV	16554	T	+A	108	73	22	4	0	20	0.0366972	109	0.1962	FALSE	NA	NA	NA	NA	NA	NA
2019-nCoV	16556	A	G	174	82	22	1	1	25	0.00571429	175	0.752149	FALSE	NA	NA	NA	NA	NA	NA
2019-nCoV	16556	A	+T	174	82	22	3	0	20	0.0171429	175	0.31788	FALSE	NA	NA	NA	NA	NA	NA
2019-nCoV	16556	A	+G	174	82	22	1	0	20	0.00571429	175	0.752149	FALSE	NA	NA	NA	NA	NA	NA
2019-nCoV	16557	T	+G	207	71	23	1	0	20	0.00483092	207	0.877706	FALSE	NA	NA	NA	NA	NA	NA
2019-nCoV	16558	G	+T	208	68	23	2	0	20	0.00961538	208	0.693794	FALSE	NA	NA	NA	NA	NA	NA
2019-nCoV	16559	C	-A	179	52	23	1	0	20	0.00558659	179	0.753486	FALSE	NA	NA	NA	NA	NA	NA
2019-nCoV	16561	A	+T	128	62	22	4	0	20	0.03125	128	0.197365	FALSE	NA	NA	NA	NA	NA	NA
2019-nCoV	16563	T	+TG	149	74	22	1	0	20	0.00671141	149	0.754186	FALSE	NA	NA	NA	NA	NA	NA
2019-nCoV	16564	G	A	183	41	23	1	1	27	0.00543478	184	0.752044	FALSE	NA	NA	NA	NA	NA	NA
2019-nCoV	16564	G	+A	183	41	23	1	0	20	0.00543478	184	0.752044	FALSE	NA	NA	NA	NA	NA	NA
2019-nCoV	16565	C	+G	180	38	24	1	0	20	0.00555556	180	0.753466	FALSE	NA	NA	NA	NA	NA	NA
2019-nCoV	16565	C	+A	180	38	24	1	0	20	0.00555556	180	0.753466	FALSE	NA	NA	NA	NA	NA	NA
2019-nCoV	16567	A	G	215	116	23	2	0	24	0.00921659	217	0.690105	FALSE	NA	NA	NA	NA	NA	NA
2019-nCoV	16568	C	T	243	108	24	1	0	26	0.00409836	244	0.876538	FALSE	NA	NA	NA	NA	NA	NA
2019-nCoV	16568	C	+A	243	108	24	5	0	20	0.0204918	244	0.233335	FALSE	NA	NA	NA	NA	NA	NA
2019-nCoV	16569	A	G	241	116	24	1	0	20	0.00413223	242	0.876551	FALSE	NA	NA	NA	NA	NA	NA
2019-nCoV	16569	A	+T	241	116	24	1	0	20	0.00413223	242	0.876551	FALSE	NA	NA	NA	NA	NA	NA
2019-nCoV	16570	T	+C	239	119	24	1	0	20	0.0041841	239	0.877345	FALSE	NA	NA	NA	NA	NA	NA
2019-nCoV	16570	T	+A	239	119	24	1	0	20	0.0041841	239	0.877345	FALSE	NA	NA	NA	NA	NA	NA
2019-nCoV	16571	G	A	234	116	25	1	0	29	0.00425532	235	0.876597	FALSE	NA	NA	NA	NA	NA	NA
2019-nCoV	16571	G	+T	234	116	25	1	0	20	0.00425532	235	0.876597	FALSE	NA	NA	NA	NA	NA	NA
2019-nCoV	16572	T	C	252	130	25	1	0	25	0.00395257	253	0.876484	FALSE	NA	NA	NA	NA	NA	NA
2019-nCoV	16572	T	+G	252	130	25	1	0	20	0.00395257	253	0.876484	FALSE	NA	NA	NA	NA	NA	NA
2019-nCoV	16572	T	+CG	252	130	25	1	0	20	0.00395257	253	0.876484	FALSE	NA	NA	NA	NA	NA	NA
2019-nCoV	16573	G	C	157	61	25	1	0	24	0.00632911	158	0.752381	FALSE	NA	NA	NA	NA	NA	NA
2019-nCoV	16574	A	G	156	65	25	1	0	22	0.00636943	157	0.752396	FALSE	NA	NA	NA	NA	NA	NA
2019-nCoV	16577	G	A	138	41	24	1	0	22	0.00719424	139	0.752708	FALSE	NA	NA	NA	NA	NA	NA
2019-nCoV	16580	C	A	166	70	24	1	0	20	0.00598802	167	0.752252	FALSE	NA	NA	NA	NA	NA	NA
2019-nCoV	16580	C	-A	166	70	24	2	0	20	0.011976	167	0.504505	FALSE	NA	NA	NA	NA	NA	NA
2019-nCoV	16580	C	+A	166	70	24	3	0	20	0.0179641	167	0.318139	FALSE	NA	NA	NA	NA	NA	NA
2019-nCoV	16583	A	G	114	71	23	1	0	23	0.00869565	115	0.753275	FALSE	NA	NA	NA	NA	NA	NA
2019-nCoV	16583	A	+G	114	71	23	1	0	20	0.00869565	115	0.753275	FALSE	NA	NA	NA	NA	NA	NA
2019-nCoV	16583	A	+AT	114	71	23	1	0	20	0.00869565	115	0.753275	FALSE	NA	NA	NA	NA	NA	NA
2019-nCoV	16584	T	G	163	67	24	1	0	22	0.00609756	164	0.752294	FALSE	NA	NA	NA	NA	NA	NA
2019-nCoV	16587	T	G	166	74	25	1	0	27	0.00598802	167	0.752252	FALSE	NA	NA	NA	NA	NA	NA
2019-nCoV	16587	T	+G	166	74	25	1	0	20	0.00598802	167	0.752252	FALSE	NA	NA	NA	NA	NA	NA
2019-nCoV	16590	T	C	166	71	25	1	1	20	0.00598802	167	0.752252	FALSE	NA	NA	NA	NA	NA	NA
2019-nCoV	16592	A	+T	166	70	25	3	0	20	0.0180723	166	0.320432	FALSE	NA	NA	NA	NA	NA	NA
2019-nCoV	16597	A	G	155	56	23	1	1	25	0.00641026	156	0.752412	FALSE	NA	NA	NA	NA	NA	NA
2019-nCoV	16597	A	-T	155	56	23	14	0	20	0.0897436	156	6.74906e-4	TRUE	NA	NA	NA	NA	NA	NA
2019-nCoV	16597	A	+T	155	56	23	3	0	20	0.0192308	156	0.318539	FALSE	NA	NA	NA	NA	NA	NA
2019-nCoV	16599	T	+TC	171	72	25	1	0	20	0.00584795	171	0.753649	FALSE	NA	NA	NA	NA	NA	NA
2019-nCoV	16601	T	A	80	68	24	1	0	20	0.0123457	81	0.503106	FALSE	NA	NA	NA	NA	NA	NA
2019-nCoV	16604	C	+G	174	73	25	1	0	20	0.00574713	174	0.753586	FALSE	NA	NA	NA	NA	NA	NA
2019-nCoV	16605	T	C	168	71	25	2	2	26	0.0117647	170	0.502219	FALSE	NA	NA	NA	NA	NA	NA
2019-nCoV	16605	T	+A	168	71	25	2	0	20	0.0117647	170	0.502219	FALSE	NA	NA	NA	NA	NA	NA
2019-nCoV	16607	A	G	153	73	24	2	2	25	0.0129032	155	0.502435	FALSE	NA	NA	NA	NA	NA	NA
2019-nCoV	16609	A	+C	177	77	25	1	0	20	0.00564972	177	0.753525	FALSE	NA	NA	NA	NA	NA	NA
2019-nCoV	16611	C	T	159	77	24	1	1	23	0.00625	160	0.752351	FALSE	NA	NA	NA	NA	NA	NA
2019-nCoV	16613	G	+T	173	76	26	1	0	20	0.00578035	173	0.753606	FALSE	NA	NA	NA	NA	NA	NA
2019-nCoV	16614	T	+A	173	75	25	1	0	20	0.00578035	173	0.753606	FALSE	NA	NA	NA	NA	NA	NA
2019-nCoV	16617	T	C	179	77	26	1	1	27	0.00555556	180	0.752089	FALSE	NA	NA	NA	NA	NA	NA
2019-nCoV	16618	G	-A	173	73	25	1	0	20	0.00578035	173	0.753606	FALSE	NA	NA	NA	NA	NA	NA
2019-nCoV	16618	G	+A	173	73	25	2	0	20	0.0115607	173	0.506503	FALSE	NA	NA	NA	NA	NA	NA
2019-nCoV	16622	G	+C	171	70	24	1	0	20	0.00584795	171	0.753649	FALSE	NA	NA	NA	NA	NA	NA
2019-nCoV	16624	C	+TCC	175	75	26	1	0	20	0.00571429	175	0.753565	FALSE	NA	NA	NA	NA	NA	NA
2019-nCoV	16626	C	T	216	83	25	1	1	21	0.00460829	217	0.87673	FALSE	NA	NA	NA	NA	NA	NA
2019-nCoV	16626	C	-A	216	83	25	1	0	20	0.00460829	217	0.87673	FALSE	NA	NA	NA	NA	NA	NA
2019-nCoV	16627	A	G	189	53	24	1	1	25	0.00526316	190	0.75066	FALSE	NA	NA	NA	NA	NA	NA
2019-nCoV	16629	G	T	223	93	24	1	1	28	0.00446429	224	0.875839	FALSE	NA	NA	NA	NA	NA	NA
2019-nCoV	16629	G	-C	223	93	24	1	0	20	0.00444444	225	0.875839	FALSE	NA	NA	NA	NA	NA	NA
2019-nCoV	16630	C	G	202	85	24	1	1	27	0.00492611	203	0.87685	FALSE	NA	NA	NA	NA	NA	NA
2019-nCoV	16630	C	-T	202	85	24	57	0	20	0.280788	203	1.11185e-13	TRUE	NA	NA	NA	NA	NA	NA
2019-nCoV	16630	C	+T	202	85	24	9	0	20	0.044335	203	0.0364156	FALSE	NA	NA	NA	NA	NA	NA
2019-nCoV	16630	C	+AT	202	85	24	1	0	20	0.00492611	203	0.87685	FALSE	NA	NA	NA	NA	NA	NA
2019-nCoV	16630	C	+A	202	85	24	1	0	20	0.00492611	203	0.87685	FALSE	NA	NA	NA	NA	NA	NA
2019-nCoV	16631	T	C	88	5	24	1	1	28	0.0111111	90	0.650953	FALSE	NA	NA	NA	NA	NA	NA
2019-nCoV	16631	T	A	88	5	24	1	0	20	0.0111111	90	0.650953	FALSE	NA	NA	NA	NA	NA	NA
2019-nCoV	16632	T	C	193	71	24	1	1	23	0.00515464	194	0.751938	FALSE	NA	NA	NA	NA	NA	NA
2019-nCoV	16635	T	G	97	90	24	1	0	22	0.0102041	98	0.502564	FALSE	NA	NA	NA	NA	NA	NA
2019-nCoV	16636	G	C	210	93	24	1	0	23	0.00469484	213	0.875002	FALSE	NA	NA	NA	NA	NA	NA
2019-nCoV	16636	G	A	210	93	24	2	1	23	0.00938967	213	0.68839	FALSE	NA	NA	NA	NA	NA	NA
2019-nCoV	16636	G	+T	210	93	24	2	0	20	0.00938967	213	0.68839	FALSE	NA	NA	NA	NA	NA	NA
2019-nCoV	16636	G	+C	210	93	24	1	0	20	0.00469484	213	0.875002	FALSE	NA	NA	NA	NA	NA	NA
2019-nCoV	16637	C	T	191	83	25	20	10	25	0.0947867	211	4.30371e-5	TRUE	NA	NA	NA	NA	NA	NA
2019-nCoV	16638	A	G	211	92	25	1	0	27	0.00471698	212	0.876771	FALSE	NA	NA	NA	NA	NA	NA
2019-nCoV	16639	G	A	208	92	25	1	0	22	0.00478469	209	0.876796	FALSE	NA	NA	NA	NA	NA	NA
2019-nCoV	16641	A	T	212	93	25	1	1	27	0.00469484	213	0.876763	FALSE	NA	NA	NA	NA	NA	NA
2019-nCoV	16642	G	-A	204	87	25	3	0	20	0.0147059	204	0.509191	FALSE	NA	NA	NA	NA	NA	NA
2019-nCoV	16642	G	+A	204	87	25	7	0	20	0.0343137	204	0.0972444	FALSE	NA	NA	NA	NA	NA	NA
2019-nCoV	16645	A	+CT	146	91	24	1	0	20	0.00684932	146	0.754272	FALSE	NA	NA	NA	NA	NA	NA
2019-nCoV	16650	C	-A	210	91	24	2	0	20	0.00952381	210	0.693734	FALSE	NA	NA	NA	NA	NA	NA
2019-nCoV	16650	C	+A	210	91	24	2	0	20	0.00952381	210	0.693734	FALSE	NA	NA	NA	NA	NA	NA
2019-nCoV	16652	A	G	215	88	25	1	1	23	0.00462963	216	0.876738	FALSE	NA	NA	NA	NA	NA	NA
2019-nCoV	16653	A	C	139	88	23	1	0	26	0.00714286	140	0.752688	FALSE	NA	NA	NA	NA	NA	NA
2019-nCoV	16656	T	A	202	81	25	1	0	23	0.00492611	203	0.87685	FALSE	NA	NA	NA	NA	NA	NA
2019-nCoV	16659	T	-G	207	83	24	1	0	20	0.00483092	207	0.877706	FALSE	NA	NA	NA	NA	NA	NA
2019-nCoV	16660	G	A	200	78	24	1	1	22	0.00497512	201	0.875935	FALSE	NA	NA	NA	NA	NA	NA
2019-nCoV	16661	A	+C	197	77	24	1	0	20	0.00507614	197	0.753168	FALSE	NA	NA	NA	NA	NA	NA
2019-nCoV	16662	G	+AA	180	51	24	1	0	20	0.00555556	180	0.753466	FALSE	NA	NA	NA	NA	NA	NA
2019-nCoV	16664	A	G	205	82	24	1	1	30	0.00485437	206	0.501217	FALSE	NA	NA	NA	NA	NA	NA
2019-nCoV	16665	G	+T	205	84	24	1	0	20	0.00487805	205	0.877733	FALSE	NA	NA	NA	NA	NA	NA
2019-nCoV	16665	G	+A	205	84	24	1	0	20	0.00487805	205	0.877733	FALSE	NA	NA	NA	NA	NA	NA
2019-nCoV	16668	A	G	202	71	24	1	1	28	0.00492611	203	0.87685	FALSE	NA	NA	NA	NA	NA	NA
2019-nCoV	16668	A	+T	202	71	24	5	0	20	0.0246305	203	0.234714	FALSE	NA	NA	NA	NA	NA	NA
2019-nCoV	16669	T	C	159	27	24	1	1	21	0.00625	160	0.752351	FALSE	NA	NA	NA	NA	NA	NA
2019-nCoV	16670	T	C	218	85	26	2	2	26	0.00909091	220	0.690069	FALSE	NA	NA	NA	NA	NA	NA
2019-nCoV	16671	T	A	142	85	23	1	0	23	0.00699301	143	0.752632	FALSE	NA	NA	NA	NA	NA	NA
2019-nCoV	16671	T	-A	142	85	23	2	0	20	0.013986	143	0.505263	FALSE	NA	NA	NA	NA	NA	NA
2019-nCoV	16671	T	+TA	142	85	23	1	0	20	0.00699301	143	0.752632	FALSE	NA	NA	NA	NA	NA	NA
2019-nCoV	16673	A	G	221	90	25	1	0	20	0.0045045	222	0.876691	FALSE	NA	NA	NA	NA	NA	NA
2019-nCoV	16674	A	G	150	91	23	1	0	27	0.00657895	152	0.750831	FALSE	NA	NA	NA	NA	NA	NA
2019-nCoV	16674	A	C	150	91	23	1	0	23	0.00657895	152	0.750831	FALSE	NA	NA	NA	NA	NA	NA
2019-nCoV	16675	C	+T	214	89	24	1	0	20	0.0046729	214	0.877618	FALSE	NA	NA	NA	NA	NA	NA
2019-nCoV	16676	T	C	220	91	25	1	1	26	0.00452489	221	0.876699	FALSE	NA	NA	NA	NA	NA	NA
2019-nCoV	16676	T	+G	220	91	25	1	0	20	0.00452489	221	0.876699	FALSE	NA	NA	NA	NA	NA	NA
2019-nCoV	16678	T	G	211	87	25	1	1	21	0.00471698	212	0.876771	FALSE	NA	NA	NA	NA	NA	NA
2019-nCoV	16679	C	-T	199	80	25	2	0	20	0.0100503	199	0.505653	FALSE	NA	NA	NA	NA	NA	NA
2019-nCoV	16679	C	+T	199	80	25	1	0	20	0.00502513	199	0.753136	FALSE	NA	NA	NA	NA	NA	NA
2019-nCoV	16680	T	C	181	60	24	1	1	24	0.00549451	182	0.749315	FALSE	NA	NA	NA	NA	NA	NA
2019-nCoV	16683	T	-G	215	95	25	1	0	20	0.00465116	215	0.877606	FALSE	NA	NA	NA	NA	NA	NA
2019-nCoV	16686	T	C	212	85	25	1	0	26	0.00469484	213	0.876763	FALSE	NA	NA	NA	NA	NA	NA
2019-nCoV	16687	A	+T	210	82	25	1	0	20	0.0047619	210	0.877668	FALSE	NA	NA	NA	NA	NA	NA
2019-nCoV	16688	T	C	188	60	25	1	0	22	0.00529101	189	0.751989	FALSE	NA	NA	NA	NA	NA	NA
2019-nCoV	16690	G	+T	219	90	25	1	0	20	0.00456621	219	0.877559	FALSE	NA	NA	NA	NA	NA	NA
2019-nCoV	16690	G	+C	219	90	25	1	0	20	0.00456621	219	0.877559	FALSE	NA	NA	NA	NA	NA	NA
2019-nCoV	16693	A	+C	213	90	25	1	0	20	0.00469484	213	0.87763	FALSE	NA	NA	NA	NA	NA	NA
2019-nCoV	16694	C	-T	213	90	25	2	0	20	0.00938967	213	0.693646	FALSE	NA	NA	NA	NA	NA	NA
2019-nCoV	16696	G	A	215	91	25	1	1	27	0.00462963	216	0.876738	FALSE	NA	NA	NA	NA	NA	NA
2019-nCoV	16696	G	+T	215	91	25	1	0	20	0.00462963	216	0.876738	FALSE	NA	NA	NA	NA	NA	NA
2019-nCoV	16699	C	T	210	87	25	2	0	25	0.00943396	212	0.690167	FALSE	NA	NA	NA	NA	NA	NA
2019-nCoV	16699	C	-G	210	87	25	1	0	20	0.00471698	212	0.875891	FALSE	NA	NA	NA	NA	NA	NA
2019-nCoV	16701	T	C	214	91	25	1	1	27	0.00465116	215	0.876746	FALSE	NA	NA	NA	NA	NA	NA
2019-nCoV	16702	G	-A	206	80	24	2	0	20	0.00970874	206	0.693855	FALSE	NA	NA	NA	NA	NA	NA
2019-nCoV	16702	G	+TA	206	80	24	1	0	20	0.00485437	206	0.87772	FALSE	NA	NA	NA	NA	NA	NA
2019-nCoV	16702	G	+C	206	80	24	1	0	20	0.00485437	206	0.87772	FALSE	NA	NA	NA	NA	NA	NA
2019-nCoV	16702	G	+A	206	80	24	1	0	20	0.00485437	206	0.87772	FALSE	NA	NA	NA	NA	NA	NA
2019-nCoV	16703	A	G	175	48	24	1	1	26	0.00564972	177	0.747875	FALSE	NA	NA	NA	NA	NA	NA
2019-nCoV	16703	A	C	175	48	24	1	0	27	0.00564972	177	0.747875	FALSE	NA	NA	NA	NA	NA	NA
2019-nCoV	16704	A	C	163	82	23	1	1	25	0.00609756	164	0.752294	FALSE	NA	NA	NA	NA	NA	NA
2019-nCoV	16705	G	+T	199	82	24	2	0	20	0.0100503	199	0.505653	FALSE	NA	NA	NA	NA	NA	NA
2019-nCoV	16706	T	C	201	85	24	1	0	24	0.0049505	202	0.876859	FALSE	NA	NA	NA	NA	NA	NA
2019-nCoV	16706	T	+G	201	85	24	5	0	20	0.0247525	202	0.234755	FALSE	NA	NA	NA	NA	NA	NA
2019-nCoV	16709	T	C	202	89	24	2	0	20	0.00980392	204	0.690272	FALSE	NA	NA	NA	NA	NA	NA
2019-nCoV	16710	G	-T	214	96	24	1	0	20	0.0046729	214	0.877618	FALSE	NA	NA	NA	NA	NA	NA
2019-nCoV	16711	T	+A	214	95	25	1	0	20	0.00465116	215	0.876746	FALSE	NA	NA	NA	NA	NA	NA
2019-nCoV	16715	A	G	216	98	25	1	1	23	0.00460829	217	0.87673	FALSE	NA	NA	NA	NA	NA	NA
2019-nCoV	16716	C	T	217	98	25	1	0	27	0.00458716	218	0.876722	FALSE	NA	NA	NA	NA	NA	NA
2019-nCoV	16719	A	G	212	93	25	2	2	24	0.00934579	214	0.690142	FALSE	NA	NA	NA	NA	NA	NA
2019-nCoV	16719	A	+G	212	93	25	1	0	20	0.0046729	214	0.875882	FALSE	NA	NA	NA	NA	NA	NA
2019-nCoV	16720	G	+A	210	96	25	2	0	20	0.00952381	210	0.693734	FALSE	NA	NA	NA	NA	NA	NA
2019-nCoV	16722	A	-T	166	97	23	1	0	20	0.0060241	166	0.753758	FALSE	NA	NA	NA	NA	NA	NA
2019-nCoV	16725	A	G	201	92	24	1	1	23	0.0049505	202	0.876859	FALSE	NA	NA	NA	NA	NA	NA
2019-nCoV	16729	C	-T	206	87	24	4	0	20	0.0194175	206	0.354028	FALSE	NA	NA	NA	NA	NA	NA
2019-nCoV	16729	C	+T	206	87	24	3	0	20	0.0145631	206	0.509102	FALSE	NA	NA	NA	NA	NA	NA
2019-nCoV	16732	T	+C	133	96	23	1	0	20	0.0075188	133	0.754689	FALSE	NA	NA	NA	NA	NA	NA
2019-nCoV	16735	T	-G	48	16	24	1	0	20	0.0208333	48	0.510417	FALSE	NA	NA	NA	NA	NA	NA
2019-nCoV	16735	T	+G	48	16	24	2	0	20	0.0416667	48	0.263101	FALSE	NA	NA	NA	NA	NA	NA
2019-nCoV	16740	A	-G	40	14	22	2	0	20	0.05	40	0.265741	FALSE	NA	NA	NA	NA	NA	NA
2019-nCoV	16741	G	-T	43	13	25	1	0	20	0.0222222	45	0.5	FALSE	NA	NA	NA	NA	NA	NA
2019-nCoV	16744	G	A	39	8	25	1	0	26	0.025	40	0.506329	FALSE	NA	NA	NA	NA	NA	NA
2019-nCoV	16745	G	+T	39	14	23	1	0	20	0.025641	39	0.512821	FALSE	NA	NA	NA	NA	NA	NA
2019-nCoV	16746	T	-A	47	13	24	1	0	20	0.0212766	47	0.510638	FALSE	NA	NA	NA	NA	NA	NA
2019-nCoV	16749	A	G	29	18	22	1	1	23	0.0333333	30	0.508475	FALSE	NA	NA	NA	NA	NA	NA
2019-nCoV	16762	C	-T	47	20	24	1	0	20	0.0212766	47	0.510638	FALSE	NA	NA	NA	NA	NA	NA
2019-nCoV	16772	A	+T	39	25	22	7	0	20	0.179487	39	0.0118173	FALSE	NA	NA	NA	NA	NA	NA
2019-nCoV	16774	T	+TA	61	35	23	1	0	20	0.0163934	61	0.508197	FALSE	NA	NA	NA	NA	NA	NA
2019-nCoV	16780	T	C	51	13	24	1	0	24	0.0192308	52	0.504854	FALSE	NA	NA	NA	NA	NA	NA
2019-nCoV	16782	T	C	48	31	23	1	0	27	0.0204082	49	0.505155	FALSE	NA	NA	NA	NA	NA	NA
2019-nCoV	16785	T	+A	73	34	25	1	0	20	0.0136986	73	0.506849	FALSE	NA	NA	NA	NA	NA	NA
2019-nCoV	16786	G	A	62	23	24	1	0	27	0.015873	63	0.504	FALSE	NA	NA	NA	NA	NA	NA
2019-nCoV	16787	G	+T	66	37	24	2	0	20	0.030303	66	0.259512	FALSE	NA	NA	NA	NA	NA	NA
2019-nCoV	16790	A	-T	72	32	25	1	0	20	0.0138889	72	0.506944	FALSE	NA	NA	NA	NA	NA	NA
2019-nCoV	16795	G	+T	74	36	25	1	0	20	0.0135135	74	0.506757	FALSE	NA	NA	NA	NA	NA	NA
2019-nCoV	16796	T	+AA	72	34	25	1	0	20	0.0138889	72	0.506944	FALSE	NA	NA	NA	NA	NA	NA
2019-nCoV	16796	T	+A	72	34	25	7	0	20	0.0972222	72	0.00985603	TRUE	NA	NA	NA	NA	NA	NA
2019-nCoV	16799	C	A	76	37	24	2	2	23	0.025641	78	0.251613	FALSE	NA	NA	NA	NA	NA	NA
2019-nCoV	16800	T	C	65	28	23	1	1	26	0.0151515	66	0.503817	FALSE	NA	NA	NA	NA	NA	NA
2019-nCoV	16800	T	-A	65	28	23	17	0	20	0.257576	66	2.15792e-5	TRUE	NA	NA	NA	NA	NA	NA
2019-nCoV	16801	A	T	30	0	24	1	1	20	0.0322581	31	0.449275	FALSE	NA	NA	NA	NA	NA	NA
2019-nCoV	16804	A	G	70	32	24	1	0	26	0.0140845	71	0.503546	FALSE	NA	NA	NA	NA	NA	NA
2019-nCoV	16805	A	C	28	27	22	2	2	21	0.0666667	30	0.254237	FALSE	NA	NA	NA	NA	NA	NA
2019-nCoV	16806	C	+G	67	28	23	1	0	20	0.0149254	67	0.507463	FALSE	NA	NA	NA	NA	NA	NA
2019-nCoV	16806	C	+A	67	28	23	2	0	20	0.0298507	67	0.25937	FALSE	NA	NA	NA	NA	NA	NA
2019-nCoV	16809	T	-A	68	30	24	1	0	20	0.0147059	68	0.507353	FALSE	NA	NA	NA	NA	NA	NA
2019-nCoV	16809	T	+C	68	30	24	1	0	20	0.0147059	68	0.507353	FALSE	NA	NA	NA	NA	NA	NA
2019-nCoV	16811	A	G	78	39	24	1	1	28	0.0126582	79	0.503185	FALSE	NA	NA	NA	NA	NA	NA
2019-nCoV	16812	A	G	47	34	22	1	1	22	0.0208333	48	0.505263	FALSE	NA	NA	NA	NA	NA	NA
2019-nCoV	16815	A	T	66	27	24	1	1	25	0.0149254	67	0.503759	FALSE	NA	NA	NA	NA	NA	NA
2019-nCoV	16816	C	-A	65	27	24	16	0	20	0.246154	65	4.34459e-5	TRUE	NA	NA	NA	NA	NA	NA
2019-nCoV	16816	C	+A	65	27	24	1	0	20	0.0153846	65	0.507692	FALSE	NA	NA	NA	NA	NA	NA
2019-nCoV	16824	A	G	77	41	25	1	1	25	0.0128205	78	0.503226	FALSE	NA	NA	NA	NA	NA	NA
2019-nCoV	16826	A	+C	78	40	25	1	0	20	0.0128205	78	0.50641	FALSE	NA	NA	NA	NA	NA	NA
2019-nCoV	16828	T	C	76	42	25	2	1	25	0.025641	78	0.251613	FALSE	NA	NA	NA	NA	NA	NA
2019-nCoV	16828	T	+A	76	42	25	1	0	20	0.0128205	78	0.5	FALSE	NA	NA	NA	NA	NA	NA
2019-nCoV	16831	A	C	83	46	24	1	1	23	0.0119048	84	0.502994	FALSE	NA	NA	NA	NA	NA	NA
2019-nCoV	16831	A	+C	83	46	24	1	0	20	0.0119048	84	0.502994	FALSE	NA	NA	NA	NA	NA	NA
2019-nCoV	16833	C	+T	60	45	23	4	0	20	0.0666667	60	0.0699859	FALSE	NA	NA	NA	NA	NA	NA
2019-nCoV	16837	G	-A	81	44	23	4	0	20	0.0493827	81	0.068008	FALSE	NA	NA	NA	NA	NA	NA
2019-nCoV	16849	T	+A	16	10	25	1	0	20	0.0625	16	0.53125	FALSE	NA	NA	NA	NA	NA	NA
2019-nCoV	16856	A	-T	17	11	26	1	0	20	0.0588235	17	0.529412	FALSE	NA	NA	NA	NA	NA	NA
2019-nCoV	16872	A	G	13	7	25	2	0	21	0.133333	15	0.258621	FALSE	NA	NA	NA	NA	NA	NA
2019-nCoV	16880	C	-A	103	61	24	1	0	20	0.00970874	103	0.75605	FALSE	NA	NA	NA	NA	NA	NA
2019-nCoV	16880	C	+A	103	61	24	1	0	20	0.00970874	103	0.75605	FALSE	NA	NA	NA	NA	NA	NA
2019-nCoV	16883	C	+T	107	65	24	1	0	20	0.00934579	107	0.755825	FALSE	NA	NA	NA	NA	NA	NA
2019-nCoV	16887	C	T	82	47	24	30	19	24	0.267857	112	2.07898e-9	TRUE	NA	NA	NA	NA	NA	NA
2019-nCoV	16887	C	-A	82	47	24	2	0	20	0.0178571	112	0.396289	FALSE	NA	NA	NA	NA	NA	NA
2019-nCoV	16887	C	+A	82	47	24	3	0	20	0.0267857	112	0.217827	FALSE	NA	NA	NA	NA	NA	NA
2019-nCoV	16889	A	-AT	118	66	25	1	0	20	0.00847458	118	0.755283	FALSE	NA	NA	NA	NA	NA	NA
2019-nCoV	16890	A	+T	82	65	24	1	0	20	0.0121951	82	0.506098	FALSE	NA	NA	NA	NA	NA	NA
2019-nCoV	16892	T	-AA	92	67	24	1	0	20	0.0108696	92	0.505435	FALSE	NA	NA	NA	NA	NA	NA
2019-nCoV	16893	A	T	79	32	23	1	1	23	0.0125	80	0.5	FALSE	NA	NA	NA	NA	NA	NA
2019-nCoV	16897	G	+T	113	64	25	2	0	20	0.0176991	113	0.509955	FALSE	NA	NA	NA	NA	NA	NA
2019-nCoV	16901	G	+A	102	67	24	3	0	20	0.0294118	102	0.325434	FALSE	NA	NA	NA	NA	NA	NA
2019-nCoV	16902	T	+G	117	67	25	1	0	20	0.00854701	117	0.755328	FALSE	NA	NA	NA	NA	NA	NA
2019-nCoV	16903	G	-A	121	72	25	1	0	20	0.00826446	121	0.755152	FALSE	NA	NA	NA	NA	NA	NA
2019-nCoV	16904	A	-T	119	69	25	1	0	20	0.00833333	120	0.753138	FALSE	NA	NA	NA	NA	NA	NA
2019-nCoV	16905	T	C	108	57	24	2	1	26	0.0181818	110	0.496591	FALSE	NA	NA	NA	NA	NA	NA
2019-nCoV	16907	A	G	119	69	24	1	1	20	0.00833333	120	0.753138	FALSE	NA	NA	NA	NA	NA	NA
2019-nCoV	16907	A	-T	119	69	24	7	0	20	0.0583333	120	0.0394042	FALSE	NA	NA	NA	NA	NA	NA
2019-nCoV	16907	A	+T	119	69	24	3	0	20	0.025	120	0.320361	FALSE	NA	NA	NA	NA	NA	NA
2019-nCoV	16908	T	A	56	14	23	1	0	22	0.0175439	57	0.475	FALSE	NA	NA	NA	NA	NA	NA
2019-nCoV	16910	T	C	120	70	26	1	0	25	0.00826446	121	0.753112	FALSE	NA	NA	NA	NA	NA	NA
2019-nCoV	16910	T	+TTGA	120	70	26	1	0	20	0.00826446	121	0.753112	FALSE	NA	NA	NA	NA	NA	NA
2019-nCoV	16914	G	+C	116	67	25	1	0	20	0.00862069	116	0.755374	FALSE	NA	NA	NA	NA	NA	NA
2019-nCoV	16917	G	+A	117	70	25	1	0	20	0.00854701	117	0.755328	FALSE	NA	NA	NA	NA	NA	NA
2019-nCoV	16918	A	+C	119	71	25	1	0	20	0.00840336	119	0.755239	FALSE	NA	NA	NA	NA	NA	NA
2019-nCoV	16921	T	C	112	70	25	1	1	22	0.00884956	113	0.753333	FALSE	NA	NA	NA	NA	NA	NA
2019-nCoV	16923	A	G	116	72	26	1	0	25	0.00854701	117	0.753219	FALSE	NA	NA	NA	NA	NA	NA
2019-nCoV	16926	T	C	114	68	25	1	0	25	0.00869565	115	0.753275	FALSE	NA	NA	NA	NA	NA	NA
2019-nCoV	16927	A	+CC	115	67	25	1	0	20	0.00869565	115	0.755421	FALSE	NA	NA	NA	NA	NA	NA
2019-nCoV	16930	G	A	119	70	25	1	1	22	0.00833333	120	0.753138	FALSE	NA	NA	NA	NA	NA	NA
2019-nCoV	16931	T	+A	118	70	25	2	0	20	0.0169492	118	0.509534	FALSE	NA	NA	NA	NA	NA	NA
2019-nCoV	16936	C	T	102	51	24	1	1	26	0.00970874	103	0.753659	FALSE	NA	NA	NA	NA	NA	NA
2019-nCoV	16938	A	C	112	66	25	1	1	23	0.00884956	113	0.753333	FALSE	NA	NA	NA	NA	NA	NA
2019-nCoV	16938	A	+T	112	66	25	4	0	20	0.0353982	113	0.195888	FALSE	NA	NA	NA	NA	NA	NA
2019-nCoV	16939	T	A	93	53	23	1	1	23	0.0106383	94	0.502674	FALSE	NA	NA	NA	NA	NA	NA
2019-nCoV	16944	T	-G	117	68	25	1	0	20	0.00854701	117	0.755328	FALSE	NA	NA	NA	NA	NA	NA
2019-nCoV	16944	T	+C	117	68	25	1	0	20	0.00854701	117	0.755328	FALSE	NA	NA	NA	NA	NA	NA
2019-nCoV	16946	C	+A	114	64	25	1	0	20	0.00877193	114	0.755468	FALSE	NA	NA	NA	NA	NA	NA
2019-nCoV	16951	A	G	116	68	25	1	0	26	0.00854701	117	0.753219	FALSE	NA	NA	NA	NA	NA	NA
2019-nCoV	16952	C	T	116	68	25	1	0	27	0.00854701	117	0.753219	FALSE	NA	NA	NA	NA	NA	NA
2019-nCoV	16952	C	+A	116	68	25	1	0	20	0.00854701	117	0.753219	FALSE	NA	NA	NA	NA	NA	NA
2019-nCoV	16955	T	+C	119	70	25	2	0	20	0.0168067	119	0.509454	FALSE	NA	NA	NA	NA	NA	NA
2019-nCoV	16957	G	+T	115	67	25	1	0	20	0.00869565	115	0.755421	FALSE	NA	NA	NA	NA	NA	NA
2019-nCoV	16957	G	+C	115	67	25	1	0	20	0.00869565	115	0.755421	FALSE	NA	NA	NA	NA	NA	NA
2019-nCoV	16959	G	-C	117	68	25	1	0	20	0.00854701	117	0.755328	FALSE	NA	NA	NA	NA	NA	NA
2019-nCoV	16963	C	+T	115	66	25	1	0	20	0.00869565	115	0.755421	FALSE	NA	NA	NA	NA	NA	NA
2019-nCoV	16965	A	+C	105	69	24	1	0	20	0.00952381	105	0.755935	FALSE	NA	NA	NA	NA	NA	NA
2019-nCoV	16966	G	A	117	69	25	1	1	29	0.00847458	118	0.753191	FALSE	NA	NA	NA	NA	NA	NA
2019-nCoV	16969	C	+A	119	72	26	1	0	20	0.00840336	119	0.755239	FALSE	NA	NA	NA	NA	NA	NA
2019-nCoV	16970	A	+GG	119	70	26	1	0	20	0.00840336	119	0.755239	FALSE	NA	NA	NA	NA	NA	NA
2019-nCoV	16973	A	-T	115	63	26	1	0	20	0.00869565	115	0.755421	FALSE	NA	NA	NA	NA	NA	NA
2019-nCoV	16975	G	T	119	68	26	1	1	20	0.00833333	120	0.753138	FALSE	NA	NA	NA	NA	NA	NA
2019-nCoV	16976	T	G	112	62	24	1	1	20	0.00884956	113	0.753333	FALSE	NA	NA	NA	NA	NA	NA
2019-nCoV	16979	G	+A	118	70	26	1	0	20	0.00847458	118	0.755283	FALSE	NA	NA	NA	NA	NA	NA
2019-nCoV	16981	A	-T	112	71	24	1	0	20	0.00892857	112	0.755565	FALSE	NA	NA	NA	NA	NA	NA
2019-nCoV	16983	T	-A	110	71	24	1	0	20	0.00909091	110	0.755666	FALSE	NA	NA	NA	NA	NA	NA
2019-nCoV	16986	T	G	113	61	25	1	1	20	0.00854701	117	0.746725	FALSE	NA	NA	NA	NA	NA	NA
2019-nCoV	16986	T	C	113	61	25	3	3	27	0.025641	117	0.310866	FALSE	NA	NA	NA	NA	NA	NA
2019-nCoV	16989	C	+T	117	66	24	2	0	20	0.017094	117	0.509615	FALSE	NA	NA	NA	NA	NA	NA
2019-nCoV	16990	T	C	93	42	24	1	1	28	0.0106383	94	0.502674	FALSE	NA	NA	NA	NA	NA	NA
2019-nCoV	16994	A	-C	100	58	24	5	0	20	0.05	100	0.117658	FALSE	NA	NA	NA	NA	NA	NA
2019-nCoV	16997	C	+T	72	61	24	1	0	20	0.0138889	72	0.506944	FALSE	NA	NA	NA	NA	NA	NA
2019-nCoV	17002	C	+T	104	60	25	1	0	20	0.00961538	104	0.755992	FALSE	NA	NA	NA	NA	NA	NA
2019-nCoV	17003	T	+C	97	57	25	1	0	20	0.0103093	97	0.505155	FALSE	NA	NA	NA	NA	NA	NA
2019-nCoV	17004	C	+A	93	54	25	1	0	20	0.0107527	93	0.505376	FALSE	NA	NA	NA	NA	NA	NA
2019-nCoV	17014	G	A	103	57	25	1	1	28	0.00961538	104	0.753623	FALSE	NA	NA	NA	NA	NA	NA
2019-nCoV	17017	G	+A	105	61	25	1	0	20	0.00952381	105	0.755935	FALSE	NA	NA	NA	NA	NA	NA
2019-nCoV	17019	G	-T	95	52	24	5	0	20	0.0526316	95	0.0346304	FALSE	NA	NA	NA	NA	NA	NA
2019-nCoV	17025	T	C	92	51	25	1	0	21	0.0107527	93	0.502703	FALSE	NA	NA	NA	NA	NA	NA
2019-nCoV	17025	T	-A	92	51	25	1	0	20	0.0107527	93	0.502703	FALSE	NA	NA	NA	NA	NA	NA
2019-nCoV	17028	C	-A	101	57	25	2	0	20	0.019802	101	0.511138	FALSE	NA	NA	NA	NA	NA	NA
2019-nCoV	17028	C	+A	101	57	25	1	0	20	0.00990099	101	0.75617	FALSE	NA	NA	NA	NA	NA	NA
2019-nCoV	17032	G	+C	100	55	25	1	0	20	0.01	100	0.753731	FALSE	NA	NA	NA	NA	NA	NA
2019-nCoV	17034	T	C	98	58	24	1	0	23	0.010101	99	0.502538	FALSE	NA	NA	NA	NA	NA	NA
2019-nCoV	17036	C	+A	100	56	25	8	0	20	0.08	100	0.0232133	FALSE	NA	NA	NA	NA	NA	NA
2019-nCoV	17039	A	+AT	83	57	24	1	0	20	0.0120482	83	0.506024	FALSE	NA	NA	NA	NA	NA	NA
2019-nCoV	17039	A	+AGT	83	57	24	1	0	20	0.0120482	83	0.506024	FALSE	NA	NA	NA	NA	NA	NA
2019-nCoV	17042	A	G	177	103	25	1	0	26	0.00561798	178	0.752113	FALSE	NA	NA	NA	NA	NA	NA
2019-nCoV	17044	C	-A	184	98	24	12	0	20	0.0652174	184	0.00216123	TRUE	NA	NA	NA	NA	NA	NA
2019-nCoV	17045	A	G	99	14	24	1	1	26	0.01	100	0.743794	FALSE	NA	NA	NA	NA	NA	NA
2019-nCoV	17048	A	C	108	97	23	1	1	23	0.00917431	109	0.753456	FALSE	NA	NA	NA	NA	NA	NA
2019-nCoV	17050	G	+GTT	152	101	24	1	0	20	0.00657895	152	0.754104	FALSE	NA	NA	NA	NA	NA	NA
2019-nCoV	17052	T	G	148	101	24	1	0	20	0.00671141	149	0.752525	FALSE	NA	NA	NA	NA	NA	NA
2019-nCoV	17054	G	A	162	100	24	1	1	23	0.00613497	163	0.752308	FALSE	NA	NA	NA	NA	NA	NA
2019-nCoV	17059	C	-A	187	94	23	16	0	20	0.0855615	187	2.02403e-4	TRUE	NA	NA	NA	NA	NA	NA
2019-nCoV	17059	C	+A	187	94	23	1	0	20	0.00534759	187	0.753337	FALSE	NA	NA	NA	NA	NA	NA
2019-nCoV	17061	A	G	192	91	24	2	2	27	0.0103093	194	0.501943	FALSE	NA	NA	NA	NA	NA	NA
2019-nCoV	17064	G	+T	195	102	23	1	0	20	0.00512821	195	0.7532	FALSE	NA	NA	NA	NA	NA	NA
2019-nCoV	17065	T	+A	202	106	24	1	0	20	0.0049505	202	0.877773	FALSE	NA	NA	NA	NA	NA	NA
2019-nCoV	17066	A	G	209	110	25	1	1	23	0.0047619	210	0.876788	FALSE	NA	NA	NA	NA	NA	NA
2019-nCoV	17066	A	-T	209	110	25	1	0	20	0.0047619	210	0.876788	FALSE	NA	NA	NA	NA	NA	NA
2019-nCoV	17066	A	+T	209	110	25	3	0	20	0.0142857	210	0.506712	FALSE	NA	NA	NA	NA	NA	NA
2019-nCoV	17067	T	C	185	86	24	1	1	23	0.00537634	186	0.750674	FALSE	NA	NA	NA	NA	NA	NA
2019-nCoV	17070	T	C	203	110	25	2	0	22	0.0097561	205	0.690258	FALSE	NA	NA	NA	NA	NA	NA
2019-nCoV	17072	C	+A	195	109	25	1	0	20	0.00512821	195	0.7532	FALSE	NA	NA	NA	NA	NA	NA
2019-nCoV	17073	A	+G	198	110	25	1	0	20	0.00505051	198	0.753152	FALSE	NA	NA	NA	NA	NA	NA
2019-nCoV	17074	C	+T	204	113	25	1	0	20	0.00490196	204	0.877746	FALSE	NA	NA	NA	NA	NA	NA
2019-nCoV	17075	T	C	207	114	25	1	1	28	0.00480769	208	0.876805	FALSE	NA	NA	NA	NA	NA	NA
2019-nCoV	17078	A	G	191	107	25	2	1	24	0.0103627	193	0.501953	FALSE	NA	NA	NA	NA	NA	NA
2019-nCoV	17078	A	-G	191	107	25	1	0	20	0.00518135	193	0.750653	FALSE	NA	NA	NA	NA	NA	NA
2019-nCoV	17080	G	A	210	115	26	1	0	26	0.00473934	211	0.876779	FALSE	NA	NA	NA	NA	NA	NA
2019-nCoV	17081	G	+C	145	111	24	1	0	20	0.00689655	145	0.754301	FALSE	NA	NA	NA	NA	NA	NA
2019-nCoV	17082	A	G	190	104	24	1	1	20	0.0052356	191	0.751969	FALSE	NA	NA	NA	NA	NA	NA
2019-nCoV	17082	A	+C	190	104	24	1	0	20	0.0052356	191	0.751969	FALSE	NA	NA	NA	NA	NA	NA
2019-nCoV	17083	C	T	171	81	23	1	0	26	0.00581395	172	0.752187	FALSE	NA	NA	NA	NA	NA	NA
2019-nCoV	17085	A	G	193	103	25	1	0	22	0.00515464	194	0.751938	FALSE	NA	NA	NA	NA	NA	NA
2019-nCoV	17085	A	+C	193	103	25	1	0	20	0.00515464	194	0.751938	FALSE	NA	NA	NA	NA	NA	NA
2019-nCoV	17087	C	-T	169	109	24	1	0	20	0.00591716	169	0.753692	FALSE	NA	NA	NA	NA	NA	NA
2019-nCoV	17088	T	A	191	101	25	2	0	20	0.0103627	193	0.501953	FALSE	NA	NA	NA	NA	NA	NA
2019-nCoV	17088	T	+G	191	101	25	1	0	20	0.00518135	193	0.750653	FALSE	NA	NA	NA	NA	NA	NA
2019-nCoV	17091	T	+A	203	108	25	1	0	20	0.00492611	203	0.87776	FALSE	NA	NA	NA	NA	NA	NA
2019-nCoV	17092	A	-C	205	109	25	1	0	20	0.00487805	205	0.877733	FALSE	NA	NA	NA	NA	NA	NA
2019-nCoV	17097	T	C	100	42	25	1	1	24	0.00990099	101	0.753731	FALSE	NA	NA	NA	NA	NA	NA
2019-nCoV	17097	T	+C	100	42	25	1	0	20	0.00990099	101	0.753731	FALSE	NA	NA	NA	NA	NA	NA
2019-nCoV	17101	A	+G	87	46	25	1	0	20	0.0114943	87	0.505747	FALSE	NA	NA	NA	NA	NA	NA
2019-nCoV	17105	A	G	64	45	23	1	1	27	0.0153846	65	0.503876	FALSE	NA	NA	NA	NA	NA	NA
2019-nCoV	17105	A	-TTT	64	45	23	2	0	20	0.0307692	65	0.255814	FALSE	NA	NA	NA	NA	NA	NA
2019-nCoV	17105	A	-TT	64	45	23	7	0	20	0.107692	65	0.00960678	TRUE	NA	NA	NA	NA	NA	NA
2019-nCoV	17105	A	-T	64	45	23	10	0	20	0.153846	65	0.0014532	TRUE	NA	NA	NA	NA	NA	NA
2019-nCoV	17108	T	G	61	49	24	2	0	21	0.031746	63	0.244094	FALSE	NA	NA	NA	NA	NA	NA
2019-nCoV	17108	T	-TG	61	49	24	1	0	20	0.0153846	65	0.492063	FALSE	NA	NA	NA	NA	NA	NA
2019-nCoV	17109	T	C	52	47	23	1	0	23	0.0188679	53	0.5	FALSE	NA	NA	NA	NA	NA	NA
2019-nCoV	17109	T	-G	52	47	23	2	0	20	0.037037	54	0.252336	FALSE	NA	NA	NA	NA	NA	NA
2019-nCoV	17113	A	+T	86	37	23	4	0	20	0.0465116	86	0.0676819	FALSE	NA	NA	NA	NA	NA	NA
2019-nCoV	17117	G	A	85	44	23	1	0	24	0.0116279	86	0.502924	FALSE	NA	NA	NA	NA	NA	NA
2019-nCoV	17121	A	+T	96	46	24	1	0	20	0.0104167	96	0.505208	FALSE	NA	NA	NA	NA	NA	NA
2019-nCoV	17126	T	A	98	47	25	1	0	26	0.010101	99	0.502538	FALSE	NA	NA	NA	NA	NA	NA
2019-nCoV	17131	T	A	96	50	24	1	0	20	0.0103093	97	0.502591	FALSE	NA	NA	NA	NA	NA	NA
2019-nCoV	17132	A	G	93	46	24	1	1	28	0.0106383	94	0.502674	FALSE	NA	NA	NA	NA	NA	NA
2019-nCoV	17132	A	-C	93	46	24	2	0	20	0.0212766	94	0.254011	FALSE	NA	NA	NA	NA	NA	NA
2019-nCoV	17132	A	+C	93	46	24	1	0	20	0.0106383	94	0.502674	FALSE	NA	NA	NA	NA	NA	NA
2019-nCoV	17137	T	+C	141	80	23	1	0	20	0.0070922	141	0.754423	FALSE	NA	NA	NA	NA	NA	NA
2019-nCoV	17138	C	+T	179	75	24	2	0	20	0.0111732	179	0.506285	FALSE	NA	NA	NA	NA	NA	NA
2019-nCoV	17140	G	+C	152	81	24	12	0	20	0.0789474	152	0.00226662	TRUE	NA	NA	NA	NA	NA	NA
2019-nCoV	17141	C	+T	140	80	24	1	0	20	0.00714286	140	0.754455	FALSE	NA	NA	NA	NA	NA	NA
2019-nCoV	17141	C	+CT	140	80	24	1	0	20	0.00714286	140	0.754455	FALSE	NA	NA	NA	NA	NA	NA
2019-nCoV	17142	T	C	147	80	24	2	0	25	0.0134228	149	0.502534	FALSE	NA	NA	NA	NA	NA	NA
2019-nCoV	17143	C	T	192	77	24	1	0	23	0.00518135	193	0.751948	FALSE	NA	NA	NA	NA	NA	NA
2019-nCoV	17144	G	+T	185	79	24	1	0	20	0.00540541	185	0.753373	FALSE	NA	NA	NA	NA	NA	NA
2019-nCoV	17145	C	+A	187	80	24	1	0	20	0.00534759	187	0.753337	FALSE	NA	NA	NA	NA	NA	NA
2019-nCoV	17148	A	+C	199	81	25	1	0	20	0.005	200	0.87594	FALSE	NA	NA	NA	NA	NA	NA
2019-nCoV	17150	T	C	205	82	25	1	0	20	0.00485437	206	0.876823	FALSE	NA	NA	NA	NA	NA	NA
2019-nCoV	17151	G	A	206	81	25	1	0	22	0.00483092	207	0.876814	FALSE	NA	NA	NA	NA	NA	NA
2019-nCoV	17153	A	+C	211	85	25	1	0	20	0.00473934	211	0.877655	FALSE	NA	NA	NA	NA	NA	NA
2019-nCoV	17154	T	C	207	86	25	2	2	27	0.00956938	209	0.690205	FALSE	NA	NA	NA	NA	NA	NA
2019-nCoV	17156	C	+A	211	89	24	2	0	20	0.00947867	211	0.693704	FALSE	NA	NA	NA	NA	NA	NA
2019-nCoV	17157	A	+T	207	86	25	1	0	20	0.00483092	207	0.877706	FALSE	NA	NA	NA	NA	NA	NA
2019-nCoV	17157	A	+GG	207	86	25	1	0	20	0.00483092	207	0.877706	FALSE	NA	NA	NA	NA	NA	NA
2019-nCoV	17159	C	+T	210	86	25	1	0	20	0.0047619	210	0.877668	FALSE	NA	NA	NA	NA	NA	NA
2019-nCoV	17160	T	C	184	58	24	1	1	27	0.00540541	185	0.752033	FALSE	NA	NA	NA	NA	NA	NA
2019-nCoV	17161	T	-G	187	86	23	1	0	20	0.00534759	187	0.753337	FALSE	NA	NA	NA	NA	NA	NA
2019-nCoV	17162	G	A	204	82	25	1	1	26	0.00487805	205	0.875917	FALSE	NA	NA	NA	NA	NA	NA
2019-nCoV	17162	G	+C	204	82	25	2	0	20	0.00970874	206	0.690245	FALSE	NA	NA	NA	NA	NA	NA
2019-nCoV	17164	T	C	206	83	25	1	1	28	0.00483092	207	0.876814	FALSE	NA	NA	NA	NA	NA	NA
2019-nCoV	17164	T	+C	206	83	25	1	0	20	0.00483092	207	0.876814	FALSE	NA	NA	NA	NA	NA	NA
2019-nCoV	17165	C	+T	207	83	25	1	0	20	0.00483092	207	0.877706	FALSE	NA	NA	NA	NA	NA	NA
2019-nCoV	17165	C	+G	207	83	25	1	0	20	0.00483092	207	0.877706	FALSE	NA	NA	NA	NA	NA	NA
2019-nCoV	17166	T	+C	200	78	25	1	0	20	0.005	200	0.876868	FALSE	NA	NA	NA	NA	NA	NA
2019-nCoV	17167	C	-ATGCC	194	82	24	2	0	20	0.0103093	194	0.505799	FALSE	NA	NA	NA	NA	NA	NA
2019-nCoV	17168	A	G	187	79	25	1	0	27	0.00531915	188	0.748011	FALSE	NA	NA	NA	NA	NA	NA
2019-nCoV	17168	A	+C	187	79	25	1	0	20	0.0052356	191	0.748011	FALSE	NA	NA	NA	NA	NA	NA
2019-nCoV	17170	G	+T	185	68	24	1	0	20	0.00531915	188	0.74933	FALSE	NA	NA	NA	NA	NA	NA
2019-nCoV	17170	G	+C	185	68	24	1	0	20	0.00531915	188	0.74933	FALSE	NA	NA	NA	NA	NA	NA
2019-nCoV	17171	C	T	144	32	24	9	4	25	0.0588235	153	0.00923869	TRUE	NA	NA	NA	NA	NA	NA
2019-nCoV	17172	C	+T	156	74	23	2	0	20	0.0125786	159	0.5	FALSE	NA	NA	NA	NA	NA	NA
2019-nCoV	17173	G	+C	187	70	25	1	0	20	0.00534759	187	0.753337	FALSE	NA	NA	NA	NA	NA	NA
2019-nCoV	17175	T	G	194	78	25	1	0	20	0.00510204	196	0.750643	FALSE	NA	NA	NA	NA	NA	NA
2019-nCoV	17175	T	C	194	78	25	1	0	20	0.00510204	196	0.750643	FALSE	NA	NA	NA	NA	NA	NA
2019-nCoV	17175	T	+TTG	194	78	25	1	0	20	0.00510204	196	0.750643	FALSE	NA	NA	NA	NA	NA	NA
2019-nCoV	17176	G	A	190	77	24	1	0	23	0.0052356	191	0.751969	FALSE	NA	NA	NA	NA	NA	NA
2019-nCoV	17178	T	C	164	84	23	1	1	20	0.00606061	165	0.75228	FALSE	NA	NA	NA	NA	NA	NA
2019-nCoV	17178	T	+TA	164	84	23	1	0	20	0.00606061	165	0.75228	FALSE	NA	NA	NA	NA	NA	NA
2019-nCoV	17180	A	G	194	88	25	1	1	30	0.00512821	195	0.501285	FALSE	NA	NA	NA	NA	NA	NA
2019-nCoV	17184	A	G	191	85	25	1	0	28	0.00520833	192	0.751958	FALSE	NA	NA	NA	NA	NA	NA
2019-nCoV	17186	T	+A	194	83	25	1	0	20	0.00515464	194	0.753217	FALSE	NA	NA	NA	NA	NA	NA
2019-nCoV	17188	T	+G	206	86	25	1	0	20	0.00485437	206	0.87772	FALSE	NA	NA	NA	NA	NA	NA
2019-nCoV	17190	T	C	199	82	25	1	0	22	0.005	200	0.87594	FALSE	NA	NA	NA	NA	NA	NA
2019-nCoV	17190	T	+G	199	82	25	2	0	20	0.01	200	0.690314	FALSE	NA	NA	NA	NA	NA	NA
2019-nCoV	17192	A	G	187	66	24	2	1	25	0.010582	189	0.501995	FALSE	NA	NA	NA	NA	NA	NA
2019-nCoV	17193	G	+A	188	67	24	3	0	20	0.0159574	188	0.319501	FALSE	NA	NA	NA	NA	NA	NA
2019-nCoV	17195	A	+T	174	84	23	2	0	20	0.0114943	174	0.506465	FALSE	NA	NA	NA	NA	NA	NA
2019-nCoV	17195	A	+AC	174	84	23	1	0	20	0.00574713	174	0.753586	FALSE	NA	NA	NA	NA	NA	NA
2019-nCoV	17197	G	A	153	66	22	1	0	27	0.00649351	154	0.752443	FALSE	NA	NA	NA	NA	NA	NA
2019-nCoV	17197	G	-C	153	66	22	7	0	20	0.0454545	154	0.038441	FALSE	NA	NA	NA	NA	NA	NA
2019-nCoV	17197	G	+T	153	66	22	1	0	20	0.00649351	154	0.752443	FALSE	NA	NA	NA	NA	NA	NA
2019-nCoV	17198	C	G	184	59	24	1	0	21	0.00540541	185	0.743957	FALSE	NA	NA	NA	NA	NA	NA
2019-nCoV	17198	C	+G	184	59	24	1	0	20	0.0052356	191	0.743957	FALSE	NA	NA	NA	NA	NA	NA
2019-nCoV	17199	A	G	196	72	24	1	0	28	0.00507614	197	0.751908	FALSE	NA	NA	NA	NA	NA	NA
2019-nCoV	17199	A	+T	196	72	24	1	0	20	0.00507614	197	0.751908	FALSE	NA	NA	NA	NA	NA	NA
2019-nCoV	17201	T	-A	160	81	23	2	0	20	0.0125	160	0.507031	FALSE	NA	NA	NA	NA	NA	NA
2019-nCoV	17201	T	+TAA	160	81	23	1	0	20	0.00625	160	0.753899	FALSE	NA	NA	NA	NA	NA	NA
2019-nCoV	17201	T	+TA	160	81	23	2	0	20	0.0125	160	0.507031	FALSE	NA	NA	NA	NA	NA	NA
2019-nCoV	17201	T	+A	160	81	23	3	0	20	0.01875	160	0.32073	FALSE	NA	NA	NA	NA	NA	NA
2019-nCoV	17204	A	T	205	81	25	1	1	28	0.00483092	207	0.875912	FALSE	NA	NA	NA	NA	NA	NA
2019-nCoV	17204	A	G	205	81	25	1	0	28	0.00483092	207	0.875912	FALSE	NA	NA	NA	NA	NA	NA
2019-nCoV	17207	A	-T	169	67	24	3	0	20	0.0177515	169	0.320291	FALSE	NA	NA	NA	NA	NA	NA
2019-nCoV	17207	A	+T	169	67	24	3	0	20	0.0177515	169	0.320291	FALSE	NA	NA	NA	NA	NA	NA
2019-nCoV	17207	A	+G	169	67	24	1	0	20	0.00591716	169	0.753692	FALSE	NA	NA	NA	NA	NA	NA
2019-nCoV	17209	T	C	197	80	25	1	1	20	0.00505051	198	0.751899	FALSE	NA	NA	NA	NA	NA	NA
2019-nCoV	17210	T	C	89	79	23	1	1	28	0.0111111	90	0.502793	FALSE	NA	NA	NA	NA	NA	NA
2019-nCoV	17211	G	+A	129	80	23	1	0	20	0.00769231	130	0.752896	FALSE	NA	NA	NA	NA	NA	NA
2019-nCoV	17216	T	+A	197	91	24	1	0	20	0.00507614	197	0.753168	FALSE	NA	NA	NA	NA	NA	NA
2019-nCoV	17218	G	-A	217	94	25	1	0	20	0.00460829	217	0.877582	FALSE	NA	NA	NA	NA	NA	NA
2019-nCoV	17220	T	-A	215	94	25	1	0	20	0.00465116	215	0.877606	FALSE	NA	NA	NA	NA	NA	NA
2019-nCoV	17220	T	+A	215	94	25	5	0	20	0.0232558	215	0.23618	FALSE	NA	NA	NA	NA	NA	NA
2019-nCoV	17222	A	G	213	92	26	2	1	27	0.00930233	215	0.69013	FALSE	NA	NA	NA	NA	NA	NA
2019-nCoV	17224	T	+G	186	91	24	1	0	20	0.00537634	186	0.753355	FALSE	NA	NA	NA	NA	NA	NA
2019-nCoV	17225	G	+T	185	91	24	1	0	20	0.00540541	185	0.753373	FALSE	NA	NA	NA	NA	NA	NA
2019-nCoV	17232	A	G	86	24	24	1	0	24	0.0114943	87	0.50289	FALSE	NA	NA	NA	NA	NA	NA
2019-nCoV	17233	A	G	87	37	23	1	1	27	0.0113636	88	0.502857	FALSE	NA	NA	NA	NA	NA	NA
2019-nCoV	17236	A	G	104	39	25	1	0	20	0.00952381	105	0.753589	FALSE	NA	NA	NA	NA	NA	NA
2019-nCoV	17237	T	+A	103	38	25	1	0	20	0.00970874	103	0.75605	FALSE	NA	NA	NA	NA	NA	NA
2019-nCoV	17239	C	A	90	24	24	1	1	22	0.010989	91	0.502762	FALSE	NA	NA	NA	NA	NA	NA
2019-nCoV	17240	C	T	86	37	23	2	1	24	0.0224719	89	0.248571	FALSE	NA	NA	NA	NA	NA	NA
2019-nCoV	17240	C	A	86	37	23	1	1	22	0.011236	89	0.497143	FALSE	NA	NA	NA	NA	NA	NA
2019-nCoV	17241	T	C	104	36	25	2	2	25	0.0188679	106	0.503572	FALSE	NA	NA	NA	NA	NA	NA
2019-nCoV	17242	G	A	107	38	25	1	1	28	0.00925926	108	0.753488	FALSE	NA	NA	NA	NA	NA	NA
2019-nCoV	17242	G	+C	107	38	25	1	0	20	0.00925926	108	0.753488	FALSE	NA	NA	NA	NA	NA	NA
2019-nCoV	17243	C	+T	105	38	25	1	0	20	0.00952381	105	0.755935	FALSE	NA	NA	NA	NA	NA	NA
2019-nCoV	17245	C	T	102	41	25	1	0	26	0.00970874	103	0.753659	FALSE	NA	NA	NA	NA	NA	NA
2019-nCoV	17246	G	A	103	38	25	1	0	25	0.00961538	104	0.753623	FALSE	NA	NA	NA	NA	NA	NA
2019-nCoV	17247	T	A	104	37	25	3	1	27	0.0280374	107	0.314265	FALSE	NA	NA	NA	NA	NA	NA
2019-nCoV	17248	G	A	92	23	25	1	1	33	0.0107527	93	0.502703	FALSE	NA	NA	NA	NA	NA	NA
2019-nCoV	17254	G	+T	99	37	24	1	0	20	0.010101	99	0.505051	FALSE	NA	NA	NA	NA	NA	NA
2019-nCoV	17255	T	+TAG	100	35	24	1	0	20	0.01	100	0.753731	FALSE	NA	NA	NA	NA	NA	NA
2019-nCoV	17256	A	+T	101	37	25	1	0	20	0.00990099	101	0.75617	FALSE	NA	NA	NA	NA	NA	NA
2019-nCoV	17261	G	-T	103	37	23	12	0	20	0.116505	103	0.0025741	TRUE	NA	NA	NA	NA	NA	NA
2019-nCoV	17261	G	+T	103	37	23	1	0	20	0.00970874	103	0.75605	FALSE	NA	NA	NA	NA	NA	NA
2019-nCoV	17262	T	C	62	5	23	2	0	27	0.03125	64	0.216402	FALSE	NA	NA	NA	NA	NA	NA
2019-nCoV	17266	G	C	352	122	23	1	0	25	0.00283286	353	0.938385	FALSE	NA	NA	NA	NA	NA	NA
2019-nCoV	17266	G	-A	352	122	23	1	0	20	0.00283286	353	0.938385	FALSE	NA	NA	NA	NA	NA	NA
2019-nCoV	17266	G	+A	352	122	23	1	0	20	0.00283286	353	0.938385	FALSE	NA	NA	NA	NA	NA	NA
2019-nCoV	17267	A	G	356	119	24	1	1	29	0.00280112	357	0.938026	FALSE	NA	NA	NA	NA	NA	NA
2019-nCoV	17267	A	+T	356	119	24	2	0	20	0.00558659	358	0.81425	FALSE	NA	NA	NA	NA	NA	NA
2019-nCoV	17267	A	+G	356	119	24	1	0	20	0.0027933	358	0.938026	FALSE	NA	NA	NA	NA	NA	NA
2019-nCoV	17267	A	+C	356	119	24	2	0	20	0.00558659	358	0.81425	FALSE	NA	NA	NA	NA	NA	NA
2019-nCoV	17268	T	-A	356	122	24	4	0	20	0.011236	356	0.507681	FALSE	NA	NA	NA	NA	NA	NA
2019-nCoV	17268	T	+G	356	122	24	1	0	20	0.00280899	356	0.938723	FALSE	NA	NA	NA	NA	NA	NA
2019-nCoV	17268	T	+A	356	122	24	12	0	20	0.0337079	356	0.0197751	FALSE	NA	NA	NA	NA	NA	NA
2019-nCoV	17269	A	G	261	24	24	1	0	25	0.00381679	262	0.875717	FALSE	NA	NA	NA	NA	NA	NA
2019-nCoV	17270	A	G	379	137	25	1	0	27	0.00263158	380	0.938322	FALSE	NA	NA	NA	NA	NA	NA
2019-nCoV	17271	A	+AT	237	139	23	1	0	20	0.00421941	237	0.877365	FALSE	NA	NA	NA	NA	NA	NA
2019-nCoV	17273	T	C	302	134	23	2	0	25	0.00657895	304	0.814562	FALSE	NA	NA	NA	NA	NA	NA
2019-nCoV	17273	T	+C	302	134	23	2	0	20	0.00657895	304	0.814562	FALSE	NA	NA	NA	NA	NA	NA
2019-nCoV	17274	C	T	342	119	24	1	1	23	0.00291545	343	0.93841	FALSE	NA	NA	NA	NA	NA	NA
2019-nCoV	17274	C	-A	342	119	24	1	0	20	0.00291545	343	0.93841	FALSE	NA	NA	NA	NA	NA	NA
2019-nCoV	17274	C	+A	342	119	24	3	0	20	0.00874636	343	0.661033	FALSE	NA	NA	NA	NA	NA	NA
2019-nCoV	17275	A	G	254	28	25	2	2	24	0.0078125	256	0.688236	FALSE	NA	NA	NA	NA	NA	NA
2019-nCoV	17277	A	G	233	133	23	3	0	26	0.0127119	236	0.501999	FALSE	NA	NA	NA	NA	NA	NA
2019-nCoV	17278	G	+A	350	128	24	1	0	20	0.00285714	350	0.938744	FALSE	NA	NA	NA	NA	NA	NA
2019-nCoV	17279	T	+G	354	135	24	2	0	20	0.00564972	354	0.816018	FALSE	NA	NA	NA	NA	NA	NA
2019-nCoV	17279	T	+C	354	135	24	1	0	20	0.00282486	354	0.93873	FALSE	NA	NA	NA	NA	NA	NA
2019-nCoV	17280	G	-A	331	119	24	2	0	20	0.0060423	331	0.816261	FALSE	NA	NA	NA	NA	NA	NA
2019-nCoV	17280	G	+A	331	119	24	1	0	20	0.00302115	331	0.938815	FALSE	NA	NA	NA	NA	NA	NA
2019-nCoV	17281	A	G	285	63	24	1	1	24	0.0034965	286	0.875001	FALSE	NA	NA	NA	NA	NA	NA
2019-nCoV	17282	A	G	261	135	23	1	0	26	0.00381679	262	0.876433	FALSE	NA	NA	NA	NA	NA	NA
2019-nCoV	17282	A	+T	261	135	23	3	0	20	0.0114504	262	0.505378	FALSE	NA	NA	NA	NA	NA	NA
2019-nCoV	17282	A	+C	261	135	23	1	0	20	0.00381679	262	0.876433	FALSE	NA	NA	NA	NA	NA	NA
2019-nCoV	17282	A	+AT	261	135	23	1	0	20	0.00381679	262	0.876433	FALSE	NA	NA	NA	NA	NA	NA
2019-nCoV	17284	T	C	290	151	23	2	0	27	0.00684932	292	0.689434	FALSE	NA	NA	NA	NA	NA	NA
2019-nCoV	17287	A	G	308	153	23	1	1	22	0.00323625	309	0.93851	FALSE	NA	NA	NA	NA	NA	NA
2019-nCoV	17288	C	+T	363	146	24	1	0	20	0.00275482	363	0.9387	FALSE	NA	NA	NA	NA	NA	NA
2019-nCoV	17289	A	G	358	147	25	1	0	27	0.00278552	359	0.93837	FALSE	NA	NA	NA	NA	NA	NA
2019-nCoV	17289	A	+T	358	147	25	7	0	20	0.0194986	359	0.17822	FALSE	NA	NA	NA	NA	NA	NA
2019-nCoV	17289	A	+C	358	147	25	1	0	20	0.00278552	359	0.93837	FALSE	NA	NA	NA	NA	NA	NA
2019-nCoV	17289	A	+AT	358	147	25	1	0	20	0.00278552	359	0.93837	FALSE	NA	NA	NA	NA	NA	NA
2019-nCoV	17290	T	C	295	83	24	1	0	26	0.00337838	296	0.876268	FALSE	NA	NA	NA	NA	NA	NA
2019-nCoV	17291	T	C	291	150	23	1	0	26	0.00342466	292	0.876285	FALSE	NA	NA	NA	NA	NA	NA
2019-nCoV	17293	G	-A	350	127	24	1	0	20	0.00285714	350	0.938744	FALSE	NA	NA	NA	NA	NA	NA
2019-nCoV	17293	G	+GA	350	127	24	1	0	20	0.00285714	350	0.938744	FALSE	NA	NA	NA	NA	NA	NA
2019-nCoV	17293	G	+C	350	127	24	1	0	20	0.00285714	350	0.938744	FALSE	NA	NA	NA	NA	NA	NA
2019-nCoV	17293	G	+A	350	127	24	1	0	20	0.00285714	350	0.938744	FALSE	NA	NA	NA	NA	NA	NA
2019-nCoV	17295	A	+C	291	130	23	1	0	20	0.00343643	291	0.876927	FALSE	NA	NA	NA	NA	NA	NA
2019-nCoV	17297	A	+C	353	133	25	2	0	20	0.00564972	354	0.815146	FALSE	NA	NA	NA	NA	NA	NA
2019-nCoV	17298	G	A	366	141	25	1	0	23	0.0027248	367	0.938351	FALSE	NA	NA	NA	NA	NA	NA
2019-nCoV	17298	G	-T	366	141	25	1	0	20	0.0027248	367	0.938351	FALSE	NA	NA	NA	NA	NA	NA
2019-nCoV	17299	T	C	342	123	24	3	1	22	0.00867052	346	0.655571	FALSE	NA	NA	NA	NA	NA	NA
2019-nCoV	17299	T	A	342	123	24	1	0	24	0.00289017	346	0.936954	FALSE	NA	NA	NA	NA	NA	NA
2019-nCoV	17299	T	+A	342	123	24	2	0	20	0.00576369	347	0.811592	FALSE	NA	NA	NA	NA	NA	NA
2019-nCoV	17300	A	G	340	126	24	1	0	23	0.00293255	341	0.938416	FALSE	NA	NA	NA	NA	NA	NA
2019-nCoV	17300	A	+T	340	126	24	1	0	20	0.00293255	341	0.938416	FALSE	NA	NA	NA	NA	NA	NA
2019-nCoV	17300	A	+G	340	126	24	1	0	20	0.00293255	341	0.938416	FALSE	NA	NA	NA	NA	NA	NA
2019-nCoV	17301	T	C	328	126	24	1	0	24	0.00303951	329	0.938449	FALSE	NA	NA	NA	NA	NA	NA
2019-nCoV	17302	G	A	363	158	24	1	0	23	0.00274725	364	0.938358	FALSE	NA	NA	NA	NA	NA	NA
2019-nCoV	17304	C	-T	357	139	23	23	0	20	0.0644258	357	6.55306e-5	TRUE	NA	NA	NA	NA	NA	NA
2019-nCoV	17304	C	+T	357	139	23	8	0	20	0.022409	357	0.119699	FALSE	NA	NA	NA	NA	NA	NA
2019-nCoV	17305	T	C	227	21	24	1	1	25	0.00438596	228	0.861034	FALSE	NA	NA	NA	NA	NA	NA
2019-nCoV	17306	T	C	380	154	24	1	0	28	0.00262467	381	0.93832	FALSE	NA	NA	NA	NA	NA	NA
2019-nCoV	17308	T	G	175	148	23	1	0	26	0.00561798	178	0.749292	FALSE	NA	NA	NA	NA	NA	NA
2019-nCoV	17308	T	C	175	148	23	2	1	24	0.011236	178	0.5	FALSE	NA	NA	NA	NA	NA	NA
2019-nCoV	17308	T	+TG	175	148	23	1	0	20	0.00561798	178	0.749292	FALSE	NA	NA	NA	NA	NA	NA
2019-nCoV	17309	G	C	352	144	23	1	0	20	0.00282486	354	0.938032	FALSE	NA	NA	NA	NA	NA	NA
2019-nCoV	17309	G	A	352	144	23	1	1	20	0.00282486	354	0.938032	FALSE	NA	NA	NA	NA	NA	NA
2019-nCoV	17310	T	-A	358	148	24	1	0	20	0.0027933	358	0.938717	FALSE	NA	NA	NA	NA	NA	NA
2019-nCoV	17311	A	+C	350	144	24	1	0	20	0.002849	351	0.93839	FALSE	NA	NA	NA	NA	NA	NA
2019-nCoV	17312	C	T	346	143	24	1	0	25	0.00288184	347	0.9384	FALSE	NA	NA	NA	NA	NA	NA
2019-nCoV	17313	T	+G	342	135	24	1	0	20	0.00292398	342	0.938773	FALSE	NA	NA	NA	NA	NA	NA
2019-nCoV	17315	T	C	333	117	24	4	1	25	0.0118694	337	0.501632	FALSE	NA	NA	NA	NA	NA	NA
2019-nCoV	17315	T	-A	333	117	24	3	0	20	0.00890208	337	0.656952	FALSE	NA	NA	NA	NA	NA	NA
2019-nCoV	17315	T	+A	333	117	24	4	0	20	0.0118694	337	0.501632	FALSE	NA	NA	NA	NA	NA	NA
2019-nCoV	17316	A	G	249	29	24	4	2	24	0.0158103	253	0.339122	FALSE	NA	NA	NA	NA	NA	NA
2019-nCoV	17317	A	G	377	146	25	4	3	22	0.0104987	381	0.501443	FALSE	NA	NA	NA	NA	NA	NA
2019-nCoV	17318	A	G	211	145	23	1	1	27	0.00471698	212	0.876771	FALSE	NA	NA	NA	NA	NA	NA
2019-nCoV	17319	T	C	337	127	24	2	0	23	0.00589971	339	0.814348	FALSE	NA	NA	NA	NA	NA	NA
2019-nCoV	17319	T	+G	337	127	24	1	0	20	0.00294985	339	0.938055	FALSE	NA	NA	NA	NA	NA	NA
2019-nCoV	17321	C	-A	358	147	24	1	0	20	0.0027933	358	0.938717	FALSE	NA	NA	NA	NA	NA	NA
2019-nCoV	17321	C	+A	358	147	24	1	0	20	0.0027933	358	0.938717	FALSE	NA	NA	NA	NA	NA	NA
2019-nCoV	17322	A	G	353	147	24	1	1	23	0.00282486	354	0.938382	FALSE	NA	NA	NA	NA	NA	NA
2019-nCoV	17322	A	+T	353	147	24	14	0	20	0.039548	354	0.00733758	TRUE	NA	NA	NA	NA	NA	NA
2019-nCoV	17323	T	C	285	84	23	1	0	23	0.0034965	286	0.876312	FALSE	NA	NA	NA	NA	NA	NA
2019-nCoV	17328	T	-G	251	114	24	1	0	20	0.00398406	251	0.877234	FALSE	NA	NA	NA	NA	NA	NA
2019-nCoV	17328	T	+G	251	114	24	1	0	20	0.00398406	251	0.877234	FALSE	NA	NA	NA	NA	NA	NA
2019-nCoV	17329	G	+A	254	120	24	1	0	20	0.00392157	255	0.876472	FALSE	NA	NA	NA	NA	NA	NA
2019-nCoV	17330	A	G	264	123	24	1	1	23	0.00377358	265	0.876416	FALSE	NA	NA	NA	NA	NA	NA
2019-nCoV	17330	A	+G	264	123	24	1	0	20	0.00377358	265	0.876416	FALSE	NA	NA	NA	NA	NA	NA
2019-nCoV	17332	A	+C	294	140	25	1	0	20	0.00340136	294	0.876908	FALSE	NA	NA	NA	NA	NA	NA
2019-nCoV	17333	C	-G	288	138	25	4	0	20	0.0138889	288	0.351094	FALSE	NA	NA	NA	NA	NA	NA
2019-nCoV	17334	G	T	108	59	24	154	78	25	0.587786	262	3.92723e-58	TRUE	NA	NA	NA	NA	NA	NA
2019-nCoV	17334	G	-A	108	59	24	28	0	20	0.104869	267	1.97326e-12	TRUE	NA	NA	NA	NA	NA	NA
2019-nCoV	17335	A	T	222	129	24	5	0	22	0.0217391	230	0.179947	FALSE	NA	NA	NA	NA	NA	NA
2019-nCoV	17335	A	G	222	129	24	3	3	27	0.0130435	230	0.441314	FALSE	NA	NA	NA	NA	NA	NA
2019-nCoV	17337	A	G	249	129	24	1	1	20	0.004	250	0.876501	FALSE	NA	NA	NA	NA	NA	NA
2019-nCoV	17338	G	+C	252	131	24	1	0	20	0.00396825	252	0.877225	FALSE	NA	NA	NA	NA	NA	NA
2019-nCoV	17339	C	+A	258	136	24	1	0	20	0.00387597	258	0.877173	FALSE	NA	NA	NA	NA	NA	NA
2019-nCoV	17341	G	+A	272	140	24	1	0	20	0.00367647	272	0.877062	FALSE	NA	NA	NA	NA	NA	NA
2019-nCoV	17342	A	G	267	132	24	1	0	20	0.00373134	268	0.876401	FALSE	NA	NA	NA	NA	NA	NA
2019-nCoV	17342	A	+T	267	132	24	1	0	20	0.00373134	268	0.876401	FALSE	NA	NA	NA	NA	NA	NA
2019-nCoV	17344	A	G	251	118	24	1	1	26	0.00396825	252	0.87649	FALSE	NA	NA	NA	NA	NA	NA
2019-nCoV	17344	A	+TG	251	118	24	1	0	20	0.00396825	252	0.87649	FALSE	NA	NA	NA	NA	NA	NA
2019-nCoV	17347	G	T	262	130	24	1	0	21	0.00380228	263	0.876427	FALSE	NA	NA	NA	NA	NA	NA
2019-nCoV	17347	G	+C	262	130	24	1	0	20	0.00380228	263	0.876427	FALSE	NA	NA	NA	NA	NA	NA
2019-nCoV	17348	T	C	234	95	23	2	1	27	0.00847458	236	0.689894	FALSE	NA	NA	NA	NA	NA	NA
2019-nCoV	17350	G	+T	241	141	24	1	0	20	0.00414938	241	0.877326	FALSE	NA	NA	NA	NA	NA	NA
2019-nCoV	17352	C	-T	247	129	24	3	0	20	0.0121457	247	0.507591	FALSE	NA	NA	NA	NA	NA	NA
2019-nCoV	17352	C	+T	247	129	24	9	0	20	0.0364372	247	0.0362566	FALSE	NA	NA	NA	NA	NA	NA
2019-nCoV	17355	T	+TGA	157	136	24	1	0	20	0.00636943	157	0.753973	FALSE	NA	NA	NA	NA	NA	NA
2019-nCoV	17355	T	+TG	157	136	24	1	0	20	0.00636943	157	0.753973	FALSE	NA	NA	NA	NA	NA	NA
2019-nCoV	17356	G	A	249	131	24	1	0	25	0.004	250	0.876501	FALSE	NA	NA	NA	NA	NA	NA
2019-nCoV	17357	A	+C	258	133	24	1	0	20	0.00387597	258	0.877173	FALSE	NA	NA	NA	NA	NA	NA
2019-nCoV	17358	T	+C	278	142	24	1	0	20	0.00359712	278	0.877017	FALSE	NA	NA	NA	NA	NA	NA
2019-nCoV	17359	G	A	276	142	24	1	0	23	0.00361011	277	0.876355	FALSE	NA	NA	NA	NA	NA	NA
2019-nCoV	17359	G	-A	276	142	24	1	0	20	0.00361011	277	0.876355	FALSE	NA	NA	NA	NA	NA	NA
2019-nCoV	17359	G	+A	276	142	24	12	0	20	0.0433213	277	0.00741855	TRUE	NA	NA	NA	NA	NA	NA
2019-nCoV	17362	A	-T	203	148	23	1	0	20	0.00492611	203	0.87776	FALSE	NA	NA	NA	NA	NA	NA
2019-nCoV	17362	A	+T	203	148	23	1	0	20	0.00492611	203	0.87776	FALSE	NA	NA	NA	NA	NA	NA
2019-nCoV	17364	T	C	295	155	25	1	1	25	0.00337838	296	0.876268	FALSE	NA	NA	NA	NA	NA	NA
2019-nCoV	17365	T	C	199	144	23	1	0	23	0.005	200	0.87594	FALSE	NA	NA	NA	NA	NA	NA
2019-nCoV	17366	C	-A	254	127	24	2	0	20	0.00787402	254	0.692656	FALSE	NA	NA	NA	NA	NA	NA
2019-nCoV	17366	C	+A	254	127	24	8	0	20	0.0314961	254	0.0592986	FALSE	NA	NA	NA	NA	NA	NA
2019-nCoV	17368	A	G	199	127	23	1	1	25	0.005	200	0.87594	FALSE	NA	NA	NA	NA	NA	NA
2019-nCoV	17368	A	-T	199	127	23	1	0	20	0.005	200	0.87594	FALSE	NA	NA	NA	NA	NA	NA
2019-nCoV	17368	A	+T	199	127	23	1	0	20	0.005	200	0.87594	FALSE	NA	NA	NA	NA	NA	NA
2019-nCoV	17369	T	C	231	120	24	1	0	25	0.00429185	233	0.87581	FALSE	NA	NA	NA	NA	NA	NA
2019-nCoV	17369	T	A	231	120	24	1	0	21	0.00429185	233	0.87581	FALSE	NA	NA	NA	NA	NA	NA
2019-nCoV	17371	G	A	218	153	23	1	0	23	0.00456621	219	0.876714	FALSE	NA	NA	NA	NA	NA	NA
2019-nCoV	17371	G	+GC	218	153	23	1	0	20	0.00456621	219	0.876714	FALSE	NA	NA	NA	NA	NA	NA
2019-nCoV	17372	C	T	190	79	23	1	1	22	0.0052356	191	0.751969	FALSE	NA	NA	NA	NA	NA	NA
2019-nCoV	17375	C	-A	224	114	23	7	0	20	0.03125	224	0.0965704	FALSE	NA	NA	NA	NA	NA	NA
2019-nCoV	17375	C	+A	224	114	23	2	0	20	0.00892857	224	0.693345	FALSE	NA	NA	NA	NA	NA	NA
2019-nCoV	17377	A	C	243	134	25	10	2	25	0.0395257	253	0.0184875	FALSE	NA	NA	NA	NA	NA	NA
2019-nCoV	17378	A	+T	251	195	24	1	0	20	0.00398406	251	0.877234	FALSE	NA	NA	NA	NA	NA	NA
2019-nCoV	17378	A	+AT	251	195	24	1	0	20	0.00398406	251	0.877234	FALSE	NA	NA	NA	NA	NA	NA
2019-nCoV	17381	A	G	363	196	24	1	1	20	0.00265252	377	0.93387	FALSE	NA	NA	NA	NA	NA	NA
2019-nCoV	17381	A	C	363	196	24	13	4	23	0.0344828	377	0.00997827	TRUE	NA	NA	NA	NA	NA	NA
2019-nCoV	17381	A	-T	363	196	24	1	0	20	0.00265252	377	0.93387	FALSE	NA	NA	NA	NA	NA	NA
2019-nCoV	17381	A	+T	363	196	24	3	0	20	0.00795756	377	0.644132	FALSE	NA	NA	NA	NA	NA	NA
2019-nCoV	17382	T	C	388	205	24	3	0	23	0.00767263	391	0.656853	FALSE	NA	NA	NA	NA	NA	NA
2019-nCoV	17384	A	G	369	204	24	1	0	20	0.0027027	370	0.938344	FALSE	NA	NA	NA	NA	NA	NA
2019-nCoV	17384	A	-T	369	204	24	14	0	20	0.0378378	370	0.00729326	TRUE	NA	NA	NA	NA	NA	NA
2019-nCoV	17384	A	+T	369	204	24	1	0	20	0.0027027	370	0.938344	FALSE	NA	NA	NA	NA	NA	NA
2019-nCoV	17388	G	+A	364	205	24	1	0	20	0.00274725	364	0.938697	FALSE	NA	NA	NA	NA	NA	NA
2019-nCoV	17389	A	G	389	215	25	2	2	27	0.00511509	391	0.814102	FALSE	NA	NA	NA	NA	NA	NA
2019-nCoV	17390	G	+T	387	213	25	2	0	20	0.00516796	387	0.815719	FALSE	NA	NA	NA	NA	NA	NA
2019-nCoV	17391	T	C	381	211	25	1	0	29	0.0026178	382	0.938318	FALSE	NA	NA	NA	NA	NA	NA
2019-nCoV	17391	T	+G	381	211	25	1	0	20	0.0026178	382	0.938318	FALSE	NA	NA	NA	NA	NA	NA
2019-nCoV	17392	G	-T	333	173	24	10	0	20	0.03003	333	0.050461	FALSE	NA	NA	NA	NA	NA	NA
2019-nCoV	17394	T	C	286	174	23	2	1	24	0.00694444	288	0.689461	FALSE	NA	NA	NA	NA	NA	NA
2019-nCoV	17394	T	+C	286	174	23	1	0	20	0.00347222	288	0.875654	FALSE	NA	NA	NA	NA	NA	NA
2019-nCoV	17395	G	+T	341	166	25	1	0	20	0.00293255	341	0.938777	FALSE	NA	NA	NA	NA	NA	NA
2019-nCoV	17396	T	C	394	214	25	3	1	25	0.00755668	397	0.658029	FALSE	NA	NA	NA	NA	NA	NA
2019-nCoV	17396	T	+TC	394	214	25	1	0	20	0.00251889	397	0.937659	FALSE	NA	NA	NA	NA	NA	NA
2019-nCoV	17397	C	A	389	208	25	2	1	21	0.00511509	391	0.814102	FALSE	NA	NA	NA	NA	NA	NA
2019-nCoV	17397	C	-A	389	208	25	1	0	20	0.00255754	391	0.937981	FALSE	NA	NA	NA	NA	NA	NA
2019-nCoV	17397	C	+A	389	208	25	3	0	20	0.00767263	391	0.659253	FALSE	NA	NA	NA	NA	NA	NA
2019-nCoV	17398	A	G	340	145	24	2	2	26	0.00584795	342	0.813417	FALSE	NA	NA	NA	NA	NA	NA
2019-nCoV	17399	A	+T	356	218	24	1	0	20	0.00280899	356	0.938723	FALSE	NA	NA	NA	NA	NA	NA
2019-nCoV	17399	A	+C	356	218	24	1	0	20	0.00280899	356	0.938723	FALSE	NA	NA	NA	NA	NA	NA
2019-nCoV	17400	T	+G	404	211	25	1	0	20	0.00247525	404	0.969518	FALSE	NA	NA	NA	NA	NA	NA
2019-nCoV	17401	G	A	404	211	25	1	0	28	0.00246914	405	0.969327	FALSE	NA	NA	NA	NA	NA	NA
2019-nCoV	17404	A	G	399	217	25	3	3	20	0.00746269	402	0.775486	FALSE	NA	NA	NA	NA	NA	NA
2019-nCoV	17404	A	+C	399	217	25	1	0	20	0.00248756	402	0.968946	FALSE	NA	NA	NA	NA	NA	NA
2019-nCoV	17406	A	G	397	216	25	1	1	23	0.00251256	398	0.938285	FALSE	NA	NA	NA	NA	NA	NA
2019-nCoV	17406	A	+T	397	216	25	1	0	20	0.00251256	398	0.938285	FALSE	NA	NA	NA	NA	NA	NA
2019-nCoV	17408	T	C	320	216	25	1	0	25	0.00311526	321	0.938473	FALSE	NA	NA	NA	NA	NA	NA
2019-nCoV	17408	T	+A	320	216	25	1	0	20	0.00311526	321	0.938473	FALSE	NA	NA	NA	NA	NA	NA
2019-nCoV	17409	A	G	388	213	25	1	1	22	0.00257069	389	0.938303	FALSE	NA	NA	NA	NA	NA	NA
2019-nCoV	17409	A	+T	388	213	25	1	0	20	0.00257069	389	0.938303	FALSE	NA	NA	NA	NA	NA	NA
2019-nCoV	17410	C	T	1	0	24	389	216	25	0.997436	390	4.2459599999999987e-224	TRUE	NA	NA	NA	NA	NA	NA
2019-nCoV	17410	C	+T	1	0	24	1	0	20	0.0025641	390	0.0203817	FALSE	NA	NA	NA	NA	NA	NA
2019-nCoV	17411	G	+T	378	210	25	6	0	20	0.015873	378	0.261766	FALSE	NA	NA	NA	NA	NA	NA
2019-nCoV	17412	T	C	370	207	24	1	1	24	0.00269542	371	0.938342	FALSE	NA	NA	NA	NA	NA	NA
2019-nCoV	17412	T	+G	370	207	24	1	0	20	0.00269542	371	0.938342	FALSE	NA	NA	NA	NA	NA	NA
2019-nCoV	17413	G	A	389	213	24	1	0	28	0.0025641	390	0.938301	FALSE	NA	NA	NA	NA	NA	NA
2019-nCoV	17413	G	+A	389	213	24	1	0	20	0.0025641	390	0.938301	FALSE	NA	NA	NA	NA	NA	NA
2019-nCoV	17414	C	T	398	222	25	1	0	26	0.00250627	399	0.938283	FALSE	NA	NA	NA	NA	NA	NA
2019-nCoV	17414	C	-TA	398	222	25	1	0	20	0.00250627	399	0.938283	FALSE	NA	NA	NA	NA	NA	NA
2019-nCoV	17414	C	+T	398	222	25	2	0	20	0.00501253	399	0.814848	FALSE	NA	NA	NA	NA	NA	NA
2019-nCoV	17414	C	+A	398	222	25	1	0	20	0.00250627	399	0.938283	FALSE	NA	NA	NA	NA	NA	NA
2019-nCoV	17415	T	C	381	219	24	1	0	22	0.0026178	382	0.937991	FALSE	NA	NA	NA	NA	NA	NA
2019-nCoV	17415	T	-A	381	219	24	3	0	20	0.0078329	383	0.659316	FALSE	NA	NA	NA	NA	NA	NA
2019-nCoV	17415	T	+A	381	219	24	2	0	20	0.00522193	383	0.814136	FALSE	NA	NA	NA	NA	NA	NA
2019-nCoV	17416	A	G	297	136	23	2	1	21	0.00666667	300	0.808315	FALSE	NA	NA	NA	NA	NA	NA
2019-nCoV	17416	A	C	297	136	23	1	1	23	0.00333333	300	0.935607	FALSE	NA	NA	NA	NA	NA	NA
2019-nCoV	17420	A	G	398	224	25	1	1	27	0.00250627	399	0.938283	FALSE	NA	NA	NA	NA	NA	NA
2019-nCoV	17420	A	+C	398	224	25	1	0	20	0.00250627	399	0.938283	FALSE	NA	NA	NA	NA	NA	NA
2019-nCoV	17421	C	-T	396	224	25	1	0	20	0.00252525	396	0.9386	FALSE	NA	NA	NA	NA	NA	NA
2019-nCoV	17422	T	A	396	218	25	1	0	20	0.00251889	397	0.937973	FALSE	NA	NA	NA	NA	NA	NA
2019-nCoV	17423	A	T	391	215	25	1	0	20	0.00254453	393	0.937979	FALSE	NA	NA	NA	NA	NA	NA
2019-nCoV	17423	A	G	391	215	25	1	1	26	0.00254453	393	0.937979	FALSE	NA	NA	NA	NA	NA	NA
2019-nCoV	17423	A	-TG	391	215	25	1	0	20	0.00254453	393	0.937979	FALSE	NA	NA	NA	NA	NA	NA
2019-nCoV	17423	A	-T	391	215	25	1	0	20	0.00254453	393	0.937979	FALSE	NA	NA	NA	NA	NA	NA
2019-nCoV	17423	A	+T	391	215	25	1	0	20	0.00254453	393	0.937979	FALSE	NA	NA	NA	NA	NA	NA
2019-nCoV	17424	T	C	391	217	25	1	0	23	0.00255102	392	0.93766	FALSE	NA	NA	NA	NA	NA	NA
2019-nCoV	17425	G	A	391	211	25	1	0	25	0.00255102	392	0.937979	FALSE	NA	NA	NA	NA	NA	NA
2019-nCoV	17425	G	+C	391	211	25	1	0	20	0.00254453	393	0.937979	FALSE	NA	NA	NA	NA	NA	NA
2019-nCoV	17426	T	G	378	203	25	1	0	22	0.0025974	385	0.936344	FALSE	NA	NA	NA	NA	NA	NA
2019-nCoV	17426	T	C	378	203	25	5	4	24	0.012987	385	0.361132	FALSE	NA	NA	NA	NA	NA	NA
2019-nCoV	17426	T	A	378	203	25	1	1	20	0.0025974	385	0.936344	FALSE	NA	NA	NA	NA	NA	NA
2019-nCoV	17426	T	+G	378	203	25	1	0	20	0.0025974	385	0.936344	FALSE	NA	NA	NA	NA	NA	NA
2019-nCoV	17427	G	+C	375	198	25	1	0	20	0.00266667	375	0.938662	FALSE	NA	NA	NA	NA	NA	NA
2019-nCoV	17428	T	+TA	382	215	24	1	0	20	0.0026178	382	0.93864	FALSE	NA	NA	NA	NA	NA	NA
2019-nCoV	17428	T	+G	382	215	24	1	0	20	0.0026178	382	0.93864	FALSE	NA	NA	NA	NA	NA	NA
2019-nCoV	17429	A	G	328	172	24	3	1	25	0.00906344	331	0.656962	FALSE	NA	NA	NA	NA	NA	NA
2019-nCoV	17431	A	+T	316	165	23	8	0	20	0.0253165	316	0.120546	FALSE	NA	NA	NA	NA	NA	NA
2019-nCoV	17433	T	C	310	196	24	3	2	21	0.00958466	313	0.658508	FALSE	NA	NA	NA	NA	NA	NA
2019-nCoV	17433	T	+TG	310	196	24	2	0	20	0.00638978	313	0.813506	FALSE	NA	NA	NA	NA	NA	NA
2019-nCoV	17433	T	+G	310	196	24	4	0	20	0.0127796	313	0.503511	FALSE	NA	NA	NA	NA	NA	NA
2019-nCoV	17436	C	T	386	220	24	1	0	22	0.00258398	387	0.938307	FALSE	NA	NA	NA	NA	NA	NA
2019-nCoV	17436	C	-G	386	220	24	1	0	20	0.00258398	387	0.938307	FALSE	NA	NA	NA	NA	NA	NA
2019-nCoV	17436	C	+G	386	220	24	1	0	20	0.00258398	387	0.938307	FALSE	NA	NA	NA	NA	NA	NA
2019-nCoV	17437	G	A	368	218	24	2	1	23	0.00540541	370	0.813347	FALSE	NA	NA	NA	NA	NA	NA
2019-nCoV	17438	A	-C	371	221	24	6	0	20	0.0161725	371	0.261915	FALSE	NA	NA	NA	NA	NA	NA
2019-nCoV	17438	A	+C	371	221	24	4	0	20	0.0107817	371	0.50737	FALSE	NA	NA	NA	NA	NA	NA
2019-nCoV	17439	C	T	236	81	23	1	0	29	0.00421941	237	0.873419	FALSE	NA	NA	NA	NA	NA	NA
2019-nCoV	17440	C	T	407	232	25	1	0	26	0.00245098	408	0.969323	FALSE	NA	NA	NA	NA	NA	NA
2019-nCoV	17441	C	+T	282	229	23	1	0	20	0.0035461	282	0.876989	FALSE	NA	NA	NA	NA	NA	NA
2019-nCoV	17442	T	+G	382	220	24	1	0	20	0.0026178	382	0.93864	FALSE	NA	NA	NA	NA	NA	NA
2019-nCoV	17442	T	+A	382	220	24	1	0	20	0.0026178	382	0.93864	FALSE	NA	NA	NA	NA	NA	NA
2019-nCoV	17443	G	+C	371	205	24	5	0	20	0.0134771	371	0.371411	FALSE	NA	NA	NA	NA	NA	NA
2019-nCoV	17445	T	G	343	187	24	1	1	23	0.00290698	344	0.938408	FALSE	NA	NA	NA	NA	NA	NA
2019-nCoV	17445	T	+G	343	187	24	1	0	20	0.00290698	344	0.938408	FALSE	NA	NA	NA	NA	NA	NA
2019-nCoV	17445	T	+A	343	187	24	1	0	20	0.00290698	344	0.938408	FALSE	NA	NA	NA	NA	NA	NA
2019-nCoV	17446	C	+TA	368	211	24	1	0	20	0.00271739	368	0.938684	FALSE	NA	NA	NA	NA	NA	NA
2019-nCoV	17446	C	+A	368	211	24	6	0	20	0.0163043	368	0.261981	FALSE	NA	NA	NA	NA	NA	NA
2019-nCoV	17448	A	+G	309	217	24	1	0	20	0.00323625	309	0.938908	FALSE	NA	NA	NA	NA	NA	NA
2019-nCoV	17448	A	+C	309	217	24	1	0	20	0.00323625	309	0.938908	FALSE	NA	NA	NA	NA	NA	NA
2019-nCoV	17450	T	+A	309	222	24	2	0	20	0.00647249	309	0.816528	FALSE	NA	NA	NA	NA	NA	NA
2019-nCoV	17451	A	T	353	217	24	1	1	23	0.0028169	355	0.937677	FALSE	NA	NA	NA	NA	NA	NA
2019-nCoV	17451	A	G	353	217	24	1	1	26	0.0028169	355	0.937677	FALSE	NA	NA	NA	NA	NA	NA
2019-nCoV	17451	A	+C	353	217	24	1	0	20	0.00280899	356	0.937677	FALSE	NA	NA	NA	NA	NA	NA
2019-nCoV	17454	T	A	365	220	24	1	1	23	0.00273224	366	0.938353	FALSE	NA	NA	NA	NA	NA	NA
2019-nCoV	17454	T	+G	365	220	24	1	0	20	0.00273224	366	0.938353	FALSE	NA	NA	NA	NA	NA	NA
2019-nCoV	17455	G	A	353	220	24	1	1	22	0.00282486	354	0.938382	FALSE	NA	NA	NA	NA	NA	NA
2019-nCoV	17457	A	-C	90	63	23	1	0	20	0.0111111	90	0.505556	FALSE	NA	NA	NA	NA	NA	NA
2019-nCoV	17459	C	T	82	64	23	1	0	22	0.0120482	83	0.50303	FALSE	NA	NA	NA	NA	NA	NA
2019-nCoV	17466	A	-T	104	62	24	1	0	20	0.00961538	104	0.755992	FALSE	NA	NA	NA	NA	NA	NA
2019-nCoV	17468	T	C	90	65	24	1	1	28	0.010989	91	0.502762	FALSE	NA	NA	NA	NA	NA	NA
2019-nCoV	17474	C	T	113	66	25	1	0	27	0.00877193	114	0.753304	FALSE	NA	NA	NA	NA	NA	NA
2019-nCoV	17474	C	+A	113	66	25	1	0	20	0.00877193	114	0.753304	FALSE	NA	NA	NA	NA	NA	NA
2019-nCoV	17477	A	-G	83	62	23	1	0	20	0.0120482	83	0.506024	FALSE	NA	NA	NA	NA	NA	NA
2019-nCoV	17480	G	C	71	63	24	1	0	27	0.0138889	72	0.503497	FALSE	NA	NA	NA	NA	NA	NA
2019-nCoV	17486	T	+G	123	68	25	2	0	20	0.0162602	123	0.509146	FALSE	NA	NA	NA	NA	NA	NA
2019-nCoV	17487	A	+G	120	63	24	1	0	20	0.00833333	120	0.755195	FALSE	NA	NA	NA	NA	NA	NA
2019-nCoV	17489	A	G	92	37	24	1	1	27	0.0107527	93	0.502703	FALSE	NA	NA	NA	NA	NA	NA
2019-nCoV	17490	A	G	99	66	24	1	1	22	0.01	100	0.751256	FALSE	NA	NA	NA	NA	NA	NA
2019-nCoV	17490	A	-C	99	66	24	1	0	20	0.01	100	0.751256	FALSE	NA	NA	NA	NA	NA	NA
2019-nCoV	17496	A	G	195	112	24	1	0	24	0.00510204	196	0.751918	FALSE	NA	NA	NA	NA	NA	NA
2019-nCoV	17496	A	+G	195	112	24	1	0	20	0.00510204	196	0.751918	FALSE	NA	NA	NA	NA	NA	NA
2019-nCoV	17498	A	-T	239	109	24	4	0	20	0.0167364	239	0.352604	FALSE	NA	NA	NA	NA	NA	NA
2019-nCoV	17498	A	+T	239	109	24	7	0	20	0.0292887	239	0.0961403	FALSE	NA	NA	NA	NA	NA	NA
2019-nCoV	17499	T	G	181	47	24	1	1	20	0.00549451	182	0.750689	FALSE	NA	NA	NA	NA	NA	NA
2019-nCoV	17501	T	+C	166	116	24	1	0	20	0.0060241	166	0.753758	FALSE	NA	NA	NA	NA	NA	NA
2019-nCoV	17502	C	-A	243	113	24	1	0	20	0.00411523	243	0.877307	FALSE	NA	NA	NA	NA	NA	NA
2019-nCoV	17502	C	+A	243	113	24	1	0	20	0.00411523	243	0.877307	FALSE	NA	NA	NA	NA	NA	NA
2019-nCoV	17504	A	+C	197	115	24	1	0	20	0.00507614	197	0.753168	FALSE	NA	NA	NA	NA	NA	NA
2019-nCoV	17508	A	+G	255	117	25	1	0	20	0.00392157	255	0.877199	FALSE	NA	NA	NA	NA	NA	NA
2019-nCoV	17511	G	A	252	113	25	1	1	22	0.00395257	253	0.876484	FALSE	NA	NA	NA	NA	NA	NA
2019-nCoV	17512	T	C	253	114	25	1	1	27	0.00393701	254	0.876478	FALSE	NA	NA	NA	NA	NA	NA
2019-nCoV	17512	T	+G	253	114	25	1	0	20	0.00393701	254	0.876478	FALSE	NA	NA	NA	NA	NA	NA
2019-nCoV	17514	T	C	245	109	25	1	1	25	0.00406504	246	0.876526	FALSE	NA	NA	NA	NA	NA	NA
2019-nCoV	17515	A	+G	240	107	25	1	0	20	0.00416667	240	0.877336	FALSE	NA	NA	NA	NA	NA	NA
2019-nCoV	17516	G	A	246	112	25	1	1	27	0.00404858	247	0.87652	FALSE	NA	NA	NA	NA	NA	NA
2019-nCoV	17516	G	+C	246	112	25	1	0	20	0.00404858	247	0.87652	FALSE	NA	NA	NA	NA	NA	NA
2019-nCoV	17518	C	+T	251	115	25	2	0	20	0.00796813	251	0.692718	FALSE	NA	NA	NA	NA	NA	NA
2019-nCoV	17519	T	C	220	80	24	1	1	27	0.00452489	221	0.876699	FALSE	NA	NA	NA	NA	NA	NA
2019-nCoV	17523	G	-A	232	108	24	13	0	20	0.0560345	232	0.00456866	TRUE	NA	NA	NA	NA	NA	NA
2019-nCoV	17523	G	+A	232	108	24	4	0	20	0.0172414	232	0.352872	FALSE	NA	NA	NA	NA	NA	NA
2019-nCoV	17524	A	G	138	18	23	1	1	26	0.00719424	139	0.743747	FALSE	NA	NA	NA	NA	NA	NA
2019-nCoV	17525	A	G	228	105	24	1	1	28	0.00436681	229	0.876639	FALSE	NA	NA	NA	NA	NA	NA
2019-nCoV	17526	A	G	236	115	24	1	0	27	0.00421941	237	0.876584	FALSE	NA	NA	NA	NA	NA	NA
2019-nCoV	17527	A	C	124	112	24	1	1	23	0.008	125	0.753012	FALSE	NA	NA	NA	NA	NA	NA
2019-nCoV	17528	C	A	212	109	24	1	1	22	0.00469484	213	0.876763	FALSE	NA	NA	NA	NA	NA	NA
2019-nCoV	17529	T	C	231	113	24	1	0	21	0.00431034	232	0.876618	FALSE	NA	NA	NA	NA	NA	NA
2019-nCoV	17529	T	+A	231	113	24	1	0	20	0.00431034	232	0.876618	FALSE	NA	NA	NA	NA	NA	NA
2019-nCoV	17531	T	C	236	115	25	1	0	27	0.00421941	237	0.876584	FALSE	NA	NA	NA	NA	NA	NA
2019-nCoV	17535	T	C	242	115	24	1	0	23	0.00411523	243	0.876545	FALSE	NA	NA	NA	NA	NA	NA
2019-nCoV	17535	T	+C	242	115	24	1	0	20	0.00411523	243	0.876545	FALSE	NA	NA	NA	NA	NA	NA
2019-nCoV	17538	A	G	227	121	25	2	0	27	0.00873362	229	0.689968	FALSE	NA	NA	NA	NA	NA	NA
2019-nCoV	17538	A	+G	227	121	25	2	0	20	0.00873362	229	0.689968	FALSE	NA	NA	NA	NA	NA	NA
2019-nCoV	17539	G	T	220	117	25	1	0	20	0.00452489	221	0.876699	FALSE	NA	NA	NA	NA	NA	NA
2019-nCoV	17540	A	+T	229	113	24	1	0	20	0.00436681	229	0.877447	FALSE	NA	NA	NA	NA	NA	NA
2019-nCoV	17541	C	G	226	112	24	1	1	20	0.00440529	227	0.876654	FALSE	NA	NA	NA	NA	NA	NA
2019-nCoV	17541	C	+T	226	112	24	1	0	20	0.00440529	227	0.876654	FALSE	NA	NA	NA	NA	NA	NA
2019-nCoV	17542	A	C	227	108	24	1	1	20	0.00438596	228	0.876647	FALSE	NA	NA	NA	NA	NA	NA
2019-nCoV	17543	T	C	212	110	24	2	0	24	0.00934579	214	0.690142	FALSE	NA	NA	NA	NA	NA	NA
2019-nCoV	17544	G	+T	205	108	24	2	0	20	0.0097561	205	0.693886	FALSE	NA	NA	NA	NA	NA	NA
2019-nCoV	17549	T	C	210	109	24	1	1	24	0.00473934	211	0.876779	FALSE	NA	NA	NA	NA	NA	NA
2019-nCoV	17549	T	-C	210	109	24	1	0	20	0.00473934	211	0.876779	FALSE	NA	NA	NA	NA	NA	NA
2019-nCoV	17550	C	+G	229	107	24	1	0	20	0.00434783	230	0.876632	FALSE	NA	NA	NA	NA	NA	NA
2019-nCoV	17553	A	G	188	63	24	2	2	27	0.0105263	190	0.501984	FALSE	NA	NA	NA	NA	NA	NA
2019-nCoV	17554	A	+C	196	116	23	1	0	20	0.00510204	196	0.753184	FALSE	NA	NA	NA	NA	NA	NA
2019-nCoV	17555	C	+T	224	106	24	1	0	20	0.00446429	224	0.877502	FALSE	NA	NA	NA	NA	NA	NA
2019-nCoV	17555	C	+G	224	106	24	1	0	20	0.00446429	224	0.877502	FALSE	NA	NA	NA	NA	NA	NA
2019-nCoV	17557	T	+G	184	110	23	1	0	20	0.00543478	184	0.753391	FALSE	NA	NA	NA	NA	NA	NA
2019-nCoV	17558	G	+T	213	104	24	1	0	20	0.00469484	213	0.87763	FALSE	NA	NA	NA	NA	NA	NA
2019-nCoV	17559	T	+C	219	103	24	1	0	20	0.00456621	219	0.877559	FALSE	NA	NA	NA	NA	NA	NA
2019-nCoV	17560	C	T	222	103	24	1	1	20	0.0044843	223	0.876683	FALSE	NA	NA	NA	NA	NA	NA
2019-nCoV	17560	C	+G	222	103	24	5	0	20	0.0224215	223	0.233977	FALSE	NA	NA	NA	NA	NA	NA
2019-nCoV	17560	C	+CG	222	103	24	1	0	20	0.0044843	223	0.876683	FALSE	NA	NA	NA	NA	NA	NA
2019-nCoV	17562	G	A	185	110	23	1	1	21	0.00537634	186	0.752022	FALSE	NA	NA	NA	NA	NA	NA
2019-nCoV	17563	C	G	224	103	24	1	1	20	0.00444444	225	0.876669	FALSE	NA	NA	NA	NA	NA	NA
2019-nCoV	17564	G	C	215	101	24	1	1	20	0.00460829	217	0.87587	FALSE	NA	NA	NA	NA	NA	NA
2019-nCoV	17564	G	A	215	101	24	1	0	26	0.00460829	217	0.87587	FALSE	NA	NA	NA	NA	NA	NA
2019-nCoV	17564	G	-T	215	101	24	2	0	20	0.00921659	217	0.690105	FALSE	NA	NA	NA	NA	NA	NA
2019-nCoV	17564	G	+T	215	101	24	6	0	20	0.0276498	217	0.149882	FALSE	NA	NA	NA	NA	NA	NA
2019-nCoV	17564	G	+A	215	101	24	1	0	20	0.00460829	217	0.87587	FALSE	NA	NA	NA	NA	NA	NA
2019-nCoV	17565	T	G	158	44	23	1	1	20	0.00625	160	0.744529	FALSE	NA	NA	NA	NA	NA	NA
2019-nCoV	17565	T	C	158	44	23	1	0	22	0.00625	160	0.744529	FALSE	NA	NA	NA	NA	NA	NA
2019-nCoV	17566	T	C	166	107	23	2	0	26	0.0119048	168	0.502246	FALSE	NA	NA	NA	NA	NA	NA
2019-nCoV	17567	G	+T	203	98	23	1	0	20	0.00492611	203	0.87776	FALSE	NA	NA	NA	NA	NA	NA
2019-nCoV	17568	T	C	209	99	24	1	1	21	0.0047619	210	0.876788	FALSE	NA	NA	NA	NA	NA	NA
2019-nCoV	17568	T	+C	209	99	24	1	0	20	0.0047619	210	0.876788	FALSE	NA	NA	NA	NA	NA	NA
2019-nCoV	17569	C	T	169	55	23	1	1	29	0.00588235	170	0.752212	FALSE	NA	NA	NA	NA	NA	NA
2019-nCoV	17571	T	G	209	101	24	1	0	27	0.0047619	210	0.876788	FALSE	NA	NA	NA	NA	NA	NA
2019-nCoV	17573	C	+G	224	106	24	1	0	20	0.00446429	224	0.877502	FALSE	NA	NA	NA	NA	NA	NA
2019-nCoV	17575	G	-A	202	100	23	5	0	20	0.0247525	202	0.236805	FALSE	NA	NA	NA	NA	NA	NA
2019-nCoV	17575	G	+A	202	100	23	1	0	20	0.0049505	202	0.877773	FALSE	NA	NA	NA	NA	NA	NA
2019-nCoV	17577	A	-AT	217	115	24	1	0	20	0.00460829	217	0.877582	FALSE	NA	NA	NA	NA	NA	NA
2019-nCoV	17578	A	-T	119	105	23	1	0	20	0.00833333	120	0.753138	FALSE	NA	NA	NA	NA	NA	NA
2019-nCoV	17580	T	C	171	116	23	1	0	21	0.00581395	172	0.752187	FALSE	NA	NA	NA	NA	NA	NA
2019-nCoV	17581	G	+T	216	108	23	4	0	20	0.0185185	216	0.35355	FALSE	NA	NA	NA	NA	NA	NA
2019-nCoV	17586	C	T	134	51	24	1	1	25	0.00740741	135	0.752788	FALSE	NA	NA	NA	NA	NA	NA
2019-nCoV	17586	C	+A	134	51	24	1	0	20	0.00740741	135	0.752788	FALSE	NA	NA	NA	NA	NA	NA
2019-nCoV	17594	G	A	127	48	25	2	1	24	0.0155039	129	0.50293	FALSE	NA	NA	NA	NA	NA	NA
2019-nCoV	17595	T	C	128	45	25	1	0	23	0.00775194	129	0.752918	FALSE	NA	NA	NA	NA	NA	NA
2019-nCoV	17597	C	-T	117	42	24	3	0	20	0.025641	117	0.323769	FALSE	NA	NA	NA	NA	NA	NA
2019-nCoV	17597	C	+T	117	42	24	2	0	20	0.017094	117	0.509615	FALSE	NA	NA	NA	NA	NA	NA
2019-nCoV	17600	T	C	53	42	23	1	0	28	0.0185185	54	0.504673	FALSE	NA	NA	NA	NA	NA	NA
2019-nCoV	17609	A	G	128	48	25	1	1	20	0.00775194	129	0.752918	FALSE	NA	NA	NA	NA	NA	NA
2019-nCoV	17610	T	-A	120	47	24	5	0	20	0.0416667	120	0.118334	FALSE	NA	NA	NA	NA	NA	NA
2019-nCoV	17613	T	+A	114	41	24	1	0	20	0.00877193	114	0.755468	FALSE	NA	NA	NA	NA	NA	NA
2019-nCoV	17614	A	G	117	34	24	1	0	27	0.00847458	118	0.753191	FALSE	NA	NA	NA	NA	NA	NA
2019-nCoV	17618	T	A	110	35	24	1	0	20	0.00900901	111	0.753394	FALSE	NA	NA	NA	NA	NA	NA
2019-nCoV	17619	T	+TA	107	50	23	1	0	20	0.00934579	107	0.755825	FALSE	NA	NA	NA	NA	NA	NA
2019-nCoV	17621	A	G	133	49	26	1	1	25	0.00746269	134	0.752809	FALSE	NA	NA	NA	NA	NA	NA
2019-nCoV	17625	A	G	134	49	25	1	1	22	0.00740741	135	0.752788	FALSE	NA	NA	NA	NA	NA	NA
2019-nCoV	17628	T	-A	126	45	25	2	0	20	0.015873	126	0.508928	FALSE	NA	NA	NA	NA	NA	NA
2019-nCoV	17628	T	+A	126	45	25	5	0	20	0.0396825	126	0.1179	FALSE	NA	NA	NA	NA	NA	NA
2019-nCoV	17629	A	G	98	18	25	1	0	28	0.010101	99	0.748744	FALSE	NA	NA	NA	NA	NA	NA
2019-nCoV	17631	A	G	101	51	23	1	1	23	0.00980392	102	0.753695	FALSE	NA	NA	NA	NA	NA	NA
2019-nCoV	17632	G	-A	130	52	25	1	0	20	0.00769231	130	0.754797	FALSE	NA	NA	NA	NA	NA	NA
2019-nCoV	17634	C	T	133	54	25	1	0	24	0.00746269	134	0.752809	FALSE	NA	NA	NA	NA	NA	NA
2019-nCoV	17634	C	+G	133	54	25	1	0	20	0.00746269	134	0.752809	FALSE	NA	NA	NA	NA	NA	NA
2019-nCoV	17634	C	+A	133	54	25	3	0	20	0.0223881	134	0.319536	FALSE	NA	NA	NA	NA	NA	NA
2019-nCoV	17635	A	G	108	29	24	3	1	27	0.027027	111	0.314201	FALSE	NA	NA	NA	NA	NA	NA
2019-nCoV	17644	C	+A	131	47	25	9	0	20	0.0687023	131	0.0130736	FALSE	NA	NA	NA	NA	NA	NA
2019-nCoV	17645	A	G	106	22	25	1	1	26	0.00934579	107	0.753521	FALSE	NA	NA	NA	NA	NA	NA
2019-nCoV	17646	A	+AT	113	45	22	1	0	20	0.00884956	113	0.755516	FALSE	NA	NA	NA	NA	NA	NA
2019-nCoV	17649	C	A	167	71	23	1	0	27	0.00595238	168	0.752239	FALSE	NA	NA	NA	NA	NA	NA
2019-nCoV	17652	T	-A	112	81	22	2	0	20	0.0178571	112	0.510044	FALSE	NA	NA	NA	NA	NA	NA
2019-nCoV	17652	T	+A	112	81	22	2	0	20	0.0178571	112	0.510044	FALSE	NA	NA	NA	NA	NA	NA
2019-nCoV	17653	A	G	107	7	24	1	1	22	0.00925926	108	0.751163	FALSE	NA	NA	NA	NA	NA	NA
2019-nCoV	17658	G	-T	180	79	23	5	0	20	0.0277778	180	0.11531	FALSE	NA	NA	NA	NA	NA	NA
2019-nCoV	17658	G	+T	180	79	23	3	0	20	0.0166667	180	0.319813	FALSE	NA	NA	NA	NA	NA	NA
2019-nCoV	17661	T	C	190	89	24	1	0	25	0.0052356	191	0.751969	FALSE	NA	NA	NA	NA	NA	NA
2019-nCoV	17662	T	A	94	89	24	1	0	21	0.0105263	95	0.502646	FALSE	NA	NA	NA	NA	NA	NA
2019-nCoV	17662	T	+A	94	89	24	1	0	20	0.0105263	95	0.502646	FALSE	NA	NA	NA	NA	NA	NA
2019-nCoV	17663	A	T	183	86	23	1	0	21	0.00543478	184	0.752044	FALSE	NA	NA	NA	NA	NA	NA
2019-nCoV	17664	T	A	178	84	24	1	0	21	0.00558659	179	0.752101	FALSE	NA	NA	NA	NA	NA	NA
2019-nCoV	17664	T	-A	178	84	24	1	0	20	0.00558659	179	0.752101	FALSE	NA	NA	NA	NA	NA	NA
2019-nCoV	17664	T	+A	178	84	24	1	0	20	0.00558659	179	0.752101	FALSE	NA	NA	NA	NA	NA	NA
2019-nCoV	17666	A	+G	137	78	23	8	0	20	0.0583942	137	0.022767	FALSE	NA	NA	NA	NA	NA	NA
2019-nCoV	17668	G	A	185	85	25	2	2	27	0.0106952	187	0.502016	FALSE	NA	NA	NA	NA	NA	NA
2019-nCoV	17670	T	G	173	77	24	1	1	22	0.00574713	174	0.752161	FALSE	NA	NA	NA	NA	NA	NA
2019-nCoV	17671	G	T	169	71	24	1	1	20	0.00588235	170	0.752212	FALSE	NA	NA	NA	NA	NA	NA
2019-nCoV	17671	G	-T	169	71	24	6	0	20	0.0352941	170	0.0664286	FALSE	NA	NA	NA	NA	NA	NA
2019-nCoV	17671	G	+T	169	71	24	2	0	20	0.0117647	170	0.504425	FALSE	NA	NA	NA	NA	NA	NA
2019-nCoV	17672	T	G	136	37	24	1	1	25	0.00729927	137	0.741858	FALSE	NA	NA	NA	NA	NA	NA
2019-nCoV	17673	T	+C	144	74	23	1	0	20	0.00694444	144	0.754331	FALSE	NA	NA	NA	NA	NA	NA
2019-nCoV	17675	T	C	179	87	25	1	0	25	0.00555556	180	0.752089	FALSE	NA	NA	NA	NA	NA	NA
2019-nCoV	17676	C	+T	176	82	24	1	0	20	0.00568182	176	0.753545	FALSE	NA	NA	NA	NA	NA	NA
2019-nCoV	17676	C	+A	176	82	24	1	0	20	0.00568182	176	0.753545	FALSE	NA	NA	NA	NA	NA	NA
2019-nCoV	17680	C	+G	166	78	23	1	0	20	0.0060241	166	0.753758	FALSE	NA	NA	NA	NA	NA	NA
2019-nCoV	17681	A	+T	176	81	25	1	0	20	0.00568182	176	0.753545	FALSE	NA	NA	NA	NA	NA	NA
2019-nCoV	17682	T	-G	179	83	25	2	0	20	0.0111732	179	0.506285	FALSE	NA	NA	NA	NA	NA	NA
2019-nCoV	17683	G	-A	176	77	25	1	0	20	0.00561798	178	0.750708	FALSE	NA	NA	NA	NA	NA	NA
2019-nCoV	17686	G	-T	169	78	23	5	0	20	0.0295858	169	0.115702	FALSE	NA	NA	NA	NA	NA	NA
2019-nCoV	17686	G	+T	169	78	23	2	0	20	0.0118343	169	0.506657	FALSE	NA	NA	NA	NA	NA	NA
2019-nCoV	17687	T	C	115	24	23	1	0	23	0.00862069	116	0.746781	FALSE	NA	NA	NA	NA	NA	NA
2019-nCoV	17688	T	C	178	83	24	2	0	29	0.0111111	180	0.502095	FALSE	NA	NA	NA	NA	NA	NA
2019-nCoV	17696	C	+A	178	78	25	3	0	20	0.0168539	178	0.319896	FALSE	NA	NA	NA	NA	NA	NA
2019-nCoV	17699	T	C	151	50	25	1	0	24	0.00657895	152	0.752475	FALSE	NA	NA	NA	NA	NA	NA
2019-nCoV	17703	C	-A	178	77	25	1	0	20	0.00561798	178	0.753505	FALSE	NA	NA	NA	NA	NA	NA
2019-nCoV	17704	A	+T	180	78	25	1	0	20	0.00552486	181	0.752078	FALSE	NA	NA	NA	NA	NA	NA
2019-nCoV	17706	G	+C	163	86	23	1	0	20	0.00613497	163	0.753827	FALSE	NA	NA	NA	NA	NA	NA
2019-nCoV	17709	A	C	167	74	24	1	0	21	0.00595238	168	0.752239	FALSE	NA	NA	NA	NA	NA	NA
2019-nCoV	17710	C	-A	163	72	24	4	0	20	0.0245399	163	0.19523	FALSE	NA	NA	NA	NA	NA	NA
2019-nCoV	17710	C	+T	163	72	24	1	0	20	0.00613497	163	0.753827	FALSE	NA	NA	NA	NA	NA	NA
2019-nCoV	17710	C	+A	163	72	24	1	0	20	0.00613497	163	0.753827	FALSE	NA	NA	NA	NA	NA	NA
2019-nCoV	17713	A	T	30	26	24	1	0	20	0.0322581	31	0.508197	FALSE	NA	NA	NA	NA	NA	NA
2019-nCoV	17720	T	C	44	28	24	1	1	23	0.0222222	45	0.505618	FALSE	NA	NA	NA	NA	NA	NA
2019-nCoV	17722	G	-T	35	28	25	1	0	20	0.0285714	35	0.514286	FALSE	NA	NA	NA	NA	NA	NA
2019-nCoV	17741	G	+TT	49	29	25	1	0	20	0.0204082	49	0.510204	FALSE	NA	NA	NA	NA	NA	NA
2019-nCoV	17749	G	+C	49	30	25	1	0	20	0.0204082	49	0.510204	FALSE	NA	NA	NA	NA	NA	NA
2019-nCoV	17752	T	C	46	34	24	2	0	26	0.0416667	48	0.252632	FALSE	NA	NA	NA	NA	NA	NA
2019-nCoV	17756	G	-A	80	31	23	3	0	20	0.0375	80	0.132104	FALSE	NA	NA	NA	NA	NA	NA
2019-nCoV	17756	G	+A	80	31	23	1	0	20	0.0125	80	0.50625	FALSE	NA	NA	NA	NA	NA	NA
2019-nCoV	17760	A	+AG	42	39	24	1	0	20	0.0238095	42	0.511905	FALSE	NA	NA	NA	NA	NA	NA
2019-nCoV	17765	T	C	91	38	24	1	0	28	0.0108696	92	0.502732	FALSE	NA	NA	NA	NA	NA	NA
2019-nCoV	17766	C	-T	87	37	24	1	0	20	0.0114943	87	0.505747	FALSE	NA	NA	NA	NA	NA	NA
2019-nCoV	17766	C	+T	87	37	24	2	0	20	0.0229885	87	0.257209	FALSE	NA	NA	NA	NA	NA	NA
2019-nCoV	17769	T	+TAA	51	40	25	1	0	20	0.0196078	51	0.509804	FALSE	NA	NA	NA	NA	NA	NA
2019-nCoV	17770	A	G	88	36	23	1	0	20	0.011236	89	0.502825	FALSE	NA	NA	NA	NA	NA	NA
2019-nCoV	17770	A	-T	88	36	23	1	0	20	0.011236	89	0.502825	FALSE	NA	NA	NA	NA	NA	NA
2019-nCoV	17770	A	+T	88	36	23	1	0	20	0.011236	89	0.502825	FALSE	NA	NA	NA	NA	NA	NA
2019-nCoV	17770	A	+AT	88	36	23	1	0	20	0.011236	89	0.502825	FALSE	NA	NA	NA	NA	NA	NA
2019-nCoV	17774	C	+A	86	33	23	1	0	20	0.0116279	86	0.505814	FALSE	NA	NA	NA	NA	NA	NA
2019-nCoV	17775	A	+C	87	34	24	1	0	20	0.0114943	87	0.505747	FALSE	NA	NA	NA	NA	NA	NA
2019-nCoV	17781	T	+A	77	29	24	2	0	20	0.025974	77	0.258148	FALSE	NA	NA	NA	NA	NA	NA
2019-nCoV	17783	A	G	61	27	23	1	1	25	0.016129	62	0.504065	FALSE	NA	NA	NA	NA	NA	NA
2019-nCoV	17787	A	G	90	40	25	1	0	27	0.010989	91	0.502762	FALSE	NA	NA	NA	NA	NA	NA
2019-nCoV	17789	A	T	93	39	25	1	1	22	0.0106383	94	0.502674	FALSE	NA	NA	NA	NA	NA	NA
2019-nCoV	17790	G	-A	92	39	25	1	0	20	0.0108696	92	0.505435	FALSE	NA	NA	NA	NA	NA	NA
2019-nCoV	17792	A	+AT	82	41	23	1	0	20	0.0121951	82	0.506098	FALSE	NA	NA	NA	NA	NA	NA
2019-nCoV	17793	T	+TG	89	39	24	1	0	20	0.011236	89	0.505618	FALSE	NA	NA	NA	NA	NA	NA
2019-nCoV	17794	G	A	87	37	24	1	1	25	0.0113636	88	0.502857	FALSE	NA	NA	NA	NA	NA	NA
2019-nCoV	17794	G	+C	87	37	24	1	0	20	0.0113636	88	0.502857	FALSE	NA	NA	NA	NA	NA	NA
2019-nCoV	17796	T	C	81	38	24	1	1	22	0.0121951	82	0.503067	FALSE	NA	NA	NA	NA	NA	NA
2019-nCoV	17797	G	A	81	36	24	1	0	26	0.0121951	82	0.503067	FALSE	NA	NA	NA	NA	NA	NA
2019-nCoV	17798	T	C	79	37	24	1	0	22	0.0125	80	0.503145	FALSE	NA	NA	NA	NA	NA	NA
2019-nCoV	17798	T	-A	79	37	24	1	0	20	0.0125	80	0.503145	FALSE	NA	NA	NA	NA	NA	NA
2019-nCoV	17799	A	G	81	37	25	1	0	24	0.0121951	82	0.5	FALSE	NA	NA	NA	NA	NA	NA
2019-nCoV	17800	G	-C	84	37	24	1	0	20	0.0119048	84	0.505952	FALSE	NA	NA	NA	NA	NA	NA
2019-nCoV	17800	G	+C	84	37	24	1	0	20	0.0119048	84	0.505952	FALSE	NA	NA	NA	NA	NA	NA
2019-nCoV	17804	C	-A	80	30	24	2	0	20	0.025	80	0.257842	FALSE	NA	NA	NA	NA	NA	NA
2019-nCoV	17804	C	+A	80	30	24	1	0	20	0.0125	80	0.50625	FALSE	NA	NA	NA	NA	NA	NA
2019-nCoV	17807	A	G	54	38	23	1	0	26	0.0181818	55	0.504587	FALSE	NA	NA	NA	NA	NA	NA
2019-nCoV	17809	A	-T	79	33	24	2	0	20	0.0253165	79	0.257941	FALSE	NA	NA	NA	NA	NA	NA
2019-nCoV	17809	A	+T	79	33	24	10	0	20	0.126582	79	0.00143946	TRUE	NA	NA	NA	NA	NA	NA
2019-nCoV	17819	T	-A	92	41	24	1	0	20	0.0108696	92	0.505435	FALSE	NA	NA	NA	NA	NA	NA
2019-nCoV	17820	A	+C	89	41	24	1	0	20	0.0111111	90	0.502793	FALSE	NA	NA	NA	NA	NA	NA
2019-nCoV	17824	A	-C	62	43	25	1	0	20	0.016129	62	0.508065	FALSE	NA	NA	NA	NA	NA	NA
2019-nCoV	17824	A	+C	62	43	25	1	0	20	0.016129	62	0.508065	FALSE	NA	NA	NA	NA	NA	NA
2019-nCoV	17827	C	-A	86	44	24	1	0	20	0.0116279	86	0.505814	FALSE	NA	NA	NA	NA	NA	NA
2019-nCoV	17827	C	+A	86	44	24	4	0	20	0.0465116	86	0.0676819	FALSE	NA	NA	NA	NA	NA	NA
2019-nCoV	17830	A	+G	58	43	24	1	0	20	0.0172414	58	0.508621	FALSE	NA	NA	NA	NA	NA	NA
2019-nCoV	17831	C	+T	87	43	24	1	0	20	0.0113636	88	0.502857	FALSE	NA	NA	NA	NA	NA	NA
2019-nCoV	17833	G	+T	88	41	24	1	0	20	0.0113636	88	0.505682	FALSE	NA	NA	NA	NA	NA	NA
2019-nCoV	17834	T	G	77	28	23	1	0	21	0.0128205	78	0.503226	FALSE	NA	NA	NA	NA	NA	NA
2019-nCoV	17836	G	+T	94	44	24	1	0	20	0.0106383	94	0.505319	FALSE	NA	NA	NA	NA	NA	NA
2019-nCoV	17840	C	+A	90	44	25	1	0	20	0.0111111	90	0.505556	FALSE	NA	NA	NA	NA	NA	NA
2019-nCoV	17841	A	G	90	42	24	2	1	24	0.0217391	92	0.251366	FALSE	NA	NA	NA	NA	NA	NA
2019-nCoV	17845	C	T	78	37	24	1	1	23	0.0126582	79	0.503185	FALSE	NA	NA	NA	NA	NA	NA
2019-nCoV	17846	A	-G	81	36	24	19	0	20	0.234568	81	6.08277e-6	TRUE	NA	NA	NA	NA	NA	NA
2019-nCoV	17846	A	+G	81	36	24	1	0	20	0.0123457	81	0.506173	FALSE	NA	NA	NA	NA	NA	NA
2019-nCoV	17847	G	A	37	11	23	2	2	25	0.0512821	39	0.169526	FALSE	NA	NA	NA	NA	NA	NA
2019-nCoV	17851	T	C	77	33	24	2	1	22	0.0253165	79	0.251592	FALSE	NA	NA	NA	NA	NA	NA
2019-nCoV	17853	A	G	74	37	24	1	1	21	0.0133333	75	0.503356	FALSE	NA	NA	NA	NA	NA	NA
2019-nCoV	17856	A	G	65	40	24	1	0	21	0.0151515	66	0.503817	FALSE	NA	NA	NA	NA	NA	NA
2019-nCoV	17860	G	+A	79	36	24	1	0	20	0.0126582	79	0.506329	FALSE	NA	NA	NA	NA	NA	NA
2019-nCoV	17867	T	C	32	4	24	1	1	22	0.030303	33	0.507692	FALSE	NA	NA	NA	NA	NA	NA
2019-nCoV	17878	C	-A	30	2	24	1	0	20	0.0333333	30	0.516667	FALSE	NA	NA	NA	NA	NA	NA
2019-nCoV	17887	G	-A	36	4	24	1	0	20	0.0277778	36	0.513889	FALSE	NA	NA	NA	NA	NA	NA
2019-nCoV	17887	G	+A	36	4	24	1	0	20	0.0277778	36	0.513889	FALSE	NA	NA	NA	NA	NA	NA
2019-nCoV	17891	C	T	33	3	24	2	1	21	0.0571429	35	0.253623	FALSE	NA	NA	NA	NA	NA	NA
2019-nCoV	17900	C	-T	35	5	24	1	0	20	0.0285714	35	0.514286	FALSE	NA	NA	NA	NA	NA	NA
2019-nCoV	17900	C	+G	35	5	24	1	0	20	0.0285714	35	0.514286	FALSE	NA	NA	NA	NA	NA	NA
2019-nCoV	17909	T	-A	29	3	24	1	0	20	0.0344828	29	0.517241	FALSE	NA	NA	NA	NA	NA	NA
2019-nCoV	17924	T	C	39	5	26	3	1	23	0.0714286	42	0.124944	FALSE	NA	NA	NA	NA	NA	NA
2019-nCoV	17930	T	-TA	42	5	25	1	0	20	0.0238095	42	0.511905	FALSE	NA	NA	NA	NA	NA	NA
2019-nCoV	17935	A	G	41	7	25	1	0	26	0.0238095	42	0.506024	FALSE	NA	NA	NA	NA	NA	NA
2019-nCoV	17937	A	+G	45	10	25	1	0	20	0.0222222	45	0.511111	FALSE	NA	NA	NA	NA	NA	NA
2019-nCoV	17939	C	-AA	43	9	23	1	0	20	0.0232558	43	0.511628	FALSE	NA	NA	NA	NA	NA	NA
2019-nCoV	17939	C	-A	43	9	23	2	0	20	0.0465116	43	0.264635	FALSE	NA	NA	NA	NA	NA	NA
2019-nCoV	17943	A	G	12	11	22	1	0	24	0.0769231	13	0.52	FALSE	NA	NA	NA	NA	NA	NA
2019-nCoV	17951	T	-A	60	24	24	1	0	20	0.0166667	60	0.508333	FALSE	NA	NA	NA	NA	NA	NA
2019-nCoV	17953	C	-T	51	23	23	1	0	20	0.0196078	51	0.509804	FALSE	NA	NA	NA	NA	NA	NA
2019-nCoV	17960	T	+A	65	29	24	2	0	20	0.0307692	65	0.259659	FALSE	NA	NA	NA	NA	NA	NA
2019-nCoV	17962	A	-T	62	29	23	1	0	20	0.016129	62	0.508065	FALSE	NA	NA	NA	NA	NA	NA
2019-nCoV	17967	T	C	68	31	25	1	0	23	0.0144928	69	0.50365	FALSE	NA	NA	NA	NA	NA	NA
2019-nCoV	17967	T	+A	68	31	25	1	0	20	0.0144928	69	0.50365	FALSE	NA	NA	NA	NA	NA	NA
2019-nCoV	17970	T	+C	67	30	25	1	0	20	0.0149254	67	0.507463	FALSE	NA	NA	NA	NA	NA	NA
2019-nCoV	17972	G	A	67	31	25	1	0	24	0.0147059	68	0.503704	FALSE	NA	NA	NA	NA	NA	NA
2019-nCoV	17977	C	+T	10	6	22	3	0	20	0.3	10	0.185714	FALSE	NA	NA	NA	NA	NA	NA
2019-nCoV	17982	T	C	11	7	25	1	0	25	0.0833333	12	0.521739	FALSE	NA	NA	NA	NA	NA	NA
2019-nCoV	17986	A	G	10	6	23	1	0	22	0.0909091	11	0.52381	FALSE	NA	NA	NA	NA	NA	NA
2019-nCoV	17987	A	-G	13	8	24	1	0	20	0.0769231	13	0.538462	FALSE	NA	NA	NA	NA	NA	NA
2019-nCoV	18007	G	-A	10	6	23	1	0	20	0.1	10	0.55	FALSE	NA	NA	NA	NA	NA	NA
2019-nCoV	18019	A	G	11	7	24	1	0	24	0.0833333	12	0.521739	FALSE	NA	NA	NA	NA	NA	NA
2019-nCoV	18026	T	C	79	42	24	1	1	24	0.0125	80	0.503145	FALSE	NA	NA	NA	NA	NA	NA
2019-nCoV	18026	T	-G	79	42	24	3	0	20	0.0375	80	0.129732	FALSE	NA	NA	NA	NA	NA	NA
2019-nCoV	18028	G	A	72	46	23	1	0	20	0.0136986	73	0.503448	FALSE	NA	NA	NA	NA	NA	NA
2019-nCoV	18028	G	-C	72	46	23	7	0	20	0.0958904	73	0.00939913	TRUE	NA	NA	NA	NA	NA	NA
2019-nCoV	18029	C	+A	78	41	24	1	0	20	0.0116279	86	0.481707	FALSE	NA	NA	NA	NA	NA	NA
2019-nCoV	18030	A	G	73	35	23	2	0	25	0.0266667	75	0.251678	FALSE	NA	NA	NA	NA	NA	NA
2019-nCoV	18032	C	-T	96	56	25	3	0	20	0.03125	96	0.13091	FALSE	NA	NA	NA	NA	NA	NA
2019-nCoV	18032	C	+T	96	56	25	1	0	20	0.0104167	96	0.505208	FALSE	NA	NA	NA	NA	NA	NA
2019-nCoV	18032	C	+CT	96	56	25	1	0	20	0.0104167	96	0.505208	FALSE	NA	NA	NA	NA	NA	NA
2019-nCoV	18033	T	C	65	26	23	1	0	22	0.0151515	66	0.496241	FALSE	NA	NA	NA	NA	NA	NA
2019-nCoV	18039	A	C	88	55	24	1	1	25	0.011236	89	0.502825	FALSE	NA	NA	NA	NA	NA	NA
2019-nCoV	18043	G	-A	89	55	24	5	0	20	0.0561798	89	0.0348648	FALSE	NA	NA	NA	NA	NA	NA
2019-nCoV	18043	G	+A	89	55	24	3	0	20	0.0337079	89	0.131379	FALSE	NA	NA	NA	NA	NA	NA
2019-nCoV	18048	T	+C	93	59	24	1	0	20	0.0107527	93	0.505376	FALSE	NA	NA	NA	NA	NA	NA
2019-nCoV	18053	C	T	96	57	25	2	1	24	0.0204082	98	0.251282	FALSE	NA	NA	NA	NA	NA	NA
2019-nCoV	18056	G	+A	89	59	24	1	0	20	0.011236	89	0.505618	FALSE	NA	NA	NA	NA	NA	NA
2019-nCoV	18060	C	-T	96	55	25	1	0	20	0.0104167	96	0.505208	FALSE	NA	NA	NA	NA	NA	NA
2019-nCoV	18060	C	+T	96	55	25	3	0	20	0.03125	96	0.13091	FALSE	NA	NA	NA	NA	NA	NA
2019-nCoV	18066	A	G	75	60	24	1	1	22	0.0131579	76	0.503311	FALSE	NA	NA	NA	NA	NA	NA
2019-nCoV	18075	T	+C	90	53	25	1	0	20	0.0111111	90	0.505556	FALSE	NA	NA	NA	NA	NA	NA
2019-nCoV	18080	T	+A	98	58	24	1	0	20	0.0102041	98	0.505102	FALSE	NA	NA	NA	NA	NA	NA
2019-nCoV	18084	C	T	99	59	25	2	0	23	0.019802	101	0.50375	FALSE	NA	NA	NA	NA	NA	NA
2019-nCoV	18087	T	+G	92	59	25	1	0	20	0.0108696	92	0.505435	FALSE	NA	NA	NA	NA	NA	NA
2019-nCoV	18090	G	+C	72	61	26	1	0	20	0.0138889	72	0.506944	FALSE	NA	NA	NA	NA	NA	NA
2019-nCoV	18094	C	T	97	57	24	1	1	28	0.0102041	98	0.502564	FALSE	NA	NA	NA	NA	NA	NA
2019-nCoV	18104	A	+G	107	64	25	1	0	20	0.00934579	107	0.755825	FALSE	NA	NA	NA	NA	NA	NA
2019-nCoV	18108	A	G	101	60	25	5	2	26	0.0471698	106	0.108227	FALSE	NA	NA	NA	NA	NA	NA
2019-nCoV	18111	T	C	86	50	25	1	0	23	0.0114943	87	0.50289	FALSE	NA	NA	NA	NA	NA	NA
2019-nCoV	18132	T	+A	88	53	25	2	0	20	0.0227273	88	0.257126	FALSE	NA	NA	NA	NA	NA	NA
2019-nCoV	18136	T	C	66	35	24	1	0	23	0.0149254	67	0.503759	FALSE	NA	NA	NA	NA	NA	NA
2019-nCoV	18138	C	-A	87	55	24	14	0	20	0.16092	87	1.1517e-4	TRUE	NA	NA	NA	NA	NA	NA
2019-nCoV	18138	C	+A	87	55	24	1	0	20	0.0114943	87	0.505747	FALSE	NA	NA	NA	NA	NA	NA
2019-nCoV	18141	A	G	85	53	25	1	1	23	0.0114943	87	0.5	FALSE	NA	NA	NA	NA	NA	NA
2019-nCoV	18141	A	C	85	53	25	1	1	23	0.0114943	87	0.5	FALSE	NA	NA	NA	NA	NA	NA
2019-nCoV	18142	A	C	63	55	25	1	0	24	0.015625	64	0.503937	FALSE	NA	NA	NA	NA	NA	NA
2019-nCoV	18149	G	A	58	52	25	1	1	20	0.0169492	59	0.504274	FALSE	NA	NA	NA	NA	NA	NA
2019-nCoV	18153	A	+T	79	50	24	1	0	20	0.0126582	79	0.506329	FALSE	NA	NA	NA	NA	NA	NA
2019-nCoV	18154	T	C	84	49	25	1	1	23	0.0117647	85	0.502959	FALSE	NA	NA	NA	NA	NA	NA
2019-nCoV	18159	T	C	79	52	24	1	1	24	0.0125	80	0.503145	FALSE	NA	NA	NA	NA	NA	NA
2019-nCoV	18163	A	G	0	0	0	81	49	25	1	81	5.46586e-48	TRUE	NA	NA	NA	NA	NA	NA
2019-nCoV	18171	C	T	100	59	25	1	0	27	0.00990099	101	0.753731	FALSE	NA	NA	NA	NA	NA	NA
2019-nCoV	18177	T	+A	109	64	25	1	0	20	0.00917431	109	0.755718	FALSE	NA	NA	NA	NA	NA	NA
2019-nCoV	18186	G	+A	108	63	26	1	0	20	0.00925926	108	0.755771	FALSE	NA	NA	NA	NA	NA	NA
2019-nCoV	18187	A	G	109	64	25	1	1	26	0.00909091	110	0.753425	FALSE	NA	NA	NA	NA	NA	NA
2019-nCoV	18190	T	C	104	61	25	1	0	21	0.00952381	105	0.753589	FALSE	NA	NA	NA	NA	NA	NA
2019-nCoV	18194	G	+A	103	61	25	1	0	20	0.00970874	103	0.75605	FALSE	NA	NA	NA	NA	NA	NA
2019-nCoV	18200	T	-C	110	65	25	1	0	20	0.00909091	110	0.755666	FALSE	NA	NA	NA	NA	NA	NA
2019-nCoV	18204	C	+G	107	63	25	1	0	20	0.00934579	107	0.755825	FALSE	NA	NA	NA	NA	NA	NA
2019-nCoV	18208	A	G	98	58	24	1	0	28	0.010101	99	0.502538	FALSE	NA	NA	NA	NA	NA	NA
2019-nCoV	18209	T	C	98	58	24	1	0	20	0.010101	99	0.502538	FALSE	NA	NA	NA	NA	NA	NA
2019-nCoV	18209	T	+G	98	58	24	1	0	20	0.010101	99	0.502538	FALSE	NA	NA	NA	NA	NA	NA
2019-nCoV	18212	T	C	105	61	24	1	1	27	0.00943396	106	0.753555	FALSE	NA	NA	NA	NA	NA	NA
2019-nCoV	18212	T	-G	105	61	24	1	0	20	0.00943396	106	0.753555	FALSE	NA	NA	NA	NA	NA	NA
2019-nCoV	18212	T	+G	105	61	24	4	0	20	0.0377358	106	0.196449	FALSE	NA	NA	NA	NA	NA	NA
2019-nCoV	18214	G	-GT	107	65	25	1	0	20	0.00934579	107	0.755825	FALSE	NA	NA	NA	NA	NA	NA
2019-nCoV	18215	G	T	66	65	24	1	0	20	0.0149254	67	0.496296	FALSE	NA	NA	NA	NA	NA	NA
2019-nCoV	18215	G	+T	66	65	24	3	0	20	0.0434783	69	0.12498	FALSE	NA	NA	NA	NA	NA	NA
2019-nCoV	18216	T	G	40	14	22	1	1	23	0.0243902	41	0.418367	FALSE	NA	NA	NA	NA	NA	NA
2019-nCoV	18217	T	-TTA	112	68	24	1	0	20	0.00892857	112	0.755565	FALSE	NA	NA	NA	NA	NA	NA
2019-nCoV	18219	T	-A	70	68	24	1	0	20	0.0136986	73	0.49650300000000003	FALSE	NA	NA	NA	NA	NA	NA
2019-nCoV	18219	T	+TTA	70	68	24	1	0	20	0.0136986	73	0.49650300000000003	FALSE	NA	NA	NA	NA	NA	NA
2019-nCoV	18225	G	T	100	57	24	1	1	25	0.00990099	101	0.753731	FALSE	NA	NA	NA	NA	NA	NA
2019-nCoV	18232	C	+T	105	63	24	1	0	20	0.00952381	105	0.755935	FALSE	NA	NA	NA	NA	NA	NA
2019-nCoV	18232	C	+A	105	63	24	2	0	20	0.0190476	105	0.510714	FALSE	NA	NA	NA	NA	NA	NA
2019-nCoV	18235	G	+T	105	66	24	2	0	20	0.0190476	105	0.510714	FALSE	NA	NA	NA	NA	NA	NA
2019-nCoV	18237	T	-A	81	59	23	3	0	20	0.037037	81	0.132015	FALSE	NA	NA	NA	NA	NA	NA
2019-nCoV	18240	T	+G	97	58	23	1	0	20	0.0103093	97	0.505155	FALSE	NA	NA	NA	NA	NA	NA
2019-nCoV	18242	G	+T	87	65	23	2	0	20	0.0229885	87	0.257209	FALSE	NA	NA	NA	NA	NA	NA
2019-nCoV	18245	A	G	105	65	24	1	1	20	0.00943396	106	0.753555	FALSE	NA	NA	NA	NA	NA	NA
2019-nCoV	18245	A	+T	105	65	24	1	0	20	0.00943396	106	0.753555	FALSE	NA	NA	NA	NA	NA	NA
2019-nCoV	18245	A	+C	105	65	24	1	0	20	0.00943396	106	0.753555	FALSE	NA	NA	NA	NA	NA	NA
2019-nCoV	18267	C	T	10	5	23	14	8	25	0.583333	24	5.74065e-6	TRUE	NA	NA	NA	NA	NA	NA
2019-nCoV	18278	T	+A	24	13	25	2	0	20	0.0833333	24	0.276361	FALSE	NA	NA	NA	NA	NA	NA
2019-nCoV	18285	T	C	20	12	26	1	1	28	0.047619	21	0.512195	FALSE	NA	NA	NA	NA	NA	NA
2019-nCoV	18298	A	G	20	11	24	1	0	23	0.047619	21	0.512195	FALSE	NA	NA	NA	NA	NA	NA
2019-nCoV	18298	A	+T	20	11	24	1	0	20	0.047619	21	0.512195	FALSE	NA	NA	NA	NA	NA	NA
2019-nCoV	18314	A	-G	23	12	24	6	0	20	0.26087	23	0.0263761	FALSE	NA	NA	NA	NA	NA	NA
2019-nCoV	18314	A	+G	23	12	24	1	0	20	0.0434783	23	0.521739	FALSE	NA	NA	NA	NA	NA	NA
2019-nCoV	18319	T	+G	22	13	24	1	0	20	0.0454545	22	0.522727	FALSE	NA	NA	NA	NA	NA	NA
2019-nCoV	18323	A	G	24	13	26	1	1	21	0.04	25	0.510204	FALSE	NA	NA	NA	NA	NA	NA
2019-nCoV	18323	A	+AT	24	13	26	1	0	20	0.04	25	0.510204	FALSE	NA	NA	NA	NA	NA	NA
2019-nCoV	18326	C	-T	23	13	26	1	0	20	0.0434783	23	0.521739	FALSE	NA	NA	NA	NA	NA	NA
2019-nCoV	18327	T	C	23	14	26	1	1	24	0.0416667	24	0.5	FALSE	NA	NA	NA	NA	NA	NA
2019-nCoV	18332	G	+T	25	15	25	1	0	20	0.04	25	0.52	FALSE	NA	NA	NA	NA	NA	NA
2019-nCoV	18334	G	-A	27	15	25	1	0	20	0.037037	27	0.518519	FALSE	NA	NA	NA	NA	NA	NA
2019-nCoV	18340	G	+T	24	14	24	1	0	20	0.0416667	24	0.520833	FALSE	NA	NA	NA	NA	NA	NA
2019-nCoV	18346	A	G	24	15	25	1	0	20	0.04	25	0.510204	FALSE	NA	NA	NA	NA	NA	NA
2019-nCoV	18354	A	+C	24	14	24	1	0	20	0.0416667	24	0.520833	FALSE	NA	NA	NA	NA	NA	NA
2019-nCoV	18364	C	-T	25	16	25	1	0	20	0.04	25	0.52	FALSE	NA	NA	NA	NA	NA	NA
2019-nCoV	18368	G	-T	15	14	23	6	0	20	0.4	15	0.0334311	FALSE	NA	NA	NA	NA	NA	NA
2019-nCoV	18373	T	+G	14	14	23	1	0	20	0.0714286	14	0.535714	FALSE	NA	NA	NA	NA	NA	NA
2019-nCoV	18470	A	-T	25	11	24	1	0	20	0.04	25	0.52	FALSE	NA	NA	NA	NA	NA	NA
2019-nCoV	18489	A	+G	21	10	24	1	0	20	0.047619	21	0.52381	FALSE	NA	NA	NA	NA	NA	NA
2019-nCoV	18492	A	G	0	0	0	23	12	24	1	23	2.42912e-13	TRUE	NA	NA	NA	NA	NA	NA
2019-nCoV	18516	G	+A	18	14	24	1	0	20	0.0555556	18	0.527778	FALSE	NA	NA	NA	NA	NA	NA
2019-nCoV	18537	T	C	22	15	24	2	1	24	0.0833333	24	0.255319	FALSE	NA	NA	NA	NA	NA	NA
2019-nCoV	18541	C	-A	26	14	24	1	0	20	0.0384615	26	0.519231	FALSE	NA	NA	NA	NA	NA	NA
2019-nCoV	18541	C	+A	26	14	24	2	0	20	0.0769231	26	0.274311	FALSE	NA	NA	NA	NA	NA	NA
2019-nCoV	18545	T	C	26	17	24	1	0	26	0.037037	27	0.509434	FALSE	NA	NA	NA	NA	NA	NA
2019-nCoV	18552	T	+A	26	14	24	1	0	20	0.0384615	26	0.519231	FALSE	NA	NA	NA	NA	NA	NA
2019-nCoV	18561	T	-A	21	16	22	2	0	20	0.0952381	21	0.280177	FALSE	NA	NA	NA	NA	NA	NA
2019-nCoV	18576	C	T	32	18	25	1	1	27	0.030303	33	0.507692	FALSE	NA	NA	NA	NA	NA	NA
2019-nCoV	18582	C	T	28	17	25	4	2	23	0.125	32	0.0603695	FALSE	NA	NA	NA	NA	NA	NA
2019-nCoV	18583	G	-T	33	18	25	1	0	20	0.030303	33	0.515152	FALSE	NA	NA	NA	NA	NA	NA
2019-nCoV	18583	G	+T	33	18	25	1	0	20	0.030303	33	0.515152	FALSE	NA	NA	NA	NA	NA	NA
2019-nCoV	18584	T	C	29	16	25	1	1	27	0.0333333	30	0.5	FALSE	NA	NA	NA	NA	NA	NA
2019-nCoV	18585	A	+T	29	16	25	1	0	20	0.0344828	29	0.517241	FALSE	NA	NA	NA	NA	NA	NA
2019-nCoV	18589	G	+C	29	15	24	1	0	20	0.0344828	29	0.517241	FALSE	NA	NA	NA	NA	NA	NA
2019-nCoV	18590	T	C	30	16	25	1	0	20	0.0322581	31	0.508197	FALSE	NA	NA	NA	NA	NA	NA
2019-nCoV	18591	C	+T	29	15	25	2	0	20	0.0689655	29	0.271771	FALSE	NA	NA	NA	NA	NA	NA
2019-nCoV	18601	C	+A	30	15	25	1	0	20	0.0333333	30	0.516667	FALSE	NA	NA	NA	NA	NA	NA
2019-nCoV	18606	C	+T	31	16	24	1	0	20	0.0322581	31	0.516129	FALSE	NA	NA	NA	NA	NA	NA
2019-nCoV	18607	T	C	22	7	24	1	1	23	0.0434783	23	0.511111	FALSE	NA	NA	NA	NA	NA	NA
2019-nCoV	18612	G	+T	33	18	25	1	0	20	0.030303	33	0.515152	FALSE	NA	NA	NA	NA	NA	NA
2019-nCoV	18623	T	+A	32	17	25	1	0	20	0.03125	32	0.515625	FALSE	NA	NA	NA	NA	NA	NA
2019-nCoV	18625	A	G	23	9	25	1	1	27	0.0416667	24	0.510638	FALSE	NA	NA	NA	NA	NA	NA
2019-nCoV	18626	A	G	27	16	23	1	1	24	0.0357143	28	0.509091	FALSE	NA	NA	NA	NA	NA	NA
2019-nCoV	18629	A	-T	31	16	23	3	0	20	0.0967742	31	0.143625	FALSE	NA	NA	NA	NA	NA	NA
2019-nCoV	18636	G	-A	31	16	24	6	0	20	0.193548	31	0.0232954	FALSE	NA	NA	NA	NA	NA	NA
2019-nCoV	18641	T	+A	33	18	24	1	0	20	0.030303	33	0.515152	FALSE	NA	NA	NA	NA	NA	NA
2019-nCoV	18646	C	T	25	11	23	1	0	24	0.0384615	26	0.509804	FALSE	NA	NA	NA	NA	NA	NA
2019-nCoV	18654	C	+A	29	14	25	1	0	20	0.0344828	29	0.517241	FALSE	NA	NA	NA	NA	NA	NA
2019-nCoV	18663	T	C	28	14	25	1	0	30	0.0344828	29	0.508772	FALSE	NA	NA	NA	NA	NA	NA
2019-nCoV	18667	T	A	28	13	25	1	1	22	0.0344828	29	0.508772	FALSE	NA	NA	NA	NA	NA	NA
2019-nCoV	18680	C	T	4	1	25	1	0	27	0.2	5	0.555556	FALSE	NA	NA	NA	NA	NA	NA
2019-nCoV	18687	C	-T	6	3	23	1	0	20	0.166667	6	0.583333	FALSE	NA	NA	NA	NA	NA	NA
2019-nCoV	18725	A	+T	6	2	23	1	0	20	0.166667	6	0.583333	FALSE	NA	NA	NA	NA	NA	NA
2019-nCoV	18735	A	+T	13	9	23	2	0	20	0.153846	13	0.299145	FALSE	NA	NA	NA	NA	NA	NA
2019-nCoV	18778	T	-G	5	5	24	1	0	20	0.2	5	0.6	FALSE	NA	NA	NA	NA	NA	NA
2019-nCoV	18785	T	A	6	6	24	1	1	25	0.142857	7	0.538462	FALSE	NA	NA	NA	NA	NA	NA
2019-nCoV	18792	T	-A	7	7	24	1	0	20	0.142857	7	0.571429	FALSE	NA	NA	NA	NA	NA	NA
2019-nCoV	18806	A	G	96	63	24	1	1	29	0.0103093	97	0.502591	FALSE	NA	NA	NA	NA	NA	NA
2019-nCoV	18808	C	-AT	96	63	24	1	0	20	0.0104167	96	0.505208	FALSE	NA	NA	NA	NA	NA	NA
2019-nCoV	18810	T	G	100	58	25	1	1	21	0.00980392	102	0.748768	FALSE	NA	NA	NA	NA	NA	NA
2019-nCoV	18810	T	C	100	58	25	1	1	26	0.00980392	102	0.748768	FALSE	NA	NA	NA	NA	NA	NA
2019-nCoV	18811	G	T	105	60	25	1	0	20	0.00943396	106	0.753555	FALSE	NA	NA	NA	NA	NA	NA
2019-nCoV	18814	C	A	110	62	25	1	1	25	0.00900901	111	0.753394	FALSE	NA	NA	NA	NA	NA	NA
2019-nCoV	18816	G	-T	113	63	25	1	0	20	0.00884956	113	0.755516	FALSE	NA	NA	NA	NA	NA	NA
2019-nCoV	18816	G	+A	113	63	25	1	0	20	0.00884956	113	0.755516	FALSE	NA	NA	NA	NA	NA	NA
2019-nCoV	18818	A	-T	118	66	24	1	0	20	0.00847458	118	0.755283	FALSE	NA	NA	NA	NA	NA	NA
2019-nCoV	18818	A	+T	118	66	24	2	0	20	0.0169492	118	0.509534	FALSE	NA	NA	NA	NA	NA	NA
2019-nCoV	18824	A	G	95	44	24	1	1	22	0.0104167	96	0.502618	FALSE	NA	NA	NA	NA	NA	NA
2019-nCoV	18827	T	C	116	68	24	1	0	27	0.00854701	117	0.753219	FALSE	NA	NA	NA	NA	NA	NA
2019-nCoV	18827	T	+C	116	68	24	2	0	20	0.017094	117	0.506438	FALSE	NA	NA	NA	NA	NA	NA
2019-nCoV	18830	A	G	110	65	25	1	1	24	0.00900901	111	0.753394	FALSE	NA	NA	NA	NA	NA	NA
2019-nCoV	18830	A	+T	110	65	25	1	0	20	0.00900901	111	0.753394	FALSE	NA	NA	NA	NA	NA	NA
2019-nCoV	18831	T	C	109	67	25	1	1	25	0.00909091	110	0.753425	FALSE	NA	NA	NA	NA	NA	NA
2019-nCoV	18831	T	+G	109	67	25	1	0	20	0.00909091	110	0.753425	FALSE	NA	NA	NA	NA	NA	NA
2019-nCoV	18840	A	G	115	71	26	1	0	21	0.00862069	116	0.753247	FALSE	NA	NA	NA	NA	NA	NA
2019-nCoV	18841	C	+A	114	71	26	1	0	20	0.00877193	114	0.755468	FALSE	NA	NA	NA	NA	NA	NA
2019-nCoV	18842	A	-T	113	71	25	1	0	20	0.00884956	113	0.755516	FALSE	NA	NA	NA	NA	NA	NA
2019-nCoV	18842	A	+T	113	71	25	1	0	20	0.00884956	113	0.755516	FALSE	NA	NA	NA	NA	NA	NA
2019-nCoV	18850	A	+T	114	64	25	1	0	20	0.00877193	114	0.755468	FALSE	NA	NA	NA	NA	NA	NA
2019-nCoV	18855	T	+C	116	67	25	1	0	20	0.00862069	116	0.755374	FALSE	NA	NA	NA	NA	NA	NA
2019-nCoV	18856	G	T	111	66	25	1	0	24	0.00892857	112	0.753363	FALSE	NA	NA	NA	NA	NA	NA
2019-nCoV	18856	G	+T	111	66	25	1	0	20	0.00892857	112	0.753363	FALSE	NA	NA	NA	NA	NA	NA
2019-nCoV	18859	G	-C	112	65	25	1	0	20	0.00892857	112	0.755565	FALSE	NA	NA	NA	NA	NA	NA
2019-nCoV	18860	C	T	112	64	25	1	1	28	0.00884956	113	0.751111	FALSE	NA	NA	NA	NA	NA	NA
2019-nCoV	18864	C	+A	120	71	26	1	0	20	0.00833333	120	0.755195	FALSE	NA	NA	NA	NA	NA	NA
2019-nCoV	18866	T	C	118	69	26	1	0	35	0.00840336	119	0.50211	FALSE	NA	NA	NA	NA	NA	NA
2019-nCoV	18866	T	+G	118	69	26	1	0	20	0.00840336	119	0.753165	FALSE	NA	NA	NA	NA	NA	NA
2019-nCoV	18868	A	+T	125	73	26	1	0	20	0.008	125	0.754988	FALSE	NA	NA	NA	NA	NA	NA
2019-nCoV	18871	A	+T	120	70	25	1	0	20	0.00833333	120	0.755195	FALSE	NA	NA	NA	NA	NA	NA
2019-nCoV	18871	A	+G	120	70	25	1	0	20	0.00833333	120	0.755195	FALSE	NA	NA	NA	NA	NA	NA
2019-nCoV	18872	G	T	108	58	24	1	1	26	0.00909091	110	0.751152	FALSE	NA	NA	NA	NA	NA	NA
2019-nCoV	18872	G	A	108	58	24	1	1	23	0.00909091	110	0.751152	FALSE	NA	NA	NA	NA	NA	NA
2019-nCoV	18873	G	A	106	68	25	1	0	26	0.00934579	107	0.753521	FALSE	NA	NA	NA	NA	NA	NA
2019-nCoV	18874	T	C	114	67	26	1	1	23	0.00869565	115	0.753275	FALSE	NA	NA	NA	NA	NA	NA
2019-nCoV	18880	G	+T	118	70	25	1	0	20	0.00847458	118	0.755283	FALSE	NA	NA	NA	NA	NA	NA
2019-nCoV	18887	A	+C	111	63	25	1	0	20	0.00900901	111	0.755615	FALSE	NA	NA	NA	NA	NA	NA
2019-nCoV	18890	A	G	110	63	26	1	1	29	0.00900901	111	0.753394	FALSE	NA	NA	NA	NA	NA	NA
2019-nCoV	18890	A	+G	110	63	26	1	0	20	0.00900901	111	0.753394	FALSE	NA	NA	NA	NA	NA	NA
2019-nCoV	18891	G	+T	112	66	25	1	0	20	0.00892857	112	0.755565	FALSE	NA	NA	NA	NA	NA	NA
2019-nCoV	18892	T	C	111	65	25	1	0	27	0.00892857	112	0.753363	FALSE	NA	NA	NA	NA	NA	NA
2019-nCoV	18893	G	-C	108	63	24	1	0	20	0.00925926	108	0.755771	FALSE	NA	NA	NA	NA	NA	NA
2019-nCoV	18893	G	+T	108	63	24	1	0	20	0.00925926	108	0.755771	FALSE	NA	NA	NA	NA	NA	NA
2019-nCoV	18894	C	T	0	0	0	50	6	25	1	50	9.91165e-30	TRUE	NA	NA	NA	NA	NA	NA
2019-nCoV	18895	T	A	110	66	25	1	0	27	0.00900901	111	0.753394	FALSE	NA	NA	NA	NA	NA	NA
2019-nCoV	18898	G	-T	105	63	24	1	0	20	0.00952381	105	0.755935	FALSE	NA	NA	NA	NA	NA	NA
2019-nCoV	18899	T	C	89	46	23	2	1	25	0.021978	91	0.248619	FALSE	NA	NA	NA	NA	NA	NA
2019-nCoV	18900	T	C	95	66	25	1	0	26	0.0104167	96	0.502618	FALSE	NA	NA	NA	NA	NA	NA
2019-nCoV	18900	T	+TA	95	66	25	1	0	20	0.0104167	96	0.502618	FALSE	NA	NA	NA	NA	NA	NA
2019-nCoV	18902	A	C	102	67	25	1	1	20	0.00970874	103	0.753659	FALSE	NA	NA	NA	NA	NA	NA
2019-nCoV	18908	T	C	102	55	24	1	0	28	0.00970874	103	0.753659	FALSE	NA	NA	NA	NA	NA	NA
2019-nCoV	18909	T	C	95	63	25	2	2	23	0.0206186	97	0.251295	FALSE	NA	NA	NA	NA	NA	NA
2019-nCoV	18919	A	+T	112	65	25	1	0	20	0.00892857	112	0.755565	FALSE	NA	NA	NA	NA	NA	NA
2019-nCoV	18925	T	C	99	62	24	1	1	26	0.01	100	0.751256	FALSE	NA	NA	NA	NA	NA	NA
2019-nCoV	18927	T	-C	104	63	25	1	0	20	0.00961538	104	0.755992	FALSE	NA	NA	NA	NA	NA	NA
2019-nCoV	18929	C	+T	127	77	24	1	0	20	0.00787402	127	0.75491	FALSE	NA	NA	NA	NA	NA	NA
2019-nCoV	18931	A	+G	147	74	24	1	0	20	0.00680272	147	0.754243	FALSE	NA	NA	NA	NA	NA	NA
2019-nCoV	18932	T	-A	136	65	24	2	0	20	0.0147059	136	0.508272	FALSE	NA	NA	NA	NA	NA	NA
2019-nCoV	18932	T	+A	136	65	24	1	0	20	0.00735294	136	0.754585	FALSE	NA	NA	NA	NA	NA	NA
2019-nCoV	18934	A	+T	118	68	23	2	0	20	0.0169492	118	0.509534	FALSE	NA	NA	NA	NA	NA	NA
2019-nCoV	18935	T	+GT	124	46	23	1	0	20	0.00806452	124	0.755028	FALSE	NA	NA	NA	NA	NA	NA
2019-nCoV	18939	T	C	152	77	24	1	1	28	0.00645161	155	0.749186	FALSE	NA	NA	NA	NA	NA	NA
2019-nCoV	18939	T	A	152	77	24	2	1	23	0.0129032	155	0.5	FALSE	NA	NA	NA	NA	NA	NA
2019-nCoV	18941	A	G	160	80	24	1	1	26	0.00621118	161	0.750779	FALSE	NA	NA	NA	NA	NA	NA
2019-nCoV	18943	G	+A	157	74	25	3	0	20	0.0191083	157	0.320888	FALSE	NA	NA	NA	NA	NA	NA
2019-nCoV	18945	A	-C	126	74	24	1	0	20	0.00793651	126	0.754948	FALSE	NA	NA	NA	NA	NA	NA
2019-nCoV	18945	A	+T	126	74	24	1	0	20	0.00793651	126	0.754948	FALSE	NA	NA	NA	NA	NA	NA
2019-nCoV	18946	C	+G	150	75	25	1	0	20	0.00662252	151	0.752492	FALSE	NA	NA	NA	NA	NA	NA
2019-nCoV	18948	G	-A	156	80	24	1	0	20	0.00641026	156	0.753999	FALSE	NA	NA	NA	NA	NA	NA
2019-nCoV	18948	G	+A	156	80	24	1	0	20	0.00641026	156	0.753999	FALSE	NA	NA	NA	NA	NA	NA
2019-nCoV	18950	A	G	132	83	24	1	0	28	0.0075188	133	0.75283	FALSE	NA	NA	NA	NA	NA	NA
2019-nCoV	18951	G	C	155	81	25	1	1	26	0.00641026	156	0.752412	FALSE	NA	NA	NA	NA	NA	NA
2019-nCoV	18951	G	+GA	155	81	25	1	0	20	0.00641026	156	0.752412	FALSE	NA	NA	NA	NA	NA	NA
2019-nCoV	18951	G	+A	155	81	25	1	0	20	0.00641026	156	0.752412	FALSE	NA	NA	NA	NA	NA	NA
2019-nCoV	18952	A	+T	159	83	25	3	0	20	0.0188679	159	0.320782	FALSE	NA	NA	NA	NA	NA	NA
2019-nCoV	18954	T	+A	130	83	24	1	0	20	0.00769231	130	0.754797	FALSE	NA	NA	NA	NA	NA	NA
2019-nCoV	18956	A	G	134	82	24	2	0	26	0.0147059	136	0.502778	FALSE	NA	NA	NA	NA	NA	NA
2019-nCoV	18959	C	+A	145	80	25	1	0	20	0.00689655	145	0.754301	FALSE	NA	NA	NA	NA	NA	NA
2019-nCoV	18960	G	A	128	59	23	10	5	26	0.0724638	138	0.00528021	TRUE	NA	NA	NA	NA	NA	NA
2019-nCoV	18962	C	-T	158	83	25	1	0	20	0.00632911	158	0.753948	FALSE	NA	NA	NA	NA	NA	NA
2019-nCoV	18963	T	C	137	61	24	1	1	26	0.00724638	138	0.750909	FALSE	NA	NA	NA	NA	NA	NA
2019-nCoV	18964	T	+G	124	84	24	2	0	20	0.016129	124	0.509072	FALSE	NA	NA	NA	NA	NA	NA
2019-nCoV	18965	G	+T	147	84	24	1	0	20	0.00680272	147	0.754243	FALSE	NA	NA	NA	NA	NA	NA
2019-nCoV	18968	G	+A	148	78	24	1	0	20	0.00675676	148	0.754214	FALSE	NA	NA	NA	NA	NA	NA
2019-nCoV	18969	A	G	115	40	23	1	1	25	0.00862069	116	0.753247	FALSE	NA	NA	NA	NA	NA	NA
2019-nCoV	18971	A	G	110	84	23	1	1	20	0.00900901	111	0.753394	FALSE	NA	NA	NA	NA	NA	NA
2019-nCoV	18973	G	A	119	86	24	1	0	25	0.00833333	120	0.753138	FALSE	NA	NA	NA	NA	NA	NA
2019-nCoV	18974	T	C	128	53	23	1	1	25	0.00775194	129	0.752918	FALSE	NA	NA	NA	NA	NA	NA
2019-nCoV	18976	C	-A	152	83	24	1	0	20	0.00657895	152	0.754104	FALSE	NA	NA	NA	NA	NA	NA
2019-nCoV	18978	A	+C	121	83	24	1	0	20	0.00826446	121	0.755152	FALSE	NA	NA	NA	NA	NA	NA
2019-nCoV	18979	C	T	147	78	24	2	2	25	0.0134228	149	0.502534	FALSE	NA	NA	NA	NA	NA	NA
2019-nCoV	18979	C	+A	147	78	24	1	0	20	0.00671141	149	0.750847	FALSE	NA	NA	NA	NA	NA	NA
2019-nCoV	18980	A	G	146	75	25	1	1	27	0.00680272	147	0.75256	FALSE	NA	NA	NA	NA	NA	NA
2019-nCoV	18981	C	+G	154	79	24	1	0	20	0.00649351	154	0.754051	FALSE	NA	NA	NA	NA	NA	NA
2019-nCoV	18981	C	+A	154	79	24	1	0	20	0.00649351	154	0.754051	FALSE	NA	NA	NA	NA	NA	NA
2019-nCoV	18983	T	-G	150	82	24	1	0	20	0.00666667	150	0.754158	FALSE	NA	NA	NA	NA	NA	NA
2019-nCoV	18983	T	+G	150	82	24	3	0	20	0.02	150	0.321281	FALSE	NA	NA	NA	NA	NA	NA
2019-nCoV	18988	G	+T	147	76	24	3	0	20	0.0204082	147	0.321461	FALSE	NA	NA	NA	NA	NA	NA
2019-nCoV	18989	T	C	135	63	24	1	1	25	0.00735294	136	0.752768	FALSE	NA	NA	NA	NA	NA	NA
2019-nCoV	18990	T	-A	124	80	23	1	0	20	0.00806452	124	0.755028	FALSE	NA	NA	NA	NA	NA	NA
2019-nCoV	18991	A	G	104	32	24	1	1	27	0.00952381	105	0.753589	FALSE	NA	NA	NA	NA	NA	NA
2019-nCoV	18993	A	+AG	119	84	23	1	0	20	0.00840336	119	0.755239	FALSE	NA	NA	NA	NA	NA	NA
2019-nCoV	18994	G	+C	149	86	24	1	0	20	0.00671141	149	0.754186	FALSE	NA	NA	NA	NA	NA	NA
2019-nCoV	18998	C	T	151	85	24	1	0	28	0.00657895	152	0.752475	FALSE	NA	NA	NA	NA	NA	NA
2019-nCoV	18999	A	+T	156	86	24	2	0	20	0.0128205	156	0.507211	FALSE	NA	NA	NA	NA	NA	NA
2019-nCoV	19000	T	C	133	63	23	1	1	24	0.00746269	134	0.750936	FALSE	NA	NA	NA	NA	NA	NA
2019-nCoV	19002	A	G	138	77	24	1	1	26	0.00719424	139	0.752708	FALSE	NA	NA	NA	NA	NA	NA
2019-nCoV	19002	A	+T	138	77	24	1	0	20	0.00719424	139	0.752708	FALSE	NA	NA	NA	NA	NA	NA
2019-nCoV	19004	T	-A	129	84	24	1	0	20	0.00775194	129	0.754834	FALSE	NA	NA	NA	NA	NA	NA
2019-nCoV	19006	G	T	157	83	24	1	0	20	0.00632911	158	0.752381	FALSE	NA	NA	NA	NA	NA	NA
2019-nCoV	19007	C	A	153	83	25	1	0	29	0.00649351	154	0.752443	FALSE	NA	NA	NA	NA	NA	NA
2019-nCoV	19009	G	-A	51	16	23	1	0	20	0.0196078	51	0.509804	FALSE	NA	NA	NA	NA	NA	NA
2019-nCoV	19014	A	T	21	12	21	1	0	20	0.0454545	22	0.511628	FALSE	NA	NA	NA	NA	NA	NA
2019-nCoV	19021	G	-T	43	11	24	1	0	20	0.0232558	43	0.511628	FALSE	NA	NA	NA	NA	NA	NA
2019-nCoV	19021	G	+T	43	11	24	2	0	20	0.0465116	43	0.264635	FALSE	NA	NA	NA	NA	NA	NA
2019-nCoV	19026	T	C	33	14	22	2	1	23	0.0571429	35	0.253623	FALSE	NA	NA	NA	NA	NA	NA
2019-nCoV	19028	A	-C	43	11	24	1	0	20	0.0232558	43	0.511628	FALSE	NA	NA	NA	NA	NA	NA
2019-nCoV	19031	A	G	41	13	24	2	0	22	0.0465116	43	0.252941	FALSE	NA	NA	NA	NA	NA	NA
2019-nCoV	19038	T	C	44	17	24	1	0	21	0.0222222	45	0.505618	FALSE	NA	NA	NA	NA	NA	NA
2019-nCoV	19045	A	G	35	1	24	1	0	24	0.0277778	36	0.507042	FALSE	NA	NA	NA	NA	NA	NA
2019-nCoV	19053	T	+A	57	25	24	1	0	20	0.0175439	57	0.508772	FALSE	NA	NA	NA	NA	NA	NA
2019-nCoV	19059	T	C	77	28	25	1	0	23	0.0128205	78	0.503226	FALSE	NA	NA	NA	NA	NA	NA
2019-nCoV	19059	T	+G	77	28	25	1	0	20	0.0128205	78	0.503226	FALSE	NA	NA	NA	NA	NA	NA
2019-nCoV	19060	G	-T	74	28	25	1	0	20	0.0135135	74	0.506757	FALSE	NA	NA	NA	NA	NA	NA
2019-nCoV	19061	T	C	70	26	25	1	0	27	0.0140845	71	0.5	FALSE	NA	NA	NA	NA	NA	NA
2019-nCoV	19065	T	-C	76	25	24	1	0	20	0.0131579	76	0.506579	FALSE	NA	NA	NA	NA	NA	NA
2019-nCoV	19069	G	A	74	26	25	1	0	20	0.0133333	75	0.503356	FALSE	NA	NA	NA	NA	NA	NA
2019-nCoV	19075	G	+T	76	26	25	1	0	20	0.0131579	76	0.506579	FALSE	NA	NA	NA	NA	NA	NA
2019-nCoV	19076	T	C	75	26	25	1	0	27	0.0131579	76	0.503311	FALSE	NA	NA	NA	NA	NA	NA
2019-nCoV	19077	A	G	74	25	25	1	0	31	0.0133333	75	0.503356	FALSE	NA	NA	NA	NA	NA	NA
2019-nCoV	19094	A	G	74	25	25	1	1	25	0.0133333	75	0.503356	FALSE	NA	NA	NA	NA	NA	NA
2019-nCoV	19094	A	+T	74	25	25	1	0	20	0.0133333	75	0.503356	FALSE	NA	NA	NA	NA	NA	NA
2019-nCoV	19095	T	C	70	26	25	2	0	24	0.0277778	72	0.251748	FALSE	NA	NA	NA	NA	NA	NA
2019-nCoV	19095	T	+G	70	26	25	1	0	20	0.0138889	72	0.5	FALSE	NA	NA	NA	NA	NA	NA
2019-nCoV	19097	C	T	35	13	24	41	13	25	0.539474	76	3.35923e-16	TRUE	NA	NA	NA	NA	NA	NA
2019-nCoV	19105	T	C	65	27	23	1	0	24	0.0151515	66	0.503817	FALSE	NA	NA	NA	NA	NA	NA
2019-nCoV	19113	C	-A	62	28	23	4	0	20	0.0645161	62	0.0697384	FALSE	NA	NA	NA	NA	NA	NA
2019-nCoV	19118	C	+T	73	28	24	1	0	20	0.0136986	73	0.506849	FALSE	NA	NA	NA	NA	NA	NA
2019-nCoV	19122	T	-A	58	27	23	1	0	20	0.0172414	58	0.508621	FALSE	NA	NA	NA	NA	NA	NA
2019-nCoV	19124	A	G	62	26	24	1	1	29	0.015873	63	0.504	FALSE	NA	NA	NA	NA	NA	NA
2019-nCoV	19132	G	+A	66	30	24	4	0	20	0.0606061	66	0.0692894	FALSE	NA	NA	NA	NA	NA	NA
2019-nCoV	19134	A	+T	48	30	23	1	0	20	0.0208333	48	0.510417	FALSE	NA	NA	NA	NA	NA	NA
2019-nCoV	19137	A	-T	62	31	24	1	0	20	0.016129	62	0.508065	FALSE	NA	NA	NA	NA	NA	NA
2019-nCoV	19145	C	+T	68	31	24	1	0	20	0.0147059	68	0.507353	FALSE	NA	NA	NA	NA	NA	NA
2019-nCoV	19169	T	C	13	4	23	1	0	20	0.0714286	14	0.518519	FALSE	NA	NA	NA	NA	NA	NA
2019-nCoV	19185	C	T	14	6	23	1	0	27	0.0666667	15	0.517241	FALSE	NA	NA	NA	NA	NA	NA
2019-nCoV	19190	T	C	17	7	24	1	0	27	0.0555556	18	0.514286	FALSE	NA	NA	NA	NA	NA	NA
2019-nCoV	19192	T	-G	9	7	25	1	0	20	0.111111	9	0.555556	FALSE	NA	NA	NA	NA	NA	NA
2019-nCoV	19200	C	+A	40	9	25	2	0	20	0.05	40	0.265741	FALSE	NA	NA	NA	NA	NA	NA
2019-nCoV	19202	A	-T	31	10	23	1	0	20	0.0322581	31	0.516129	FALSE	NA	NA	NA	NA	NA	NA
2019-nCoV	19207	G	A	38	9	25	1	0	30	0.025641	39	0.506494	FALSE	NA	NA	NA	NA	NA	NA
2019-nCoV	19208	A	+C	40	9	25	1	0	20	0.025	40	0.5125	FALSE	NA	NA	NA	NA	NA	NA
2019-nCoV	19214	A	+T	41	10	25	1	0	20	0.0243902	41	0.512195	FALSE	NA	NA	NA	NA	NA	NA
2019-nCoV	19215	T	C	39	10	25	1	0	20	0.025	40	0.506329	FALSE	NA	NA	NA	NA	NA	NA
2019-nCoV	19220	C	T	36	9	24	1	0	21	0.027027	37	0.506849	FALSE	NA	NA	NA	NA	NA	NA
2019-nCoV	19221	T	C	38	9	24	1	0	21	0.025641	39	0.506494	FALSE	NA	NA	NA	NA	NA	NA
2019-nCoV	19228	A	+T	38	9	24	1	0	20	0.0263158	38	0.513158	FALSE	NA	NA	NA	NA	NA	NA
2019-nCoV	19231	G	-T	37	10	23	2	0	20	0.0540541	37	0.267027	FALSE	NA	NA	NA	NA	NA	NA
2019-nCoV	19232	T	C	27	2	24	1	0	24	0.0357143	28	0.5	FALSE	NA	NA	NA	NA	NA	NA
2019-nCoV	19243	G	-A	32	10	24	1	0	20	0.03125	32	0.515625	FALSE	NA	NA	NA	NA	NA	NA
2019-nCoV	19243	G	+A	32	10	24	1	0	20	0.03125	32	0.515625	FALSE	NA	NA	NA	NA	NA	NA
2019-nCoV	19254	G	+T	34	7	24	1	0	20	0.0294118	34	0.514706	FALSE	NA	NA	NA	NA	NA	NA
2019-nCoV	19254	G	+C	34	7	24	1	0	20	0.0294118	34	0.514706	FALSE	NA	NA	NA	NA	NA	NA
2019-nCoV	19255	C	T	34	8	25	1	0	20	0.0285714	35	0.507246	FALSE	NA	NA	NA	NA	NA	NA
2019-nCoV	19284	T	C	22	3	24	1	0	26	0.0434783	23	0.511111	FALSE	NA	NA	NA	NA	NA	NA
2019-nCoV	19290	C	+T	19	2	25	1	0	20	0.0526316	19	0.526316	FALSE	NA	NA	NA	NA	NA	NA
2019-nCoV	19305	T	-A	30	12	23	1	0	20	0.0333333	30	0.516667	FALSE	NA	NA	NA	NA	NA	NA
2019-nCoV	19313	C	T	29	12	23	1	1	25	0.0333333	30	0.508475	FALSE	NA	NA	NA	NA	NA	NA
2019-nCoV	19315	T	+C	30	8	24	1	0	20	0.0333333	30	0.516667	FALSE	NA	NA	NA	NA	NA	NA
2019-nCoV	19316	T	C	29	13	23	1	0	22	0.0333333	30	0.508475	FALSE	NA	NA	NA	NA	NA	NA
2019-nCoV	19319	A	G	37	14	25	1	0	26	0.0263158	38	0.506667	FALSE	NA	NA	NA	NA	NA	NA
2019-nCoV	19323	A	G	36	13	23	1	0	20	0.027027	37	0.506849	FALSE	NA	NA	NA	NA	NA	NA
2019-nCoV	19323	A	+C	36	13	23	1	0	20	0.027027	37	0.506849	FALSE	NA	NA	NA	NA	NA	NA
2019-nCoV	19325	C	+A	24	10	23	1	0	20	0.0416667	24	0.520833	FALSE	NA	NA	NA	NA	NA	NA
2019-nCoV	19327	G	-C	32	10	24	1	0	20	0.03125	32	0.515625	FALSE	NA	NA	NA	NA	NA	NA
2019-nCoV	19328	C	-T	30	10	23	1	0	20	0.0322581	31	0.508197	FALSE	NA	NA	NA	NA	NA	NA
2019-nCoV	19332	T	G	10	9	24	1	0	27	0.0909091	11	0.52381	FALSE	NA	NA	NA	NA	NA	NA
2019-nCoV	19334	A	+T	33	9	23	1	0	20	0.030303	33	0.515152	FALSE	NA	NA	NA	NA	NA	NA
2019-nCoV	19335	T	-A	29	8	23	1	0	20	0.0344828	29	0.517241	FALSE	NA	NA	NA	NA	NA	NA
2019-nCoV	19335	T	+A	29	8	23	3	0	20	0.103448	29	0.144944	FALSE	NA	NA	NA	NA	NA	NA
2019-nCoV	19337	A	G	34	13	24	1	0	21	0.0285714	35	0.507246	FALSE	NA	NA	NA	NA	NA	NA
2019-nCoV	19342	G	C	37	15	23	1	0	25	0.0263158	38	0.506667	FALSE	NA	NA	NA	NA	NA	NA
2019-nCoV	19343	C	-T	35	16	23	2	0	20	0.0571429	35	0.268008	FALSE	NA	NA	NA	NA	NA	NA
2019-nCoV	19343	C	+T	35	16	23	1	0	20	0.0285714	35	0.514286	FALSE	NA	NA	NA	NA	NA	NA
2019-nCoV	19348	G	+T	38	14	22	1	0	20	0.0263158	38	0.513158	FALSE	NA	NA	NA	NA	NA	NA
2019-nCoV	19350	T	+TA	31	17	23	1	0	20	0.0322581	31	0.516129	FALSE	NA	NA	NA	NA	NA	NA
2019-nCoV	19351	A	T	35	11	23	1	1	20	0.0277778	36	0.507042	FALSE	NA	NA	NA	NA	NA	NA
2019-nCoV	19355	T	+TA	17	15	22	1	0	20	0.0588235	17	0.529412	FALSE	NA	NA	NA	NA	NA	NA
2019-nCoV	19362	A	C	29	16	22	1	0	27	0.0333333	30	0.508475	FALSE	NA	NA	NA	NA	NA	NA
2019-nCoV	19365	A	+C	35	12	24	1	0	20	0.0285714	35	0.514286	FALSE	NA	NA	NA	NA	NA	NA
2019-nCoV	19368	A	-TT	35	12	23	1	0	20	0.0285714	35	0.514286	FALSE	NA	NA	NA	NA	NA	NA
2019-nCoV	19368	A	-T	35	12	23	22	0	20	0.628571	35	4.9641e-6	TRUE	NA	NA	NA	NA	NA	NA
2019-nCoV	19375	T	G	41	18	24	1	0	23	0.0238095	42	0.506024	FALSE	NA	NA	NA	NA	NA	NA
2019-nCoV	19389	T	+C	42	18	25	1	0	20	0.0238095	42	0.511905	FALSE	NA	NA	NA	NA	NA	NA
2019-nCoV	19395	T	+G	38	20	24	1	0	20	0.0263158	38	0.513158	FALSE	NA	NA	NA	NA	NA	NA
2019-nCoV	19406	G	-A	8	7	24	2	0	20	0.25	8	0.330882	FALSE	NA	NA	NA	NA	NA	NA
2019-nCoV	19442	T	+A	11	8	24	1	0	20	0.0909091	11	0.545455	FALSE	NA	NA	NA	NA	NA	NA
2019-nCoV	19453	A	+G	12	8	24	1	0	20	0.0833333	12	0.541667	FALSE	NA	NA	NA	NA	NA	NA
2019-nCoV	19460	T	+A	30	15	25	1	0	20	0.0333333	30	0.516667	FALSE	NA	NA	NA	NA	NA	NA
2019-nCoV	19466	G	+T	31	15	24	1	0	20	0.0322581	31	0.516129	FALSE	NA	NA	NA	NA	NA	NA
2019-nCoV	19469	G	-C	29	13	24	1	0	20	0.0344828	29	0.517241	FALSE	NA	NA	NA	NA	NA	NA
2019-nCoV	19476	A	+G	29	16	25	1	0	20	0.0344828	29	0.517241	FALSE	NA	NA	NA	NA	NA	NA
2019-nCoV	19482	T	C	28	14	25	1	1	26	0.0344828	29	0.508772	FALSE	NA	NA	NA	NA	NA	NA
2019-nCoV	19492	A	+G	32	15	25	1	0	20	0.03125	32	0.515625	FALSE	NA	NA	NA	NA	NA	NA
2019-nCoV	19503	T	-A	24	10	25	2	0	20	0.0833333	24	0.276361	FALSE	NA	NA	NA	NA	NA	NA
2019-nCoV	19508	A	G	29	15	24	1	1	27	0.0333333	30	0.508475	FALSE	NA	NA	NA	NA	NA	NA
2019-nCoV	19510	T	C	27	14	25	1	0	24	0.0357143	28	0.509091	FALSE	NA	NA	NA	NA	NA	NA
2019-nCoV	19512	C	T	29	15	25	1	1	28	0.0333333	30	0.508475	FALSE	NA	NA	NA	NA	NA	NA
2019-nCoV	19517	T	C	24	15	24	1	1	25	0.04	25	0.510204	FALSE	NA	NA	NA	NA	NA	NA
2019-nCoV	19519	T	+C	31	16	25	1	0	20	0.0322581	31	0.516129	FALSE	NA	NA	NA	NA	NA	NA
2019-nCoV	19532	A	+T	18	8	24	2	0	20	0.111111	18	0.285285	FALSE	NA	NA	NA	NA	NA	NA
2019-nCoV	19537	A	G	19	9	24	1	0	23	0.05	20	0.512821	FALSE	NA	NA	NA	NA	NA	NA
2019-nCoV	19539	G	T	18	8	25	2	1	22	0.1	20	0.25641	FALSE	NA	NA	NA	NA	NA	NA
2019-nCoV	19548	A	G	19	9	25	1	0	28	0.05	20	0.512821	FALSE	NA	NA	NA	NA	NA	NA
2019-nCoV	19561	T	A	15	5	23	1	0	22	0.0625	16	0.516129	FALSE	NA	NA	NA	NA	NA	NA
2019-nCoV	19563	G	A	19	8	24	1	0	24	0.05	20	0.512821	FALSE	NA	NA	NA	NA	NA	NA
2019-nCoV	19583	A	+T	23	10	24	1	0	20	0.0434783	23	0.521739	FALSE	NA	NA	NA	NA	NA	NA
2019-nCoV	19585	A	+C	23	9	25	1	0	20	0.0434783	23	0.521739	FALSE	NA	NA	NA	NA	NA	NA
2019-nCoV	19594	C	+T	17	10	23	1	0	20	0.0588235	17	0.529412	FALSE	NA	NA	NA	NA	NA	NA
2019-nCoV	19604	C	-T	22	9	24	2	0	20	0.0909091	22	0.278788	FALSE	NA	NA	NA	NA	NA	NA
2019-nCoV	19610	C	+A	21	9	25	1	0	20	0.047619	21	0.52381	FALSE	NA	NA	NA	NA	NA	NA
2019-nCoV	19613	G	+C	22	10	24	1	0	20	0.0454545	22	0.522727	FALSE	NA	NA	NA	NA	NA	NA
2019-nCoV	19619	A	+G	25	12	24	1	0	20	0.04	25	0.52	FALSE	NA	NA	NA	NA	NA	NA
2019-nCoV	19622	G	+C	26	12	23	1	0	20	0.0384615	26	0.519231	FALSE	NA	NA	NA	NA	NA	NA
2019-nCoV	19627	G	-A	20	9	23	1	0	20	0.05	20	0.525	FALSE	NA	NA	NA	NA	NA	NA
2019-nCoV	19634	T	C	21	10	23	1	1	20	0.0454545	22	0.511628	FALSE	NA	NA	NA	NA	NA	NA
2019-nCoV	19637	C	G	21	9	23	1	1	20	0.0454545	22	0.511628	FALSE	NA	NA	NA	NA	NA	NA
2019-nCoV	19641	T	+A	13	11	22	2	0	20	0.153846	13	0.299145	FALSE	NA	NA	NA	NA	NA	NA
2019-nCoV	19645	G	+T	23	11	24	1	0	20	0.0434783	23	0.521739	FALSE	NA	NA	NA	NA	NA	NA
2019-nCoV	19648	G	+T	24	12	25	1	0	20	0.0416667	24	0.520833	FALSE	NA	NA	NA	NA	NA	NA
2019-nCoV	19655	A	-G	18	11	23	1	0	20	0.0555556	18	0.527778	FALSE	NA	NA	NA	NA	NA	NA
2019-nCoV	19660	C	+A	24	12	24	1	0	20	0.0416667	24	0.520833	FALSE	NA	NA	NA	NA	NA	NA
2019-nCoV	19662	C	+T	21	9	25	1	0	20	0.047619	21	0.52381	FALSE	NA	NA	NA	NA	NA	NA
2019-nCoV	19676	A	-G	6	2	25	1	0	20	0.166667	6	0.583333	FALSE	NA	NA	NA	NA	NA	NA
2019-nCoV	19713	T	C	12	4	25	2	1	27	0.142857	14	0.259259	FALSE	NA	NA	NA	NA	NA	NA
2019-nCoV	19718	C	-A	17	7	23	1	0	20	0.0588235	17	0.529412	FALSE	NA	NA	NA	NA	NA	NA
2019-nCoV	19733	T	C	41	16	24	8	2	24	0.163265	49	0.00312052	TRUE	NA	NA	NA	NA	NA	NA
2019-nCoV	19739	T	+G	53	24	25	1	0	20	0.0188679	53	0.509434	FALSE	NA	NA	NA	NA	NA	NA
2019-nCoV	19740	A	G	53	23	25	1	1	24	0.0185185	54	0.504673	FALSE	NA	NA	NA	NA	NA	NA
2019-nCoV	19743	A	-T	46	23	23	1	0	20	0.0217391	46	0.51087	FALSE	NA	NA	NA	NA	NA	NA
2019-nCoV	19746	G	+T	56	23	24	2	0	20	0.0357143	56	0.26122	FALSE	NA	NA	NA	NA	NA	NA
2019-nCoV	19750	G	-A	56	23	22	7	0	20	0.125	56	0.0104941	FALSE	NA	NA	NA	NA	NA	NA
2019-nCoV	19755	T	-A	51	23	22	5	0	20	0.0980392	51	0.0376927	FALSE	NA	NA	NA	NA	NA	NA
2019-nCoV	19755	T	+A	51	23	22	2	0	20	0.0392157	51	0.262326	FALSE	NA	NA	NA	NA	NA	NA
2019-nCoV	19760	C	+A	48	21	23	2	0	20	0.0416667	48	0.263101	FALSE	NA	NA	NA	NA	NA	NA
2019-nCoV	19766	T	-A	36	25	23	2	0	20	0.0555556	36	0.267504	FALSE	NA	NA	NA	NA	NA	NA
2019-nCoV	19780	G	+A	57	25	25	1	0	20	0.0175439	57	0.508772	FALSE	NA	NA	NA	NA	NA	NA
2019-nCoV	19782	A	-T	53	24	24	4	0	20	0.0754717	53	0.0710034	FALSE	NA	NA	NA	NA	NA	NA
2019-nCoV	19789	C	+T	54	25	24	3	0	20	0.0555556	54	0.135576	FALSE	NA	NA	NA	NA	NA	NA
2019-nCoV	19790	T	C	38	8	23	1	0	24	0.025641	39	0.506494	FALSE	NA	NA	NA	NA	NA	NA
2019-nCoV	19792	T	G	33	27	23	1	0	22	0.0294118	34	0.507463	FALSE	NA	NA	NA	NA	NA	NA
2019-nCoV	19792	T	-G	33	27	23	1	0	20	0.0294118	34	0.507463	FALSE	NA	NA	NA	NA	NA	NA
2019-nCoV	19795	G	C	34	26	23	1	0	22	0.0285714	35	0.507246	FALSE	NA	NA	NA	NA	NA	NA
2019-nCoV	19796	C	T	52	25	24	1	0	22	0.0188679	53	0.504762	FALSE	NA	NA	NA	NA	NA	NA
2019-nCoV	19797	T	+TG	57	27	25	1	0	20	0.0175439	57	0.508772	FALSE	NA	NA	NA	NA	NA	NA
2019-nCoV	19799	A	T	50	27	23	2	2	24	0.0384615	52	0.252427	FALSE	NA	NA	NA	NA	NA	NA
2019-nCoV	19802	G	+A	50	22	25	1	0	20	0.02	50	0.51	FALSE	NA	NA	NA	NA	NA	NA
2019-nCoV	19807	A	+T	48	23	25	2	0	20	0.0416667	48	0.263101	FALSE	NA	NA	NA	NA	NA	NA
2019-nCoV	19809	T	-A	35	23	24	1	0	20	0.0285714	35	0.514286	FALSE	NA	NA	NA	NA	NA	NA
2019-nCoV	19809	T	+A	35	23	24	1	0	20	0.0285714	35	0.514286	FALSE	NA	NA	NA	NA	NA	NA
2019-nCoV	19811	A	G	49	23	26	1	0	25	0.02	50	0.505051	FALSE	NA	NA	NA	NA	NA	NA
2019-nCoV	19815	A	G	48	22	25	1	0	23	0.0204082	49	0.505155	FALSE	NA	NA	NA	NA	NA	NA
2019-nCoV	19818	A	G	52	23	25	1	0	25	0.0188679	53	0.504762	FALSE	NA	NA	NA	NA	NA	NA
2019-nCoV	19824	G	+GTT	33	10	23	1	0	20	0.030303	33	0.515152	FALSE	NA	NA	NA	NA	NA	NA
2019-nCoV	19827	G	-A	45	22	24	3	0	20	0.0666667	45	0.137729	FALSE	NA	NA	NA	NA	NA	NA
2019-nCoV	19835	T	C	49	22	25	1	0	25	0.02	50	0.505051	FALSE	NA	NA	NA	NA	NA	NA
2019-nCoV	19843	T	C	52	25	25	1	1	25	0.0188679	53	0.504762	FALSE	NA	NA	NA	NA	NA	NA
2019-nCoV	19849	G	+A	94	44	25	1	0	20	0.0106383	94	0.505319	FALSE	NA	NA	NA	NA	NA	NA
2019-nCoV	19854	C	-A	96	50	25	1	0	20	0.0104167	96	0.505208	FALSE	NA	NA	NA	NA	NA	NA
2019-nCoV	19855	A	+T	94	49	25	1	0	20	0.0105263	95	0.502646	FALSE	NA	NA	NA	NA	NA	NA
2019-nCoV	19855	A	+G	94	49	25	1	0	20	0.0105263	95	0.502646	FALSE	NA	NA	NA	NA	NA	NA
2019-nCoV	19861	G	A	99	52	25	1	0	28	0.01	100	0.751256	FALSE	NA	NA	NA	NA	NA	NA
2019-nCoV	19863	T	C	99	51	25	1	1	28	0.01	100	0.751256	FALSE	NA	NA	NA	NA	NA	NA
2019-nCoV	19866	T	+G	98	50	25	1	0	20	0.0102041	98	0.505102	FALSE	NA	NA	NA	NA	NA	NA
2019-nCoV	19868	C	T	105	55	25	1	0	25	0.00943396	106	0.753555	FALSE	NA	NA	NA	NA	NA	NA
2019-nCoV	19868	C	+T	105	55	25	1	0	20	0.00943396	106	0.753555	FALSE	NA	NA	NA	NA	NA	NA
2019-nCoV	19869	T	+G	108	57	25	2	0	20	0.0185185	108	0.510416	FALSE	NA	NA	NA	NA	NA	NA
2019-nCoV	19870	G	A	102	54	24	1	0	28	0.00970874	103	0.753659	FALSE	NA	NA	NA	NA	NA	NA
2019-nCoV	19871	T	C	103	53	25	1	1	23	0.00961538	104	0.753623	FALSE	NA	NA	NA	NA	NA	NA
2019-nCoV	19871	T	+G	103	53	25	1	0	20	0.00961538	104	0.753623	FALSE	NA	NA	NA	NA	NA	NA
2019-nCoV	19875	C	+T	103	54	24	1	0	20	0.00970874	103	0.75605	FALSE	NA	NA	NA	NA	NA	NA
2019-nCoV	19875	C	+G	103	54	24	1	0	20	0.00970874	103	0.75605	FALSE	NA	NA	NA	NA	NA	NA
2019-nCoV	19876	T	C	95	50	24	1	1	29	0.0104167	96	0.502618	FALSE	NA	NA	NA	NA	NA	NA
2019-nCoV	19876	T	-G	95	50	24	4	0	20	0.0416667	96	0.0657977	FALSE	NA	NA	NA	NA	NA	NA
2019-nCoV	19876	T	+G	95	50	24	1	0	20	0.0104167	96	0.502618	FALSE	NA	NA	NA	NA	NA	NA
2019-nCoV	19884	C	T	103	54	24	1	1	26	0.00961538	104	0.753623	FALSE	NA	NA	NA	NA	NA	NA
2019-nCoV	19884	C	-A	103	54	24	6	0	20	0.0576923	104	0.068993	FALSE	NA	NA	NA	NA	NA	NA
2019-nCoV	19884	C	+A	103	54	24	4	0	20	0.0384615	104	0.196623	FALSE	NA	NA	NA	NA	NA	NA
2019-nCoV	19888	A	+G	61	56	24	1	0	20	0.0163934	61	0.508197	FALSE	NA	NA	NA	NA	NA	NA
2019-nCoV	19896	T	+C	97	54	24	2	0	20	0.0206186	97	0.256463	FALSE	NA	NA	NA	NA	NA	NA
2019-nCoV	19898	C	+A	82	55	24	1	0	20	0.0121951	82	0.506098	FALSE	NA	NA	NA	NA	NA	NA
2019-nCoV	19899	A	G	98	53	24	1	1	22	0.010101	99	0.502538	FALSE	NA	NA	NA	NA	NA	NA
2019-nCoV	19901	C	T	95	49	24	1	0	24	0.0104167	96	0.502618	FALSE	NA	NA	NA	NA	NA	NA
2019-nCoV	19904	A	G	96	50	24	1	0	24	0.0103093	97	0.502591	FALSE	NA	NA	NA	NA	NA	NA
2019-nCoV	19909	T	C	85	50	24	1	1	22	0.0116279	86	0.502924	FALSE	NA	NA	NA	NA	NA	NA
2019-nCoV	19911	T	C	92	53	24	1	0	24	0.0107527	93	0.502703	FALSE	NA	NA	NA	NA	NA	NA
2019-nCoV	19912	A	-C	93	54	24	3	0	20	0.0322581	93	0.131102	FALSE	NA	NA	NA	NA	NA	NA
2019-nCoV	19914	T	C	83	50	24	2	2	25	0.0235294	85	0.251479	FALSE	NA	NA	NA	NA	NA	NA
2019-nCoV	19915	A	G	82	47	24	1	0	24	0.0120482	83	0.50303	FALSE	NA	NA	NA	NA	NA	NA
2019-nCoV	19915	A	-T	82	47	24	1	0	20	0.0120482	83	0.50303	FALSE	NA	NA	NA	NA	NA	NA
2019-nCoV	19915	A	+G	82	47	24	1	0	20	0.0120482	83	0.50303	FALSE	NA	NA	NA	NA	NA	NA
2019-nCoV	19920	T	C	94	53	24	1	1	23	0.0105263	95	0.502646	FALSE	NA	NA	NA	NA	NA	NA
2019-nCoV	19921	G	-T	85	52	23	4	0	20	0.0470588	85	0.067744	FALSE	NA	NA	NA	NA	NA	NA
2019-nCoV	19922	T	C	46	12	23	1	1	27	0.0212766	47	0.489583	FALSE	NA	NA	NA	NA	NA	NA
2019-nCoV	19925	G	+T	83	52	23	1	0	20	0.0120482	83	0.506024	FALSE	NA	NA	NA	NA	NA	NA
2019-nCoV	19926	T	C	66	28	23	1	1	24	0.0149254	67	0.503759	FALSE	NA	NA	NA	NA	NA	NA
2019-nCoV	19929	T	+A	81	52	24	1	0	20	0.0123457	81	0.506173	FALSE	NA	NA	NA	NA	NA	NA
2019-nCoV	19932	G	-A	88	52	24	1	0	20	0.0113636	88	0.505682	FALSE	NA	NA	NA	NA	NA	NA
2019-nCoV	19935	T	C	90	55	25	1	1	26	0.010989	91	0.502762	FALSE	NA	NA	NA	NA	NA	NA
2019-nCoV	19939	A	G	92	54	24	1	1	24	0.0107527	93	0.502703	FALSE	NA	NA	NA	NA	NA	NA
2019-nCoV	19941	A	+G	87	50	24	1	0	20	0.0114943	87	0.505747	FALSE	NA	NA	NA	NA	NA	NA
2019-nCoV	19942	G	+T	85	54	24	1	0	20	0.0117647	85	0.505882	FALSE	NA	NA	NA	NA	NA	NA
2019-nCoV	19944	C	+A	77	62	24	2	0	20	0.025974	77	0.258148	FALSE	NA	NA	NA	NA	NA	NA
2019-nCoV	19947	G	-A	85	58	24	1	0	20	0.0117647	85	0.505882	FALSE	NA	NA	NA	NA	NA	NA
2019-nCoV	19947	G	+A	85	58	24	3	0	20	0.0352941	85	0.131682	FALSE	NA	NA	NA	NA	NA	NA
2019-nCoV	19952	C	+A	68	56	23	4	0	20	0.0588235	68	0.0690851	FALSE	NA	NA	NA	NA	NA	NA
2019-nCoV	19955	C	T	0	0	0	53	26	22	1	53	3.18851e-31	TRUE	NA	NA	NA	NA	NA	NA
2019-nCoV	19957	G	-A	77	51	23	2	0	20	0.025974	77	0.258148	FALSE	NA	NA	NA	NA	NA	NA
2019-nCoV	19962	G	-AT	32	23	23	1	0	20	0.03125	32	0.515625	FALSE	NA	NA	NA	NA	NA	NA
2019-nCoV	19962	G	-A	32	23	23	4	0	20	0.125	32	0.0768513	FALSE	NA	NA	NA	NA	NA	NA
2019-nCoV	19963	A	-T	25	17	22	2	0	20	0.0740741	27	0.254717	FALSE	NA	NA	NA	NA	NA	NA
2019-nCoV	19965	T	C	33	23	24	1	0	21	0.0294118	34	0.507463	FALSE	NA	NA	NA	NA	NA	NA
2019-nCoV	19968	T	C	32	25	24	2	0	23	0.0588235	34	0.253731	FALSE	NA	NA	NA	NA	NA	NA
2019-nCoV	19970	C	+A	39	28	24	1	0	20	0.025641	39	0.512821	FALSE	NA	NA	NA	NA	NA	NA
2019-nCoV	19971	A	G	36	28	24	1	1	28	0.027027	37	0.506849	FALSE	NA	NA	NA	NA	NA	NA
2019-nCoV	19971	A	-C	36	28	24	1	0	20	0.027027	37	0.506849	FALSE	NA	NA	NA	NA	NA	NA
2019-nCoV	19976	T	C	40	32	24	1	0	20	0.0243902	41	0.506173	FALSE	NA	NA	NA	NA	NA	NA
2019-nCoV	19981	G	+T	34	21	24	1	0	20	0.0294118	34	0.514706	FALSE	NA	NA	NA	NA	NA	NA
2019-nCoV	19983	C	T	37	24	22	1	1	20	0.0263158	38	0.506667	FALSE	NA	NA	NA	NA	NA	NA
2019-nCoV	19983	C	-TT	37	24	22	2	0	20	0.0526316	38	0.26	FALSE	NA	NA	NA	NA	NA	NA
2019-nCoV	19983	C	-T	37	24	22	14	0	20	0.368421	38	2.00981e-4	TRUE	NA	NA	NA	NA	NA	NA
2019-nCoV	19983	C	+T	37	24	22	1	0	20	0.0263158	38	0.506667	FALSE	NA	NA	NA	NA	NA	NA
2019-nCoV	19983	C	+CT	37	24	22	1	0	20	0.0263158	38	0.506667	FALSE	NA	NA	NA	NA	NA	NA
2019-nCoV	19987	T	-TTG	45	32	23	4	0	20	0.0888889	45	0.0725669	FALSE	NA	NA	NA	NA	NA	NA
2019-nCoV	19988	T	-TG	41	28	24	7	0	20	0.155556	45	0.00840461	TRUE	NA	NA	NA	NA	NA	NA
2019-nCoV	19999	G	+T	44	31	24	2	0	20	0.0454545	44	0.2643	FALSE	NA	NA	NA	NA	NA	NA
2019-nCoV	20016	C	+T	47	35	24	1	0	20	0.0212766	47	0.510638	FALSE	NA	NA	NA	NA	NA	NA
2019-nCoV	20022	T	+G	42	36	23	1	0	20	0.0238095	42	0.511905	FALSE	NA	NA	NA	NA	NA	NA
2019-nCoV	20024	G	+C	49	35	23	1	0	20	0.0204082	49	0.510204	FALSE	NA	NA	NA	NA	NA	NA
2019-nCoV	20024	G	+A	49	35	23	3	0	20	0.0612245	49	0.136673	FALSE	NA	NA	NA	NA	NA	NA
2019-nCoV	20025	A	G	22	9	23	1	0	22	0.0434783	23	0.511111	FALSE	NA	NA	NA	NA	NA	NA
2019-nCoV	20027	A	+AT	37	34	23	1	0	20	0.027027	37	0.513514	FALSE	NA	NA	NA	NA	NA	NA
2019-nCoV	20027	A	+AG	37	34	23	1	0	20	0.027027	37	0.513514	FALSE	NA	NA	NA	NA	NA	NA
2019-nCoV	20029	G	+C	45	33	23	3	0	20	0.0666667	45	0.137729	FALSE	NA	NA	NA	NA	NA	NA
2019-nCoV	20033	G	-T	46	33	23	2	0	20	0.0434783	46	0.263675	FALSE	NA	NA	NA	NA	NA	NA
2019-nCoV	20037	T	+G	43	33	23	3	0	20	0.0697674	43	0.138332	FALSE	NA	NA	NA	NA	NA	NA
2019-nCoV	20043	T	+TG	40	33	24	1	0	20	0.025	40	0.5125	FALSE	NA	NA	NA	NA	NA	NA
2019-nCoV	20054	A	C	40	28	24	1	1	23	0.0243902	41	0.506173	FALSE	NA	NA	NA	NA	NA	NA
2019-nCoV	20054	A	+G	40	28	24	2	0	20	0.0487805	41	0.259259	FALSE	NA	NA	NA	NA	NA	NA
2019-nCoV	20055	A	T	1	1	25	1	1	20	0.0322581	31	0.0625	FALSE	NA	NA	NA	NA	NA	NA
2019-nCoV	20055	A	G	1	1	25	29	16	23	0.935484	31	2.62124e-16	TRUE	NA	NA	NA	NA	NA	NA
2019-nCoV	20055	A	+G	1	1	25	2	0	20	0.0645161	31	0.00568182	TRUE	NA	NA	NA	NA	NA	NA
2019-nCoV	20057	G	+GT	41	36	24	1	0	20	0.0243902	41	0.512195	FALSE	NA	NA	NA	NA	NA	NA
2019-nCoV	20058	T	C	48	34	24	1	1	20	0.0204082	49	0.505155	FALSE	NA	NA	NA	NA	NA	NA
2019-nCoV	20059	A	G	53	39	24	1	1	23	0.0185185	54	0.504673	FALSE	NA	NA	NA	NA	NA	NA
2019-nCoV	20060	G	+T	51	39	24	1	0	20	0.0196078	51	0.509804	FALSE	NA	NA	NA	NA	NA	NA
2019-nCoV	20061	T	+G	50	39	24	1	0	20	0.02	50	0.51	FALSE	NA	NA	NA	NA	NA	NA
2019-nCoV	20062	G	+T	48	36	23	4	0	20	0.0833333	48	0.0719176	FALSE	NA	NA	NA	NA	NA	NA
2019-nCoV	20064	T	+TA	45	36	23	1	0	20	0.0222222	45	0.511111	FALSE	NA	NA	NA	NA	NA	NA
2019-nCoV	20064	T	+A	45	36	23	4	0	20	0.0888889	45	0.0725669	FALSE	NA	NA	NA	NA	NA	NA
2019-nCoV	20122	A	G	28	14	24	1	1	27	0.0344828	29	0.508772	FALSE	NA	NA	NA	NA	NA	NA
2019-nCoV	20130	A	T	21	13	24	1	0	28	0.0454545	22	0.511628	FALSE	NA	NA	NA	NA	NA	NA
2019-nCoV	20135	T	G	28	13	23	1	0	20	0.0344828	29	0.508772	FALSE	NA	NA	NA	NA	NA	NA
2019-nCoV	20135	T	-A	28	13	23	6	0	20	0.206897	29	0.0218774	FALSE	NA	NA	NA	NA	NA	NA
2019-nCoV	20145	G	+T	31	16	25	1	0	20	0.0322581	31	0.516129	FALSE	NA	NA	NA	NA	NA	NA
2019-nCoV	20147	T	C	21	16	25	2	0	27	0.0869565	23	0.255556	FALSE	NA	NA	NA	NA	NA	NA
2019-nCoV	20151	T	C	26	12	24	1	0	23	0.037037	27	0.509434	FALSE	NA	NA	NA	NA	NA	NA
2019-nCoV	20152	T	C	24	13	24	1	1	28	0.04	25	0.510204	FALSE	NA	NA	NA	NA	NA	NA
2019-nCoV	20161	A	G	29	10	23	1	1	20	0.0333333	30	0.508475	FALSE	NA	NA	NA	NA	NA	NA
2019-nCoV	20164	G	-T	32	15	24	1	0	20	0.03125	32	0.515625	FALSE	NA	NA	NA	NA	NA	NA
2019-nCoV	20179	C	T	23	15	25	1	1	29	0.0416667	24	0.510638	FALSE	NA	NA	NA	NA	NA	NA
2019-nCoV	20179	C	+A	23	15	25	1	0	20	0.0416667	24	0.510638	FALSE	NA	NA	NA	NA	NA	NA
2019-nCoV	20182	C	-A	29	14	24	1	0	20	0.0344828	29	0.517241	FALSE	NA	NA	NA	NA	NA	NA
2019-nCoV	20196	T	A	27	9	23	1	1	26	0.0357143	28	0.509091	FALSE	NA	NA	NA	NA	NA	NA
2019-nCoV	20202	T	C	23	15	23	1	1	26	0.0416667	24	0.510638	FALSE	NA	NA	NA	NA	NA	NA
2019-nCoV	20210	G	+A	30	14	24	1	0	20	0.0333333	30	0.516667	FALSE	NA	NA	NA	NA	NA	NA
2019-nCoV	20232	A	-C	16	14	22	2	0	20	0.125	16	0.289773	FALSE	NA	NA	NA	NA	NA	NA
2019-nCoV	20239	A	G	29	13	25	1	0	22	0.0333333	30	0.508475	FALSE	NA	NA	NA	NA	NA	NA
2019-nCoV	20240	G	-T	28	13	24	1	0	20	0.0357143	28	0.517857	FALSE	NA	NA	NA	NA	NA	NA
2019-nCoV	20248	G	+A	13	12	25	1	0	20	0.0769231	13	0.538462	FALSE	NA	NA	NA	NA	NA	NA
2019-nCoV	20255	A	+T	28	15	23	1	0	20	0.0357143	28	0.517857	FALSE	NA	NA	NA	NA	NA	NA
2019-nCoV	20259	C	A	27	12	23	1	1	28	0.0357143	28	0.509091	FALSE	NA	NA	NA	NA	NA	NA
2019-nCoV	20275	G	A	22	12	25	1	0	21	0.0434783	23	0.511111	FALSE	NA	NA	NA	NA	NA	NA
2019-nCoV	20284	A	+T	28	13	25	1	0	20	0.0357143	28	0.517857	FALSE	NA	NA	NA	NA	NA	NA
2019-nCoV	20287	G	+T	24	11	25	1	0	20	0.0416667	24	0.520833	FALSE	NA	NA	NA	NA	NA	NA
2019-nCoV	20298	A	-T	85	69	24	1	0	20	0.0117647	85	0.505882	FALSE	NA	NA	NA	NA	NA	NA
2019-nCoV	20298	A	+T	85	69	24	1	0	20	0.0117647	85	0.505882	FALSE	NA	NA	NA	NA	NA	NA
2019-nCoV	20299	T	C	99	44	23	1	0	24	0.01	100	0.748756	FALSE	NA	NA	NA	NA	NA	NA
2019-nCoV	20300	T	C	98	70	24	1	0	22	0.010101	99	0.502538	FALSE	NA	NA	NA	NA	NA	NA
2019-nCoV	20301	A	+G	128	70	24	1	0	20	0.0078125	128	0.754871	FALSE	NA	NA	NA	NA	NA	NA
2019-nCoV	20302	G	+GA	129	70	24	1	0	20	0.00775194	129	0.754834	FALSE	NA	NA	NA	NA	NA	NA
2019-nCoV	20302	G	+A	129	70	24	2	0	20	0.0155039	129	0.508721	FALSE	NA	NA	NA	NA	NA	NA
2019-nCoV	20309	A	+G	133	69	24	1	0	20	0.0075188	133	0.754689	FALSE	NA	NA	NA	NA	NA	NA
2019-nCoV	20310	T	C	133	72	25	1	0	25	0.00746269	134	0.752809	FALSE	NA	NA	NA	NA	NA	NA
2019-nCoV	20311	G	-C	135	72	25	1	0	20	0.00740741	135	0.754619	FALSE	NA	NA	NA	NA	NA	NA
2019-nCoV	20311	G	+C	135	72	25	1	0	20	0.00740741	135	0.754619	FALSE	NA	NA	NA	NA	NA	NA
2019-nCoV	20313	C	+T	111	69	23	1	0	20	0.00900901	111	0.755615	FALSE	NA	NA	NA	NA	NA	NA
2019-nCoV	20315	T	C	106	68	23	1	1	24	0.00934579	107	0.753521	FALSE	NA	NA	NA	NA	NA	NA
2019-nCoV	20316	C	+G	129	70	24	1	0	20	0.00775194	129	0.754834	FALSE	NA	NA	NA	NA	NA	NA
2019-nCoV	20318	A	G	104	45	23	2	2	21	0.0188679	106	0.503572	FALSE	NA	NA	NA	NA	NA	NA
2019-nCoV	20320	C	+A	125	68	24	1	0	20	0.008	125	0.754988	FALSE	NA	NA	NA	NA	NA	NA
2019-nCoV	20321	A	+T	110	58	24	5	0	20	0.0454545	110	0.119166	FALSE	NA	NA	NA	NA	NA	NA
2019-nCoV	20322	T	C	109	59	24	1	1	24	0.00909091	110	0.753425	FALSE	NA	NA	NA	NA	NA	NA
2019-nCoV	20323	A	-T	104	55	24	3	0	20	0.0288462	104	0.325184	FALSE	NA	NA	NA	NA	NA	NA
2019-nCoV	20324	T	C	110	61	24	1	0	27	0.00900901	111	0.748879	FALSE	NA	NA	NA	NA	NA	NA
2019-nCoV	20324	T	+C	110	61	24	2	0	20	0.0176991	113	0.5	FALSE	NA	NA	NA	NA	NA	NA
2019-nCoV	20325	C	+G	116	62	24	1	0	20	0.00862069	116	0.755374	FALSE	NA	NA	NA	NA	NA	NA
2019-nCoV	20326	G	+T	121	68	24	2	0	20	0.0165289	121	0.509297	FALSE	NA	NA	NA	NA	NA	NA
2019-nCoV	20327	T	C	89	33	23	1	1	26	0.0111111	90	0.502793	FALSE	NA	NA	NA	NA	NA	NA
2019-nCoV	20334	A	+C	99	54	25	1	0	20	0.010101	99	0.505051	FALSE	NA	NA	NA	NA	NA	NA
2019-nCoV	20336	A	-T	100	55	23	8	0	20	0.08	100	0.0232133	FALSE	NA	NA	NA	NA	NA	NA
2019-nCoV	20336	A	+T	100	55	23	2	0	20	0.02	100	0.507463	FALSE	NA	NA	NA	NA	NA	NA
2019-nCoV	20342	G	+TC	108	62	24	1	0	20	0.00925926	108	0.755771	FALSE	NA	NA	NA	NA	NA	NA
2019-nCoV	20347	A	G	97	58	25	1	1	22	0.0102041	98	0.502564	FALSE	NA	NA	NA	NA	NA	NA
2019-nCoV	20366	A	+T	90	47	24	1	0	20	0.0111111	90	0.505556	FALSE	NA	NA	NA	NA	NA	NA
2019-nCoV	20367	T	+G	97	54	25	1	0	20	0.0103093	97	0.505155	FALSE	NA	NA	NA	NA	NA	NA
2019-nCoV	20367	T	+AAA	97	54	25	1	0	20	0.0103093	97	0.505155	FALSE	NA	NA	NA	NA	NA	NA
2019-nCoV	20368	C	+T	99	54	24	2	0	20	0.020202	99	0.256332	FALSE	NA	NA	NA	NA	NA	NA
2019-nCoV	20369	T	-A	101	57	25	1	0	20	0.00990099	101	0.75617	FALSE	NA	NA	NA	NA	NA	NA
2019-nCoV	20369	T	+A	101	57	25	1	0	20	0.00990099	101	0.75617	FALSE	NA	NA	NA	NA	NA	NA
2019-nCoV	20370	A	-C	101	58	25	1	0	20	0.00980392	102	0.753695	FALSE	NA	NA	NA	NA	NA	NA
2019-nCoV	20371	C	+T	100	58	25	1	0	20	0.00990099	101	0.753731	FALSE	NA	NA	NA	NA	NA	NA
2019-nCoV	20372	T	C	103	60	25	1	1	21	0.00961538	104	0.753623	FALSE	NA	NA	NA	NA	NA	NA
2019-nCoV	20374	A	G	100	57	25	1	1	25	0.00990099	101	0.753731	FALSE	NA	NA	NA	NA	NA	NA
2019-nCoV	20374	A	+T	100	57	25	1	0	20	0.00990099	101	0.753731	FALSE	NA	NA	NA	NA	NA	NA
2019-nCoV	20380	C	+G	105	61	25	1	0	20	0.00952381	105	0.755935	FALSE	NA	NA	NA	NA	NA	NA
2019-nCoV	20381	T	+C	224	113	25	1	0	20	0.00446429	224	0.877502	FALSE	NA	NA	NA	NA	NA	NA
2019-nCoV	20382	A	+G	224	115	25	2	0	20	0.00892857	224	0.693345	FALSE	NA	NA	NA	NA	NA	NA
2019-nCoV	20383	G	+C	216	110	25	1	0	20	0.00462963	216	0.877594	FALSE	NA	NA	NA	NA	NA	NA
2019-nCoV	20384	C	+T	215	106	25	1	0	20	0.00465116	215	0.877606	FALSE	NA	NA	NA	NA	NA	NA
2019-nCoV	20385	T	C	216	105	24	1	0	20	0.00460829	217	0.87673	FALSE	NA	NA	NA	NA	NA	NA
2019-nCoV	20385	T	-A	216	105	24	1	0	20	0.00460829	217	0.87673	FALSE	NA	NA	NA	NA	NA	NA
2019-nCoV	20385	T	+A	216	105	24	13	0	20	0.0599078	217	0.0045217	TRUE	NA	NA	NA	NA	NA	NA
2019-nCoV	20386	A	G	168	53	24	1	1	23	0.00591716	169	0.750742	FALSE	NA	NA	NA	NA	NA	NA
2019-nCoV	20387	A	G	235	117	25	1	1	23	0.00423729	236	0.876591	FALSE	NA	NA	NA	NA	NA	NA
2019-nCoV	20388	A	G	158	116	23	1	1	26	0.00628931	159	0.752366	FALSE	NA	NA	NA	NA	NA	NA
2019-nCoV	20388	A	+AC	158	116	23	1	0	20	0.00628931	159	0.752366	FALSE	NA	NA	NA	NA	NA	NA
2019-nCoV	20389	C	-G	224	117	24	1	0	20	0.00446429	224	0.877502	FALSE	NA	NA	NA	NA	NA	NA
2019-nCoV	20390	G	-T	223	119	24	1	0	20	0.00446429	224	0.876676	FALSE	NA	NA	NA	NA	NA	NA
2019-nCoV	20390	G	+T	223	119	24	9	0	20	0.0401786	224	0.0360576	FALSE	NA	NA	NA	NA	NA	NA
2019-nCoV	20391	T	C	123	8	24	1	1	25	0.00806452	124	0.753036	FALSE	NA	NA	NA	NA	NA	NA
2019-nCoV	20393	T	-TA	232	117	25	1	0	20	0.00431034	232	0.877416	FALSE	NA	NA	NA	NA	NA	NA
2019-nCoV	20394	T	C	133	108	23	1	0	32	0.00746269	134	0.5	FALSE	NA	NA	NA	NA	NA	NA
2019-nCoV	20394	T	+TTAA	133	108	23	1	0	20	0.00740741	135	0.750936	FALSE	NA	NA	NA	NA	NA	NA
2019-nCoV	20394	T	+TAA	133	108	23	1	0	20	0.00740741	135	0.750936	FALSE	NA	NA	NA	NA	NA	NA
2019-nCoV	20394	T	+TA	133	108	23	4	0	20	0.0296296	135	0.192168	FALSE	NA	NA	NA	NA	NA	NA
2019-nCoV	20396	A	G	179	111	23	2	0	20	0.0110497	181	0.502083	FALSE	NA	NA	NA	NA	NA	NA
2019-nCoV	20396	A	+G	179	111	23	1	0	20	0.00552486	181	0.750696	FALSE	NA	NA	NA	NA	NA	NA
2019-nCoV	20398	G	+GA	200	126	24	1	0	20	0.005	200	0.876868	FALSE	NA	NA	NA	NA	NA	NA
2019-nCoV	20399	A	G	188	79	23	1	1	29	0.00529101	189	0.751989	FALSE	NA	NA	NA	NA	NA	NA
2019-nCoV	20401	T	C	224	119	24	1	1	23	0.00444444	225	0.876669	FALSE	NA	NA	NA	NA	NA	NA
2019-nCoV	20402	C	+G	232	125	24	1	0	20	0.00431034	232	0.877416	FALSE	NA	NA	NA	NA	NA	NA
2019-nCoV	20403	A	G	231	125	25	1	1	25	0.00431034	232	0.876618	FALSE	NA	NA	NA	NA	NA	NA
2019-nCoV	20403	A	+T	231	125	25	1	0	20	0.00431034	232	0.876618	FALSE	NA	NA	NA	NA	NA	NA
2019-nCoV	20405	C	-T	157	122	23	34	0	20	0.216561	157	6.40151e-9	TRUE	NA	NA	NA	NA	NA	NA
2019-nCoV	20405	C	+G	157	122	23	1	0	20	0.00636943	157	0.753973	FALSE	NA	NA	NA	NA	NA	NA
2019-nCoV	20407	T	C	221	118	24	2	0	20	0.00896861	223	0.688346	FALSE	NA	NA	NA	NA	NA	NA
2019-nCoV	20409	T	G	133	120	24	1	0	25	0.00740741	135	0.750936	FALSE	NA	NA	NA	NA	NA	NA
2019-nCoV	20409	T	C	133	120	24	1	1	25	0.00740741	135	0.750936	FALSE	NA	NA	NA	NA	NA	NA
2019-nCoV	20410	G	A	221	120	23	1	0	25	0.0045045	222	0.876691	FALSE	NA	NA	NA	NA	NA	NA
2019-nCoV	20410	G	+A	221	120	23	1	0	20	0.0045045	222	0.876691	FALSE	NA	NA	NA	NA	NA	NA
2019-nCoV	20412	A	T	169	126	24	1	0	20	0.00588235	170	0.752212	FALSE	NA	NA	NA	NA	NA	NA
2019-nCoV	20412	A	+T	169	126	24	2	0	20	0.0117647	170	0.504425	FALSE	NA	NA	NA	NA	NA	NA
2019-nCoV	20414	T	+G	180	124	24	1	0	20	0.00555556	180	0.753466	FALSE	NA	NA	NA	NA	NA	NA
2019-nCoV	20414	T	+A	180	124	24	1	0	20	0.00555556	180	0.753466	FALSE	NA	NA	NA	NA	NA	NA
2019-nCoV	20416	G	+T	237	128	24	2	0	20	0.00843882	237	0.693025	FALSE	NA	NA	NA	NA	NA	NA
2019-nCoV	20416	G	+A	237	128	24	4	0	20	0.0168776	237	0.352679	FALSE	NA	NA	NA	NA	NA	NA
2019-nCoV	20417	A	G	204	99	23	5	3	23	0.0239234	209	0.226553	FALSE	NA	NA	NA	NA	NA	NA
2019-nCoV	20418	A	+G	209	134	24	1	0	20	0.00478469	209	0.877681	FALSE	NA	NA	NA	NA	NA	NA
2019-nCoV	20418	A	+AG	209	134	24	1	0	20	0.00478469	209	0.877681	FALSE	NA	NA	NA	NA	NA	NA
2019-nCoV	20419	G	A	230	129	24	1	0	20	0.004329	231	0.876625	FALSE	NA	NA	NA	NA	NA	NA
2019-nCoV	20419	G	+A	230	129	24	1	0	20	0.004329	231	0.876625	FALSE	NA	NA	NA	NA	NA	NA
2019-nCoV	20420	A	T	227	127	24	1	1	20	0.00436681	229	0.875824	FALSE	NA	NA	NA	NA	NA	NA
2019-nCoV	20420	A	G	227	127	24	1	1	20	0.00436681	229	0.875824	FALSE	NA	NA	NA	NA	NA	NA
2019-nCoV	20420	A	-T	227	127	24	7	0	20	0.0305677	229	0.094206	FALSE	NA	NA	NA	NA	NA	NA
2019-nCoV	20420	A	+T	227	127	24	7	0	20	0.0305677	229	0.094206	FALSE	NA	NA	NA	NA	NA	NA
2019-nCoV	20420	A	+AT	227	127	24	2	0	20	0.00873362	229	0.689968	FALSE	NA	NA	NA	NA	NA	NA
2019-nCoV	20420	A	+AGT	227	127	24	1	0	20	0.00436681	229	0.875824	FALSE	NA	NA	NA	NA	NA	NA
2019-nCoV	20421	T	C	126	26	23	1	0	23	0.00787402	127	0.747059	FALSE	NA	NA	NA	NA	NA	NA
2019-nCoV	20423	T	-TA	243	135	25	1	0	20	0.00411523	243	0.877307	FALSE	NA	NA	NA	NA	NA	NA
2019-nCoV	20424	T	C	147	130	24	1	1	23	0.00675676	148	0.752542	FALSE	NA	NA	NA	NA	NA	NA
2019-nCoV	20424	T	+C	147	130	24	1	0	20	0.00675676	148	0.752542	FALSE	NA	NA	NA	NA	NA	NA
2019-nCoV	20425	A	+T	233	131	24	1	0	20	0.00429185	233	0.877406	FALSE	NA	NA	NA	NA	NA	NA
2019-nCoV	20425	A	+C	233	131	24	3	0	20	0.0128755	233	0.508047	FALSE	NA	NA	NA	NA	NA	NA
2019-nCoV	20427	T	C	205	134	24	2	0	27	0.00966184	207	0.690232	FALSE	NA	NA	NA	NA	NA	NA
2019-nCoV	20427	T	-C	205	134	24	1	0	20	0.00483092	207	0.875912	FALSE	NA	NA	NA	NA	NA	NA
2019-nCoV	20427	T	+C	205	134	24	1	0	20	0.00483092	207	0.875912	FALSE	NA	NA	NA	NA	NA	NA
2019-nCoV	20429	C	+A	199	133	24	1	0	20	0.00502513	199	0.753136	FALSE	NA	NA	NA	NA	NA	NA
2019-nCoV	20431	A	+T	216	118	24	1	0	20	0.00462963	216	0.877594	FALSE	NA	NA	NA	NA	NA	NA
2019-nCoV	20432	T	-G	212	120	24	1	0	20	0.00471698	212	0.877643	FALSE	NA	NA	NA	NA	NA	NA
2019-nCoV	20432	T	+TG	212	120	24	1	0	20	0.00471698	212	0.877643	FALSE	NA	NA	NA	NA	NA	NA
2019-nCoV	20432	T	+G	212	120	24	2	0	20	0.00943396	212	0.693675	FALSE	NA	NA	NA	NA	NA	NA
2019-nCoV	20437	A	G	214	119	24	1	0	20	0.00465116	215	0.876746	FALSE	NA	NA	NA	NA	NA	NA
2019-nCoV	20437	A	-G	214	119	24	2	0	20	0.00930233	215	0.691866	FALSE	NA	NA	NA	NA	NA	NA
2019-nCoV	20437	A	+G	214	119	24	3	0	20	0.0139535	215	0.506556	FALSE	NA	NA	NA	NA	NA	NA
2019-nCoV	20438	G	A	207	115	24	1	1	20	0.00480769	208	0.875002	FALSE	NA	NA	NA	NA	NA	NA
2019-nCoV	20438	G	+T	207	115	24	1	0	20	0.0047619	210	0.875002	FALSE	NA	NA	NA	NA	NA	NA
2019-nCoV	20438	G	+A	207	115	24	1	0	20	0.0047619	210	0.875002	FALSE	NA	NA	NA	NA	NA	NA
2019-nCoV	20439	T	+A	205	114	24	1	0	20	0.00487805	205	0.877733	FALSE	NA	NA	NA	NA	NA	NA
2019-nCoV	20440	A	G	200	112	24	2	1	25	0.00990099	202	0.6903	FALSE	NA	NA	NA	NA	NA	NA
2019-nCoV	20443	G	-T	207	120	24	1	0	20	0.00483092	207	0.877706	FALSE	NA	NA	NA	NA	NA	NA
2019-nCoV	20443	G	+T	207	120	24	1	0	20	0.00483092	207	0.877706	FALSE	NA	NA	NA	NA	NA	NA
2019-nCoV	20443	G	+A	207	120	24	1	0	20	0.00483092	207	0.877706	FALSE	NA	NA	NA	NA	NA	NA
2019-nCoV	20444	T	-TA	168	80	23	1	0	20	0.00591716	169	0.752226	FALSE	NA	NA	NA	NA	NA	NA
2019-nCoV	20445	T	-A	145	117	23	51	0	20	0.351724	145	6.79797e-13	TRUE	NA	NA	NA	NA	NA	NA
2019-nCoV	20445	T	+TA	145	117	23	1	0	20	0.00689655	145	0.754301	FALSE	NA	NA	NA	NA	NA	NA
2019-nCoV	20446	A	T	61	0	23	3	3	23	0.046875	64	0.0891819	FALSE	NA	NA	NA	NA	NA	NA
2019-nCoV	20449	A	G	220	128	24	1	1	20	0.00452489	221	0.876699	FALSE	NA	NA	NA	NA	NA	NA
2019-nCoV	20453	A	-T	200	128	24	3	0	20	0.015	200	0.507014	FALSE	NA	NA	NA	NA	NA	NA
2019-nCoV	20453	A	+T	200	128	24	1	0	20	0.005	200	0.876868	FALSE	NA	NA	NA	NA	NA	NA
2019-nCoV	20454	T	C	107	33	23	1	0	28	0.00925926	108	0.748848	FALSE	NA	NA	NA	NA	NA	NA
2019-nCoV	20458	A	+T	91	60	24	3	0	20	0.032967	91	0.131238	FALSE	NA	NA	NA	NA	NA	NA
2019-nCoV	20459	T	+C	95	62	24	1	0	20	0.0105263	95	0.505263	FALSE	NA	NA	NA	NA	NA	NA
2019-nCoV	20459	T	+A	95	62	24	1	0	20	0.0105263	95	0.505263	FALSE	NA	NA	NA	NA	NA	NA
2019-nCoV	20461	A	G	78	61	24	3	2	27	0.037037	81	0.124985	FALSE	NA	NA	NA	NA	NA	NA
2019-nCoV	20461	A	+C	78	61	24	1	0	20	0.0123457	81	0.496855	FALSE	NA	NA	NA	NA	NA	NA
2019-nCoV	20464	G	+A	84	61	25	2	0	20	0.0238095	84	0.257467	FALSE	NA	NA	NA	NA	NA	NA
2019-nCoV	20466	T	C	82	61	25	1	0	28	0.0120482	83	0.50303	FALSE	NA	NA	NA	NA	NA	NA
2019-nCoV	20469	G	A	98	62	25	1	0	27	0.010101	99	0.502538	FALSE	NA	NA	NA	NA	NA	NA
2019-nCoV	20470	C	-A	88	59	24	4	0	20	0.0454545	88	0.067562	FALSE	NA	NA	NA	NA	NA	NA
2019-nCoV	20472	A	G	82	52	25	1	1	28	0.0120482	83	0.50303	FALSE	NA	NA	NA	NA	NA	NA
2019-nCoV	20474	C	+A	76	57	24	1	0	20	0.0131579	76	0.506579	FALSE	NA	NA	NA	NA	NA	NA
2019-nCoV	20478	T	C	55	37	22	1	0	24	0.0178571	56	0.504505	FALSE	NA	NA	NA	NA	NA	NA
2019-nCoV	20482	T	C	89	64	25	1	1	24	0.0111111	90	0.502793	FALSE	NA	NA	NA	NA	NA	NA
2019-nCoV	20483	C	T	83	61	26	1	1	34	0.0119048	84	0.502994	FALSE	NA	NA	NA	NA	NA	NA
2019-nCoV	20486	A	G	77	64	26	1	1	22	0.0128205	78	0.503226	FALSE	NA	NA	NA	NA	NA	NA
2019-nCoV	20486	A	-G	77	64	26	1	0	20	0.0128205	78	0.503226	FALSE	NA	NA	NA	NA	NA	NA
2019-nCoV	20488	T	+GA	96	66	26	1	0	20	0.0104167	96	0.505208	FALSE	NA	NA	NA	NA	NA	NA
2019-nCoV	20488	T	+G	96	66	26	1	0	20	0.0104167	96	0.505208	FALSE	NA	NA	NA	NA	NA	NA
2019-nCoV	20489	G	A	93	64	26	1	1	30	0.0106383	94	0.502674	FALSE	NA	NA	NA	NA	NA	NA
2019-nCoV	20491	G	C	97	67	25	1	0	22	0.0102041	98	0.502564	FALSE	NA	NA	NA	NA	NA	NA
2019-nCoV	20491	G	+GT	97	67	25	1	0	20	0.0102041	98	0.502564	FALSE	NA	NA	NA	NA	NA	NA
2019-nCoV	20494	T	C	98	62	24	1	1	32	0.010101	99	0.502538	FALSE	NA	NA	NA	NA	NA	NA
2019-nCoV	20495	G	-T	91	61	24	1	0	20	0.010989	91	0.505495	FALSE	NA	NA	NA	NA	NA	NA
2019-nCoV	20499	T	+A	148	95	25	1	0	20	0.00675676	148	0.754214	FALSE	NA	NA	NA	NA	NA	NA
2019-nCoV	20500	G	A	151	94	25	1	1	27	0.00657895	152	0.752475	FALSE	NA	NA	NA	NA	NA	NA
2019-nCoV	20500	G	+A	151	94	25	1	0	20	0.00657895	152	0.752475	FALSE	NA	NA	NA	NA	NA	NA
2019-nCoV	20501	T	C	134	77	24	1	0	24	0.00740741	135	0.752788	FALSE	NA	NA	NA	NA	NA	NA
2019-nCoV	20502	T	C	141	97	24	1	1	23	0.00704225	142	0.75265	FALSE	NA	NA	NA	NA	NA	NA
2019-nCoV	20503	A	+T	153	96	25	1	0	20	0.00653595	153	0.754077	FALSE	NA	NA	NA	NA	NA	NA
2019-nCoV	20507	A	-T	151	95	24	2	0	20	0.013245	151	0.50745	FALSE	NA	NA	NA	NA	NA	NA
2019-nCoV	20509	T	C	155	96	24	1	1	23	0.00641026	156	0.752412	FALSE	NA	NA	NA	NA	NA	NA
2019-nCoV	20511	A	+C	150	93	24	1	0	20	0.00666667	150	0.754158	FALSE	NA	NA	NA	NA	NA	NA
2019-nCoV	20513	T	+TA	131	97	24	1	0	20	0.00763359	131	0.75476	FALSE	NA	NA	NA	NA	NA	NA
2019-nCoV	20515	C	+T	156	97	24	2	0	20	0.0128205	156	0.507211	FALSE	NA	NA	NA	NA	NA	NA
2019-nCoV	20517	T	C	137	95	24	1	1	27	0.00724638	138	0.752727	FALSE	NA	NA	NA	NA	NA	NA
2019-nCoV	20518	G	A	152	93	25	1	1	20	0.00653595	153	0.752459	FALSE	NA	NA	NA	NA	NA	NA
2019-nCoV	20518	G	+A	152	93	25	1	0	20	0.00653595	153	0.752459	FALSE	NA	NA	NA	NA	NA	NA
2019-nCoV	20520	T	C	152	92	25	2	2	25	0.012987	154	0.502451	FALSE	NA	NA	NA	NA	NA	NA
2019-nCoV	20520	T	+G	152	92	25	1	0	20	0.00649351	154	0.75082	FALSE	NA	NA	NA	NA	NA	NA
2019-nCoV	20521	G	-AT	157	97	25	1	0	20	0.00636943	157	0.753973	FALSE	NA	NA	NA	NA	NA	NA
2019-nCoV	20521	G	-A	157	97	25	1	0	20	0.00636943	157	0.753973	FALSE	NA	NA	NA	NA	NA	NA
2019-nCoV	20522	A	-T	152	96	24	15	0	20	0.0974026	154	3.61037e-4	TRUE	NA	NA	NA	NA	NA	NA
2019-nCoV	20530	G	-A	151	94	23	8	0	20	0.0529801	151	0.0224537	FALSE	NA	NA	NA	NA	NA	NA
2019-nCoV	20531	A	G	74	19	23	1	0	22	0.0133333	75	0.487013	FALSE	NA	NA	NA	NA	NA	NA
2019-nCoV	20534	T	+A	150	93	23	1	0	20	0.00666667	150	0.754158	FALSE	NA	NA	NA	NA	NA	NA
2019-nCoV	20536	A	-TAAA	135	97	24	1	0	20	0.00740741	135	0.754619	FALSE	NA	NA	NA	NA	NA	NA
2019-nCoV	20536	A	+AT	135	97	24	1	0	20	0.00740741	135	0.754619	FALSE	NA	NA	NA	NA	NA	NA
2019-nCoV	20537	T	-A	147	88	23	15	0	20	0.101351	148	3.82318e-4	TRUE	NA	NA	NA	NA	NA	NA
2019-nCoV	20538	A	G	59	4	23	1	1	23	0.0166667	60	0.47619	FALSE	NA	NA	NA	NA	NA	NA
2019-nCoV	20541	A	G	93	89	23	1	0	23	0.0106383	94	0.502674	FALSE	NA	NA	NA	NA	NA	NA
2019-nCoV	20542	T	C	146	90	23	1	0	27	0.00680272	147	0.75256	FALSE	NA	NA	NA	NA	NA	NA
2019-nCoV	20542	T	-C	146	90	23	1	0	20	0.00680272	147	0.75256	FALSE	NA	NA	NA	NA	NA	NA
2019-nCoV	20542	T	+C	146	90	23	1	0	20	0.00680272	147	0.75256	FALSE	NA	NA	NA	NA	NA	NA
2019-nCoV	20545	C	T	111	99	24	1	0	22	0.00892857	112	0.753363	FALSE	NA	NA	NA	NA	NA	NA
2019-nCoV	20545	C	+A	111	99	24	1	0	20	0.00892857	112	0.753363	FALSE	NA	NA	NA	NA	NA	NA
2019-nCoV	20547	A	+T	126	95	24	2	0	20	0.015873	126	0.508928	FALSE	NA	NA	NA	NA	NA	NA
2019-nCoV	20549	A	-T	152	98	24	2	0	20	0.0131579	152	0.507401	FALSE	NA	NA	NA	NA	NA	NA
2019-nCoV	20549	A	+T	152	98	24	2	0	20	0.0131579	152	0.507401	FALSE	NA	NA	NA	NA	NA	NA
2019-nCoV	20554	T	A	152	93	24	1	1	25	0.00653595	153	0.752459	FALSE	NA	NA	NA	NA	NA	NA
2019-nCoV	20554	T	+A	152	93	24	1	0	20	0.00653595	153	0.752459	FALSE	NA	NA	NA	NA	NA	NA
2019-nCoV	20555	C	A	151	93	25	1	1	20	0.00657895	152	0.752475	FALSE	NA	NA	NA	NA	NA	NA
2019-nCoV	20555	C	+CT	151	93	25	1	0	20	0.00657895	152	0.752475	FALSE	NA	NA	NA	NA	NA	NA
2019-nCoV	20558	T	A	143	85	25	1	0	25	0.00694444	144	0.752613	FALSE	NA	NA	NA	NA	NA	NA
2019-nCoV	20558	T	+A	143	85	25	2	0	20	0.0138889	144	0.505226	FALSE	NA	NA	NA	NA	NA	NA
2019-nCoV	20560	G	-T	136	82	24	3	0	20	0.0220588	136	0.322188	FALSE	NA	NA	NA	NA	NA	NA
2019-nCoV	20560	G	+T	136	82	24	6	0	20	0.0441176	136	0.0686915	FALSE	NA	NA	NA	NA	NA	NA
2019-nCoV	20562	T	C	158	101	25	1	0	28	0.00628931	159	0.752366	FALSE	NA	NA	NA	NA	NA	NA
2019-nCoV	20564	C	+T	155	98	24	1	0	20	0.00645161	155	0.754024	FALSE	NA	NA	NA	NA	NA	NA
2019-nCoV	20565	T	+G	153	93	25	1	0	20	0.00653595	153	0.754077	FALSE	NA	NA	NA	NA	NA	NA
2019-nCoV	20565	T	+A	153	93	25	1	0	20	0.00653595	153	0.754077	FALSE	NA	NA	NA	NA	NA	NA
2019-nCoV	20567	A	-G	127	94	24	1	0	20	0.00787402	127	0.75491	FALSE	NA	NA	NA	NA	NA	NA
2019-nCoV	20571	T	+A	125	92	23	1	0	20	0.008	125	0.754988	FALSE	NA	NA	NA	NA	NA	NA
2019-nCoV	20573	T	C	149	96	24	1	0	20	0.00666667	150	0.752508	FALSE	NA	NA	NA	NA	NA	NA
2019-nCoV	20574	C	-A	143	91	24	1	0	20	0.00699301	143	0.754361	FALSE	NA	NA	NA	NA	NA	NA
2019-nCoV	20574	C	+A	143	91	24	5	0	20	0.034965	143	0.11687	FALSE	NA	NA	NA	NA	NA	NA
2019-nCoV	20575	A	G	89	29	23	1	1	28	0.0111111	90	0.5	FALSE	NA	NA	NA	NA	NA	NA
2019-nCoV	20577	A	G	116	99	24	1	1	24	0.00854701	117	0.753219	FALSE	NA	NA	NA	NA	NA	NA
2019-nCoV	20577	A	+AC	116	99	24	1	0	20	0.00854701	117	0.753219	FALSE	NA	NA	NA	NA	NA	NA
2019-nCoV	20578	G	+T	151	92	24	1	0	20	0.00662252	151	0.754131	FALSE	NA	NA	NA	NA	NA	NA
2019-nCoV	20578	G	+C	151	92	24	1	0	20	0.00662252	151	0.754131	FALSE	NA	NA	NA	NA	NA	NA
2019-nCoV	20583	T	+G	146	90	25	1	0	20	0.00684932	146	0.754272	FALSE	NA	NA	NA	NA	NA	NA
2019-nCoV	20585	T	C	123	66	23	1	0	27	0.00806452	124	0.753036	FALSE	NA	NA	NA	NA	NA	NA
2019-nCoV	20587	G	+T	156	100	25	1	0	20	0.00641026	156	0.753999	FALSE	NA	NA	NA	NA	NA	NA
2019-nCoV	20587	G	+A	156	100	25	1	0	20	0.00641026	156	0.753999	FALSE	NA	NA	NA	NA	NA	NA
2019-nCoV	20588	A	G	150	101	25	1	0	20	0.00662252	151	0.752492	FALSE	NA	NA	NA	NA	NA	NA
2019-nCoV	20589	C	+T	151	102	25	1	0	20	0.00662252	151	0.754131	FALSE	NA	NA	NA	NA	NA	NA
2019-nCoV	20590	T	C	151	101	25	2	2	28	0.0130719	153	0.502467	FALSE	NA	NA	NA	NA	NA	NA
2019-nCoV	20592	T	C	152	97	25	1	1	27	0.00653595	153	0.752459	FALSE	NA	NA	NA	NA	NA	NA
2019-nCoV	20594	C	+A	155	103	25	1	0	20	0.00645161	155	0.754024	FALSE	NA	NA	NA	NA	NA	NA
2019-nCoV	20595	A	G	153	102	24	1	0	27	0.00649351	154	0.752443	FALSE	NA	NA	NA	NA	NA	NA
2019-nCoV	20596	G	-A	158	103	24	1	0	20	0.00632911	158	0.753948	FALSE	NA	NA	NA	NA	NA	NA
2019-nCoV	20596	G	+A	158	103	24	5	0	20	0.0316456	158	0.116149	FALSE	NA	NA	NA	NA	NA	NA
2019-nCoV	20603	C	+T	153	96	24	1	0	20	0.00653595	153	0.754077	FALSE	NA	NA	NA	NA	NA	NA
2019-nCoV	20604	A	-T	149	94	24	1	0	20	0.00671141	149	0.754186	FALSE	NA	NA	NA	NA	NA	NA
2019-nCoV	20604	A	+T	149	94	24	1	0	20	0.00671141	149	0.754186	FALSE	NA	NA	NA	NA	NA	NA
2019-nCoV	20611	C	-T	50	31	23	5	0	20	0.1	50	0.037828	FALSE	NA	NA	NA	NA	NA	NA
2019-nCoV	20618	G	A	52	29	24	1	1	24	0.0188679	53	0.504762	FALSE	NA	NA	NA	NA	NA	NA
2019-nCoV	20619	T	-A	47	29	23	1	0	20	0.0212766	47	0.510638	FALSE	NA	NA	NA	NA	NA	NA
2019-nCoV	20635	G	-A	53	34	23	1	0	20	0.0188679	53	0.509434	FALSE	NA	NA	NA	NA	NA	NA
2019-nCoV	20635	G	+A	53	34	23	1	0	20	0.0188679	53	0.509434	FALSE	NA	NA	NA	NA	NA	NA
2019-nCoV	20640	A	-T	54	35	23	1	0	20	0.0185185	54	0.509259	FALSE	NA	NA	NA	NA	NA	NA
2019-nCoV	20645	A	+C	53	35	23	1	0	20	0.0188679	53	0.509434	FALSE	NA	NA	NA	NA	NA	NA
2019-nCoV	20647	C	-CA	56	36	25	1	0	20	0.0178571	56	0.508929	FALSE	NA	NA	NA	NA	NA	NA
2019-nCoV	20648	C	+T	43	35	22	1	0	20	0.0232558	43	0.511628	FALSE	NA	NA	NA	NA	NA	NA
2019-nCoV	20648	C	+A	43	35	22	1	0	20	0.0232558	43	0.511628	FALSE	NA	NA	NA	NA	NA	NA
2019-nCoV	20652	A	+AT	50	47	22	1	0	20	0.02	50	0.51	FALSE	NA	NA	NA	NA	NA	NA
2019-nCoV	20654	T	C	63	44	23	1	1	25	0.015625	64	0.503937	FALSE	NA	NA	NA	NA	NA	NA
2019-nCoV	20658	A	-T	77	49	24	1	0	20	0.012987	77	0.506494	FALSE	NA	NA	NA	NA	NA	NA
2019-nCoV	20659	T	C	84	45	24	1	0	28	0.0117647	85	0.5	FALSE	NA	NA	NA	NA	NA	NA
2019-nCoV	20662	A	+T	80	37	25	1	0	20	0.0125	80	0.50625	FALSE	NA	NA	NA	NA	NA	NA
2019-nCoV	20664	T	C	80	41	25	1	0	28	0.0123457	81	0.5	FALSE	NA	NA	NA	NA	NA	NA
2019-nCoV	20665	C	T	78	40	25	1	0	22	0.0126582	79	0.503185	FALSE	NA	NA	NA	NA	NA	NA
2019-nCoV	20666	A	G	66	26	24	1	1	20	0.0149254	67	0.503759	FALSE	NA	NA	NA	NA	NA	NA
2019-nCoV	20667	A	G	76	41	24	1	0	26	0.012987	77	0.503268	FALSE	NA	NA	NA	NA	NA	NA
2019-nCoV	20678	C	+G	67	39	23	2	0	20	0.0298507	67	0.25937	FALSE	NA	NA	NA	NA	NA	NA
2019-nCoV	20679	G	A	46	7	24	1	1	27	0.0212766	47	0.505376	FALSE	NA	NA	NA	NA	NA	NA
2019-nCoV	20690	T	+C	30	10	25	1	0	20	0.0333333	30	0.516667	FALSE	NA	NA	NA	NA	NA	NA
2019-nCoV	20698	C	T	34	13	24	1	1	20	0.0285714	35	0.507246	FALSE	NA	NA	NA	NA	NA	NA
2019-nCoV	20698	C	+T	34	13	24	1	0	20	0.0285714	35	0.507246	FALSE	NA	NA	NA	NA	NA	NA
2019-nCoV	20699	T	C	27	7	24	1	0	21	0.0357143	28	0.509091	FALSE	NA	NA	NA	NA	NA	NA
2019-nCoV	20702	A	+GT	33	13	24	1	0	20	0.030303	33	0.515152	FALSE	NA	NA	NA	NA	NA	NA
2019-nCoV	20703	C	-A	32	13	23	2	0	20	0.0625	32	0.269712	FALSE	NA	NA	NA	NA	NA	NA
2019-nCoV	20706	A	G	32	13	25	1	1	28	0.030303	33	0.507692	FALSE	NA	NA	NA	NA	NA	NA
2019-nCoV	20710	C	-A	27	12	24	1	0	20	0.037037	27	0.518519	FALSE	NA	NA	NA	NA	NA	NA
2019-nCoV	20714	G	+A	26	13	24	3	0	20	0.115385	26	0.147315	FALSE	NA	NA	NA	NA	NA	NA
2019-nCoV	20719	C	T	32	15	24	1	0	26	0.030303	33	0.507692	FALSE	NA	NA	NA	NA	NA	NA
2019-nCoV	20721	A	-T	29	13	24	1	0	20	0.0344828	29	0.517241	FALSE	NA	NA	NA	NA	NA	NA
2019-nCoV	20725	G	-A	25	8	24	1	0	20	0.04	25	0.52	FALSE	NA	NA	NA	NA	NA	NA
2019-nCoV	20740	C	+A	23	11	23	1	0	20	0.0434783	23	0.521739	FALSE	NA	NA	NA	NA	NA	NA
2019-nCoV	20742	A	G	27	12	24	1	0	24	0.0357143	28	0.509091	FALSE	NA	NA	NA	NA	NA	NA
2019-nCoV	20744	A	G	11	9	24	1	1	23	0.0833333	12	0.521739	FALSE	NA	NA	NA	NA	NA	NA
2019-nCoV	20751	T	+A	29	16	24	1	0	20	0.0344828	29	0.517241	FALSE	NA	NA	NA	NA	NA	NA
2019-nCoV	20759	C	+A	29	16	24	1	0	20	0.0344828	29	0.517241	FALSE	NA	NA	NA	NA	NA	NA
2019-nCoV	20761	A	G	29	15	23	1	1	28	0.0333333	30	0.508475	FALSE	NA	NA	NA	NA	NA	NA
2019-nCoV	20769	T	-A	50	19	24	1	0	20	0.02	50	0.51	FALSE	NA	NA	NA	NA	NA	NA
2019-nCoV	20769	T	+A	50	19	24	2	0	20	0.04	50	0.262574	FALSE	NA	NA	NA	NA	NA	NA
2019-nCoV	20784	G	T	48	23	24	1	1	26	0.0204082	49	0.505155	FALSE	NA	NA	NA	NA	NA	NA
2019-nCoV	20784	G	+GA	48	23	24	1	0	20	0.0204082	49	0.505155	FALSE	NA	NA	NA	NA	NA	NA
2019-nCoV	20789	T	A	44	22	24	1	1	24	0.0222222	45	0.505618	FALSE	NA	NA	NA	NA	NA	NA
2019-nCoV	20792	C	-A	40	17	23	3	0	20	0.075	40	0.139352	FALSE	NA	NA	NA	NA	NA	NA
2019-nCoV	20798	A	G	53	28	24	1	0	24	0.0185185	54	0.504673	FALSE	NA	NA	NA	NA	NA	NA
2019-nCoV	20800	A	T	56	31	24	1	1	21	0.0175439	57	0.504425	FALSE	NA	NA	NA	NA	NA	NA
2019-nCoV	20801	C	+A	57	33	24	1	0	20	0.0175439	57	0.508772	FALSE	NA	NA	NA	NA	NA	NA
2019-nCoV	20804	A	G	52	22	23	1	0	26	0.0188679	53	0.504762	FALSE	NA	NA	NA	NA	NA	NA
2019-nCoV	20807	T	+G	63	35	24	1	0	20	0.015873	63	0.507937	FALSE	NA	NA	NA	NA	NA	NA
2019-nCoV	20814	A	+T	50	34	23	1	0	20	0.02	50	0.51	FALSE	NA	NA	NA	NA	NA	NA
2019-nCoV	20816	A	-T	60	35	23	1	0	20	0.0166667	60	0.508333	FALSE	NA	NA	NA	NA	NA	NA
2019-nCoV	20816	A	+T	60	35	23	3	0	20	0.05	60	0.134504	FALSE	NA	NA	NA	NA	NA	NA
2019-nCoV	20819	T	C	43	34	23	1	1	27	0.0227273	44	0.505747	FALSE	NA	NA	NA	NA	NA	NA
2019-nCoV	20822	A	G	38	30	23	1	1	21	0.025641	39	0.506494	FALSE	NA	NA	NA	NA	NA	NA
2019-nCoV	20825	C	+A	61	38	24	1	0	20	0.0163934	61	0.508197	FALSE	NA	NA	NA	NA	NA	NA
2019-nCoV	20837	C	-T	65	37	24	2	0	20	0.0307692	65	0.259659	FALSE	NA	NA	NA	NA	NA	NA
2019-nCoV	20838	T	+A	66	38	24	1	0	20	0.0147059	68	0.5	FALSE	NA	NA	NA	NA	NA	NA
2019-nCoV	20839	G	A	69	42	24	1	0	27	0.0142857	70	0.503597	FALSE	NA	NA	NA	NA	NA	NA
2019-nCoV	20847	T	-A	63	36	24	2	0	20	0.031746	63	0.259968	FALSE	NA	NA	NA	NA	NA	NA
2019-nCoV	20849	A	+G	56	39	23	1	0	20	0.0178571	56	0.508929	FALSE	NA	NA	NA	NA	NA	NA
2019-nCoV	20851	A	+T	68	42	24	1	0	20	0.0147059	68	0.507353	FALSE	NA	NA	NA	NA	NA	NA
2019-nCoV	20857	G	+T	63	42	25	1	0	20	0.015873	63	0.507937	FALSE	NA	NA	NA	NA	NA	NA
2019-nCoV	20859	T	+G	55	45	24	1	0	20	0.0181818	55	0.509091	FALSE	NA	NA	NA	NA	NA	NA
2019-nCoV	20861	T	C	61	45	25	1	1	27	0.016129	62	0.504065	FALSE	NA	NA	NA	NA	NA	NA
2019-nCoV	20864	A	+T	60	44	23	3	0	20	0.05	60	0.134504	FALSE	NA	NA	NA	NA	NA	NA
2019-nCoV	20870	G	+T	54	47	25	1	0	20	0.0185185	54	0.509259	FALSE	NA	NA	NA	NA	NA	NA
2019-nCoV	20884	A	G	8	3	22	1	1	24	0.111111	9	0.529412	FALSE	NA	NA	NA	NA	NA	NA
2019-nCoV	20897	C	T	12	8	24	1	1	26	0.0769231	13	0.52	FALSE	NA	NA	NA	NA	NA	NA
2019-nCoV	20918	A	-G	117	45	25	1	0	20	0.00854701	117	0.755328	FALSE	NA	NA	NA	NA	NA	NA
2019-nCoV	20928	T	-A	105	41	24	1	0	20	0.00952381	105	0.755935	FALSE	NA	NA	NA	NA	NA	NA
2019-nCoV	20929	A	G	106	40	24	1	1	32	0.00934579	107	0.5	FALSE	NA	NA	NA	NA	NA	NA
2019-nCoV	20930	C	-G	108	42	24	4	0	20	0.037037	108	0.199213	FALSE	NA	NA	NA	NA	NA	NA
2019-nCoV	20930	C	+G	108	42	24	3	0	20	0.0277778	108	0.324712	FALSE	NA	NA	NA	NA	NA	NA
2019-nCoV	20933	G	+C	74	44	24	1	0	20	0.0135135	74	0.506757	FALSE	NA	NA	NA	NA	NA	NA
2019-nCoV	20935	A	+C	111	42	25	1	0	20	0.00900901	111	0.755615	FALSE	NA	NA	NA	NA	NA	NA
2019-nCoV	20937	G	+C	114	44	25	1	0	20	0.00877193	114	0.755468	FALSE	NA	NA	NA	NA	NA	NA
2019-nCoV	20938	C	+T	115	45	25	1	0	20	0.00869565	115	0.755421	FALSE	NA	NA	NA	NA	NA	NA
2019-nCoV	20939	T	C	112	44	25	1	0	20	0.00884956	113	0.753333	FALSE	NA	NA	NA	NA	NA	NA
2019-nCoV	20941	C	+T	112	45	25	1	0	20	0.00892857	112	0.755565	FALSE	NA	NA	NA	NA	NA	NA
2019-nCoV	20943	T	C	85	41	24	1	1	28	0.0114943	87	0.5	FALSE	NA	NA	NA	NA	NA	NA
2019-nCoV	20943	T	A	85	41	24	1	1	28	0.0114943	87	0.5	FALSE	NA	NA	NA	NA	NA	NA
2019-nCoV	20943	T	+G	85	41	24	1	0	20	0.0114943	87	0.5	FALSE	NA	NA	NA	NA	NA	NA
2019-nCoV	20946	C	T	111	44	26	3	1	23	0.0263158	114	0.314156	FALSE	NA	NA	NA	NA	NA	NA
2019-nCoV	20948	A	T	111	42	25	1	0	24	0.00892857	112	0.753363	FALSE	NA	NA	NA	NA	NA	NA
2019-nCoV	20948	A	-T	111	42	25	1	0	20	0.00892857	112	0.753363	FALSE	NA	NA	NA	NA	NA	NA
2019-nCoV	20949	T	C	111	41	24	1	0	20	0.00892857	112	0.753363	FALSE	NA	NA	NA	NA	NA	NA
2019-nCoV	20952	A	+T	115	47	26	1	0	20	0.00869565	115	0.755421	FALSE	NA	NA	NA	NA	NA	NA
2019-nCoV	20955	T	C	111	46	25	1	0	24	0.00892857	112	0.753363	FALSE	NA	NA	NA	NA	NA	NA
2019-nCoV	20956	C	+T	109	45	25	1	0	20	0.00917431	109	0.755718	FALSE	NA	NA	NA	NA	NA	NA
2019-nCoV	20958	T	-A	93	45	24	1	0	20	0.0107527	93	0.505376	FALSE	NA	NA	NA	NA	NA	NA
2019-nCoV	20961	T	C	107	46	25	1	1	27	0.00925926	108	0.753488	FALSE	NA	NA	NA	NA	NA	NA
2019-nCoV	20963	A	G	106	47	25	3	1	24	0.0275229	109	0.314232	FALSE	NA	NA	NA	NA	NA	NA
2019-nCoV	20963	A	-C	106	47	25	1	0	20	0.00917431	109	0.748837	FALSE	NA	NA	NA	NA	NA	NA
2019-nCoV	20964	C	-T	108	47	24	1	0	20	0.00917431	109	0.753456	FALSE	NA	NA	NA	NA	NA	NA
2019-nCoV	20964	C	+T	108	47	24	8	0	20	0.0733945	109	0.0229292	FALSE	NA	NA	NA	NA	NA	NA
2019-nCoV	20967	T	C	68	46	23	2	2	23	0.0285714	70	0.251799	FALSE	NA	NA	NA	NA	NA	NA
2019-nCoV	20971	T	+C	112	47	25	1	0	20	0.00892857	112	0.755565	FALSE	NA	NA	NA	NA	NA	NA
2019-nCoV	20973	T	+GA	115	49	25	1	0	20	0.00869565	115	0.755421	FALSE	NA	NA	NA	NA	NA	NA
2019-nCoV	20973	T	+C	115	49	25	1	0	20	0.00869565	115	0.755421	FALSE	NA	NA	NA	NA	NA	NA
2019-nCoV	20975	A	G	108	45	25	1	1	30	0.00917431	109	0.502304	FALSE	NA	NA	NA	NA	NA	NA
2019-nCoV	20975	A	+T	108	45	25	1	0	20	0.00917431	109	0.753456	FALSE	NA	NA	NA	NA	NA	NA
2019-nCoV	20976	T	+C	112	48	25	1	0	20	0.00892857	112	0.755565	FALSE	NA	NA	NA	NA	NA	NA
2019-nCoV	20981	A	G	110	49	25	1	0	24	0.00900901	111	0.753394	FALSE	NA	NA	NA	NA	NA	NA
2019-nCoV	20982	T	C	94	31	24	1	1	27	0.0105263	95	0.502646	FALSE	NA	NA	NA	NA	NA	NA
2019-nCoV	20984	C	-A	106	47	25	1	0	20	0.00943396	106	0.755879	FALSE	NA	NA	NA	NA	NA	NA
2019-nCoV	20987	C	+T	92	37	25	1	0	20	0.0108696	92	0.505435	FALSE	NA	NA	NA	NA	NA	NA
2019-nCoV	20989	T	C	99	37	26	1	1	26	0.01	100	0.751256	FALSE	NA	NA	NA	NA	NA	NA
2019-nCoV	20991	G	-A	93	37	25	1	0	20	0.0107527	93	0.505376	FALSE	NA	NA	NA	NA	NA	NA
2019-nCoV	20992	A	G	90	36	25	2	2	26	0.0217391	92	0.248634	FALSE	NA	NA	NA	NA	NA	NA
2019-nCoV	20996	G	+A	92	41	24	1	0	20	0.0108696	92	0.505435	FALSE	NA	NA	NA	NA	NA	NA
2019-nCoV	20999	A	+T	98	39	26	2	0	20	0.0204082	98	0.256397	FALSE	NA	NA	NA	NA	NA	NA
2019-nCoV	21004	G	A	97	41	25	1	0	28	0.0102041	98	0.502564	FALSE	NA	NA	NA	NA	NA	NA
2019-nCoV	21005	C	+A	93	39	25	3	0	20	0.0322581	93	0.131102	FALSE	NA	NA	NA	NA	NA	NA
2019-nCoV	21006	A	G	81	25	23	1	1	22	0.0121951	82	0.503067	FALSE	NA	NA	NA	NA	NA	NA
2019-nCoV	21007	A	G	74	40	24	1	0	27	0.0133333	75	0.503356	FALSE	NA	NA	NA	NA	NA	NA
2019-nCoV	21009	T	C	93	40	25	1	0	21	0.0106383	94	0.502674	FALSE	NA	NA	NA	NA	NA	NA
2019-nCoV	21014	A	G	92	35	25	1	1	28	0.0107527	93	0.502703	FALSE	NA	NA	NA	NA	NA	NA
2019-nCoV	21018	A	G	93	34	24	1	0	28	0.0106383	94	0.502674	FALSE	NA	NA	NA	NA	NA	NA
2019-nCoV	21020	C	T	80	26	24	1	0	21	0.0123457	81	0.503106	FALSE	NA	NA	NA	NA	NA	NA
2019-nCoV	21020	C	+A	80	26	24	1	0	20	0.0123457	81	0.503106	FALSE	NA	NA	NA	NA	NA	NA
2019-nCoV	21021	T	A	80	25	24	1	0	24	0.0123457	81	0.503106	FALSE	NA	NA	NA	NA	NA	NA
2019-nCoV	21021	T	+TA	80	25	24	1	0	20	0.0123457	81	0.503106	FALSE	NA	NA	NA	NA	NA	NA
2019-nCoV	21021	T	+A	80	25	24	1	0	20	0.0123457	81	0.503106	FALSE	NA	NA	NA	NA	NA	NA
2019-nCoV	21024	T	-A	75	17	23	3	0	20	0.04	75	0.132583	FALSE	NA	NA	NA	NA	NA	NA
2019-nCoV	21024	T	+A	75	17	23	4	0	20	0.0533333	75	0.0684578	FALSE	NA	NA	NA	NA	NA	NA
2019-nCoV	21027	A	+G	41	21	22	2	0	20	0.0487805	41	0.265354	FALSE	NA	NA	NA	NA	NA	NA
2019-nCoV	21028	T	-G	76	17	23	1	0	20	0.0131579	76	0.506579	FALSE	NA	NA	NA	NA	NA	NA
2019-nCoV	21028	T	+G	76	17	23	4	0	20	0.0526316	76	0.0683778	FALSE	NA	NA	NA	NA	NA	NA
2019-nCoV	21034	C	+T	104	40	24	1	0	20	0.00961538	104	0.755992	FALSE	NA	NA	NA	NA	NA	NA
2019-nCoV	21037	A	-T	96	41	24	2	0	20	0.0208333	96	0.256531	FALSE	NA	NA	NA	NA	NA	NA
2019-nCoV	21038	T	C	73	22	23	1	0	23	0.0135135	74	0.496644	FALSE	NA	NA	NA	NA	NA	NA
2019-nCoV	21038	T	-TA	73	22	23	1	0	20	0.0131579	76	0.496644	FALSE	NA	NA	NA	NA	NA	NA
2019-nCoV	21039	T	+G	76	49	23	1	0	20	0.012987	77	0.503268	FALSE	NA	NA	NA	NA	NA	NA
2019-nCoV	21039	T	+A	76	49	23	1	0	20	0.012987	77	0.503268	FALSE	NA	NA	NA	NA	NA	NA
2019-nCoV	21040	A	+T	97	44	24	1	0	20	0.0102041	98	0.502564	FALSE	NA	NA	NA	NA	NA	NA
2019-nCoV	21041	T	A	79	22	24	1	0	20	0.0125	80	0.503145	FALSE	NA	NA	NA	NA	NA	NA
2019-nCoV	21042	T	C	83	44	23	1	0	26	0.0117647	85	0.5	FALSE	NA	NA	NA	NA	NA	NA
2019-nCoV	21042	T	A	83	44	23	1	0	26	0.0117647	85	0.5	FALSE	NA	NA	NA	NA	NA	NA
2019-nCoV	21043	A	G	99	42	24	1	1	22	0.01	100	0.751256	FALSE	NA	NA	NA	NA	NA	NA
2019-nCoV	21043	A	-G	99	42	24	1	0	20	0.01	100	0.751256	FALSE	NA	NA	NA	NA	NA	NA
2019-nCoV	21044	G	+T	101	40	25	1	0	20	0.00970874	103	0.751232	FALSE	NA	NA	NA	NA	NA	NA
2019-nCoV	21050	T	+G	113	46	25	1	0	20	0.00884956	113	0.755516	FALSE	NA	NA	NA	NA	NA	NA
2019-nCoV	21052	T	+G	104	39	25	1	0	20	0.00961538	104	0.755992	FALSE	NA	NA	NA	NA	NA	NA
2019-nCoV	21053	A	+GAC	104	39	25	1	0	20	0.00961538	104	0.755992	FALSE	NA	NA	NA	NA	NA	NA
2019-nCoV	21053	A	+CT	104	39	25	1	0	20	0.00961538	104	0.755992	FALSE	NA	NA	NA	NA	NA	NA
2019-nCoV	21056	A	G	100	36	24	1	1	22	0.00990099	101	0.753731	FALSE	NA	NA	NA	NA	NA	NA
2019-nCoV	21056	A	-C	100	36	24	2	0	20	0.019802	101	0.507463	FALSE	NA	NA	NA	NA	NA	NA
2019-nCoV	21056	A	+C	100	36	24	4	0	20	0.039604	101	0.196897	FALSE	NA	NA	NA	NA	NA	NA
2019-nCoV	21057	C	A	71	7	25	1	0	20	0.0138889	72	0.5	FALSE	NA	NA	NA	NA	NA	NA
2019-nCoV	21060	T	+A	96	33	24	2	0	20	0.0208333	96	0.256531	FALSE	NA	NA	NA	NA	NA	NA
2019-nCoV	21062	A	G	91	44	23	1	0	27	0.0108696	92	0.502732	FALSE	NA	NA	NA	NA	NA	NA
2019-nCoV	21063	G	+A	96	34	24	5	0	20	0.0520833	96	0.0345942	FALSE	NA	NA	NA	NA	NA	NA
2019-nCoV	21066	T	-A	95	35	24	12	0	20	0.126316	95	3.81616e-4	TRUE	NA	NA	NA	NA	NA	NA
2019-nCoV	21066	T	+A	95	35	24	3	0	20	0.0315789	95	0.130973	FALSE	NA	NA	NA	NA	NA	NA
2019-nCoV	21071	A	T	35	34	23	2	1	21	0.0540541	37	0.253425	FALSE	NA	NA	NA	NA	NA	NA
2019-nCoV	21072	T	G	91	33	23	1	1	22	0.0108696	92	0.502732	FALSE	NA	NA	NA	NA	NA	NA
2019-nCoV	21073	G	T	103	41	24	1	1	21	0.00961538	104	0.753623	FALSE	NA	NA	NA	NA	NA	NA
2019-nCoV	21074	T	C	84	21	24	1	1	23	0.0116279	86	0.5	FALSE	NA	NA	NA	NA	NA	NA
2019-nCoV	21074	T	A	84	21	24	1	1	22	0.0116279	86	0.5	FALSE	NA	NA	NA	NA	NA	NA
2019-nCoV	21075	T	A	78	35	22	1	1	21	0.0126582	79	0.503185	FALSE	NA	NA	NA	NA	NA	NA
2019-nCoV	21075	T	+A	78	35	22	12	0	20	0.151899	79	3.88026e-4	TRUE	NA	NA	NA	NA	NA	NA
2019-nCoV	21077	C	A	101	37	24	1	1	23	0.00980392	102	0.753695	FALSE	NA	NA	NA	NA	NA	NA
2019-nCoV	21077	C	-A	101	37	24	1	0	20	0.00980392	102	0.753695	FALSE	NA	NA	NA	NA	NA	NA
2019-nCoV	21077	C	+A	101	37	24	3	0	20	0.0294118	102	0.321759	FALSE	NA	NA	NA	NA	NA	NA
2019-nCoV	21078	A	C	70	6	24	1	1	22	0.0140845	71	0.503546	FALSE	NA	NA	NA	NA	NA	NA
2019-nCoV	21081	A	G	55	53	24	1	1	21	0.0178571	56	0.504505	FALSE	NA	NA	NA	NA	NA	NA
2019-nCoV	21082	G	-A	108	48	23	3	0	20	0.0277778	108	0.324712	FALSE	NA	NA	NA	NA	NA	NA
2019-nCoV	21082	G	+A	108	48	23	4	0	20	0.037037	108	0.199213	FALSE	NA	NA	NA	NA	NA	NA
2019-nCoV	21083	A	G	70	10	23	1	0	23	0.0140845	71	0.5	FALSE	NA	NA	NA	NA	NA	NA
2019-nCoV	21085	A	G	112	54	25	2	0	26	0.0175439	114	0.503319	FALSE	NA	NA	NA	NA	NA	NA
2019-nCoV	21086	A	T	59	52	24	1	1	22	0.0166667	60	0.504202	FALSE	NA	NA	NA	NA	NA	NA
2019-nCoV	21086	A	+C	59	52	24	1	0	20	0.0166667	60	0.504202	FALSE	NA	NA	NA	NA	NA	NA
2019-nCoV	21087	T	+G	119	59	24	1	0	20	0.00840336	119	0.755239	FALSE	NA	NA	NA	NA	NA	NA
2019-nCoV	21089	A	G	122	59	25	2	2	21	0.016129	124	0.503049	FALSE	NA	NA	NA	NA	NA	NA
2019-nCoV	21090	C	+G	123	59	25	1	0	20	0.00813008	123	0.755069	FALSE	NA	NA	NA	NA	NA	NA
2019-nCoV	21091	T	C	131	66	25	1	1	22	0.00757576	132	0.752852	FALSE	NA	NA	NA	NA	NA	NA
2019-nCoV	21093	T	-A	125	60	24	2	0	20	0.016	125	0.509	FALSE	NA	NA	NA	NA	NA	NA
2019-nCoV	21093	T	+G	125	60	24	2	0	20	0.016	125	0.509	FALSE	NA	NA	NA	NA	NA	NA
2019-nCoV	21098	A	T	123	61	24	1	0	20	0.00806452	124	0.753036	FALSE	NA	NA	NA	NA	NA	NA
2019-nCoV	21099	G	A	69	8	24	1	0	22	0.0142857	70	0.503597	FALSE	NA	NA	NA	NA	NA	NA
2019-nCoV	21101	G	-TT	72	65	23	6	0	20	0.0833333	72	0.018714	FALSE	NA	NA	NA	NA	NA	NA
2019-nCoV	21101	G	-T	72	65	23	39	0	20	0.541667	72	1.67678e-10	TRUE	NA	NA	NA	NA	NA	NA
2019-nCoV	21102	T	G	34	0	23	1	1	20	0.0285714	35	0.364583	FALSE	NA	NA	NA	NA	NA	NA
2019-nCoV	21103	T	C	77	16	23	1	1	23	0.0128205	78	0.5	FALSE	NA	NA	NA	NA	NA	NA
2019-nCoV	21105	T	C	118	57	24	2	1	22	0.0166667	120	0.503151	FALSE	NA	NA	NA	NA	NA	NA
2019-nCoV	21107	T	C	54	54	24	1	0	22	0.0181818	55	0.504587	FALSE	NA	NA	NA	NA	NA	NA
2019-nCoV	21110	C	+G	120	62	24	3	0	20	0.025	120	0.323486	FALSE	NA	NA	NA	NA	NA	NA
2019-nCoV	21118	T	G	92	62	23	1	0	27	0.0107527	93	0.502703	FALSE	NA	NA	NA	NA	NA	NA
2019-nCoV	21120	T	-G	126	70	24	2	0	20	0.015873	126	0.508928	FALSE	NA	NA	NA	NA	NA	NA
2019-nCoV	21120	T	+G	126	70	24	1	0	20	0.00793651	126	0.754948	FALSE	NA	NA	NA	NA	NA	NA
2019-nCoV	21123	G	T	88	72	24	1	1	22	0.011236	89	0.502825	FALSE	NA	NA	NA	NA	NA	NA
2019-nCoV	21123	G	+T	88	72	24	1	0	20	0.011236	89	0.502825	FALSE	NA	NA	NA	NA	NA	NA
2019-nCoV	21127	A	G	128	73	24	1	1	20	0.00775194	129	0.752918	FALSE	NA	NA	NA	NA	NA	NA
2019-nCoV	21128	T	+A	133	74	24	2	0	20	0.0150376	133	0.508458	FALSE	NA	NA	NA	NA	NA	NA
2019-nCoV	21129	A	G	133	76	25	1	0	23	0.00746269	134	0.752809	FALSE	NA	NA	NA	NA	NA	NA
2019-nCoV	21130	C	T	133	74	24	2	2	25	0.0148148	135	0.502799	FALSE	NA	NA	NA	NA	NA	NA
2019-nCoV	21130	C	+A	133	74	24	2	0	20	0.0148148	135	0.502799	FALSE	NA	NA	NA	NA	NA	NA
2019-nCoV	21133	C	-A	127	68	23	12	0	20	0.0944882	127	0.00239039	TRUE	NA	NA	NA	NA	NA	NA
2019-nCoV	21133	C	+A	127	68	23	2	0	20	0.015748	127	0.508858	FALSE	NA	NA	NA	NA	NA	NA
2019-nCoV	21134	A	T	65	9	24	1	0	20	0.0149254	67	0.47482	FALSE	NA	NA	NA	NA	NA	NA
2019-nCoV	21134	A	C	65	9	24	1	1	22	0.0149254	67	0.47482	FALSE	NA	NA	NA	NA	NA	NA
2019-nCoV	21137	A	G	78	69	23	1	0	27	0.0126582	79	0.503185	FALSE	NA	NA	NA	NA	NA	NA
2019-nCoV	21141	A	G	142	82	25	1	0	25	0.00699301	143	0.752632	FALSE	NA	NA	NA	NA	NA	NA
2019-nCoV	21142	G	+C	138	78	24	1	0	20	0.00724638	138	0.754519	FALSE	NA	NA	NA	NA	NA	NA
2019-nCoV	21143	C	T	25	20	24	1	1	24	0.0384615	26	0.509804	FALSE	NA	NA	NA	NA	NA	NA
2019-nCoV	21147	T	+G	33	28	24	1	0	20	0.030303	33	0.515152	FALSE	NA	NA	NA	NA	NA	NA
2019-nCoV	21158	T	-G	32	26	24	1	0	20	0.03125	32	0.515625	FALSE	NA	NA	NA	NA	NA	NA
2019-nCoV	21158	T	+G	32	26	24	1	0	20	0.03125	32	0.515625	FALSE	NA	NA	NA	NA	NA	NA
2019-nCoV	21163	A	+C	25	22	24	1	0	20	0.04	25	0.52	FALSE	NA	NA	NA	NA	NA	NA
2019-nCoV	21164	T	+A	24	21	23	1	0	20	0.0416667	24	0.520833	FALSE	NA	NA	NA	NA	NA	NA
2019-nCoV	21167	A	G	23	21	24	1	0	27	0.0416667	24	0.510638	FALSE	NA	NA	NA	NA	NA	NA
2019-nCoV	21170	T	+TA	24	20	25	1	0	20	0.0416667	24	0.520833	FALSE	NA	NA	NA	NA	NA	NA
2019-nCoV	21177	A	+C	24	22	24	1	0	20	0.0416667	24	0.520833	FALSE	NA	NA	NA	NA	NA	NA
2019-nCoV	21179	A	+T	27	23	25	1	0	20	0.037037	27	0.518519	FALSE	NA	NA	NA	NA	NA	NA
2019-nCoV	21182	C	+T	26	22	25	1	0	20	0.0384615	26	0.519231	FALSE	NA	NA	NA	NA	NA	NA
2019-nCoV	21184	T	C	26	22	25	1	1	29	0.037037	27	0.509434	FALSE	NA	NA	NA	NA	NA	NA
2019-nCoV	21189	T	+G	64	41	25	1	0	20	0.015625	64	0.507813	FALSE	NA	NA	NA	NA	NA	NA
2019-nCoV	21189	T	+C	64	41	25	1	0	20	0.015625	64	0.507813	FALSE	NA	NA	NA	NA	NA	NA
2019-nCoV	21190	G	+C	65	43	25	1	0	20	0.0153846	65	0.507692	FALSE	NA	NA	NA	NA	NA	NA
2019-nCoV	21191	C	+T	65	41	25	1	0	20	0.0153846	65	0.507692	FALSE	NA	NA	NA	NA	NA	NA
2019-nCoV	21192	T	+G	67	41	25	1	0	20	0.0149254	67	0.507463	FALSE	NA	NA	NA	NA	NA	NA
2019-nCoV	21193	G	A	61	38	25	1	1	22	0.016129	62	0.504065	FALSE	NA	NA	NA	NA	NA	NA
2019-nCoV	21194	A	G	62	37	25	1	1	28	0.015873	63	0.504	FALSE	NA	NA	NA	NA	NA	NA
2019-nCoV	21196	C	+T	65	40	24	2	0	20	0.0307692	65	0.259659	FALSE	NA	NA	NA	NA	NA	NA
2019-nCoV	21196	C	+G	65	40	24	1	0	20	0.0153846	65	0.507692	FALSE	NA	NA	NA	NA	NA	NA
2019-nCoV	21197	T	C	45	20	23	3	3	26	0.0625	48	0.124958	FALSE	NA	NA	NA	NA	NA	NA
2019-nCoV	21205	C	+T	39	17	25	1	0	20	0.025641	39	0.512821	FALSE	NA	NA	NA	NA	NA	NA
2019-nCoV	21206	T	+C	37	18	25	1	0	20	0.027027	37	0.513514	FALSE	NA	NA	NA	NA	NA	NA
2019-nCoV	21212	G	+A	30	22	24	1	0	20	0.0333333	30	0.516667	FALSE	NA	NA	NA	NA	NA	NA
2019-nCoV	21216	C	T	35	19	25	5	2	24	0.125	40	0.0291961	FALSE	NA	NA	NA	NA	NA	NA
2019-nCoV	21220	G	-C	31	12	24	5	0	20	0.16129	31	0.0421836	FALSE	NA	NA	NA	NA	NA	NA
2019-nCoV	21221	C	T	24	6	25	3	1	27	0.111111	27	0.0999658	FALSE	NA	NA	NA	NA	NA	NA
2019-nCoV	21222	A	+T	30	11	25	1	0	20	0.0333333	30	0.516667	FALSE	NA	NA	NA	NA	NA	NA
2019-nCoV	21223	T	C	37	19	26	1	0	20	0.0263158	38	0.506667	FALSE	NA	NA	NA	NA	NA	NA
2019-nCoV	21225	G	+A	37	21	24	1	0	20	0.027027	37	0.513514	FALSE	NA	NA	NA	NA	NA	NA
2019-nCoV	21234	C	+T	35	20	23	1	0	20	0.0285714	35	0.514286	FALSE	NA	NA	NA	NA	NA	NA
2019-nCoV	21237	T	C	29	20	24	1	1	28	0.0333333	30	0.508475	FALSE	NA	NA	NA	NA	NA	NA
2019-nCoV	21240	T	+A	39	21	24	1	0	20	0.025641	39	0.512821	FALSE	NA	NA	NA	NA	NA	NA
2019-nCoV	21243	T	-A	43	21	25	1	0	20	0.0232558	43	0.511628	FALSE	NA	NA	NA	NA	NA	NA
2019-nCoV	21245	A	G	38	21	24	1	0	20	0.025641	39	0.506494	FALSE	NA	NA	NA	NA	NA	NA
2019-nCoV	21248	T	C	151	55	25	1	0	28	0.00657895	152	0.752475	FALSE	NA	NA	NA	NA	NA	NA
2019-nCoV	21248	T	+G	151	55	25	1	0	20	0.00657895	152	0.752475	FALSE	NA	NA	NA	NA	NA	NA
2019-nCoV	21249	G	-A	146	52	25	2	0	20	0.0136986	146	0.507705	FALSE	NA	NA	NA	NA	NA	NA
2019-nCoV	21249	G	+A	146	52	25	1	0	20	0.00684932	146	0.754272	FALSE	NA	NA	NA	NA	NA	NA
2019-nCoV	21252	T	-G	135	44	24	1	0	20	0.00740741	135	0.754619	FALSE	NA	NA	NA	NA	NA	NA
2019-nCoV	21255	G	A	150	49	25	1	1	21	0.00662252	151	0.752492	FALSE	NA	NA	NA	NA	NA	NA
2019-nCoV	21259	T	+C	106	32	25	1	0	20	0.00943396	106	0.755879	FALSE	NA	NA	NA	NA	NA	NA
2019-nCoV	21260	C	A	102	36	24	3	0	23	0.0285714	105	0.314299	FALSE	NA	NA	NA	NA	NA	NA
2019-nCoV	21264	T	+G	90	31	24	2	0	20	0.0222222	90	0.256967	FALSE	NA	NA	NA	NA	NA	NA
2019-nCoV	21265	G	-A	94	30	24	2	0	20	0.0212766	94	0.25667	FALSE	NA	NA	NA	NA	NA	NA
2019-nCoV	21265	G	+T	94	30	24	1	0	20	0.0106383	94	0.505319	FALSE	NA	NA	NA	NA	NA	NA
2019-nCoV	21268	G	+C	100	31	23	1	0	20	0.01	100	0.753731	FALSE	NA	NA	NA	NA	NA	NA
2019-nCoV	21270	A	-T	91	29	23	12	0	20	0.131868	91	3.88735e-4	TRUE	NA	NA	NA	NA	NA	NA
2019-nCoV	21270	A	+T	91	29	23	5	0	20	0.0549451	91	0.0347831	FALSE	NA	NA	NA	NA	NA	NA
2019-nCoV	21270	A	+G	91	29	23	1	0	20	0.010989	91	0.505495	FALSE	NA	NA	NA	NA	NA	NA
2019-nCoV	21274	T	-TA	102	34	24	1	0	20	0.00980392	102	0.756109	FALSE	NA	NA	NA	NA	NA	NA
2019-nCoV	21275	T	A	29	27	24	1	0	20	0.0333333	30	0.5	FALSE	NA	NA	NA	NA	NA	NA
2019-nCoV	21277	A	T	60	29	23	1	0	20	0.016129	62	0.5	FALSE	NA	NA	NA	NA	NA	NA
2019-nCoV	21277	A	G	60	29	23	1	1	24	0.016129	62	0.5	FALSE	NA	NA	NA	NA	NA	NA
2019-nCoV	21279	T	C	73	34	22	1	0	20	0.0135135	74	0.503401	FALSE	NA	NA	NA	NA	NA	NA
2019-nCoV	21280	G	A	84	14	24	1	1	27	0.0117647	85	0.502959	FALSE	NA	NA	NA	NA	NA	NA
2019-nCoV	21282	A	+T	105	32	24	1	0	20	0.00952381	105	0.755935	FALSE	NA	NA	NA	NA	NA	NA
2019-nCoV	21283	T	+G	104	34	24	1	0	20	0.00961538	104	0.755992	FALSE	NA	NA	NA	NA	NA	NA
2019-nCoV	21285	T	C	106	35	24	1	0	22	0.00934579	107	0.753521	FALSE	NA	NA	NA	NA	NA	NA
2019-nCoV	21285	T	+A	106	35	24	2	0	20	0.0186916	107	0.507042	FALSE	NA	NA	NA	NA	NA	NA
2019-nCoV	21289	T	C	82	39	23	1	0	28	0.0120482	83	0.50303	FALSE	NA	NA	NA	NA	NA	NA
2019-nCoV	21290	A	+T	102	35	24	1	0	20	0.00980392	102	0.756109	FALSE	NA	NA	NA	NA	NA	NA
2019-nCoV	21291	T	+C	101	35	24	1	0	20	0.00990099	101	0.75617	FALSE	NA	NA	NA	NA	NA	NA
2019-nCoV	21297	C	-A	100	35	24	5	0	20	0.05	100	0.117658	FALSE	NA	NA	NA	NA	NA	NA
2019-nCoV	21297	C	+G	100	35	24	1	0	20	0.01	100	0.753731	FALSE	NA	NA	NA	NA	NA	NA
2019-nCoV	21297	C	+A	100	35	24	1	0	20	0.01	100	0.753731	FALSE	NA	NA	NA	NA	NA	NA
2019-nCoV	21303	A	+C	101	41	24	1	0	20	0.00990099	101	0.75617	FALSE	NA	NA	NA	NA	NA	NA
2019-nCoV	21305	G	+AGA	109	40	24	1	0	20	0.00917431	109	0.755718	FALSE	NA	NA	NA	NA	NA	NA
2019-nCoV	21305	G	+A	109	40	24	1	0	20	0.00917431	109	0.755718	FALSE	NA	NA	NA	NA	NA	NA
2019-nCoV	21307	G	+A	103	39	25	1	0	20	0.00970874	103	0.75605	FALSE	NA	NA	NA	NA	NA	NA
2019-nCoV	21310	C	-A	140	53	24	4	0	20	0.0285714	140	0.196512	FALSE	NA	NA	NA	NA	NA	NA
2019-nCoV	21310	C	+A	140	53	24	5	0	20	0.0357143	140	0.117034	FALSE	NA	NA	NA	NA	NA	NA
2019-nCoV	21313	A	T	89	56	23	1	1	23	0.010989	91	0.5	FALSE	NA	NA	NA	NA	NA	NA
2019-nCoV	21313	A	G	89	56	23	1	1	26	0.010989	91	0.5	FALSE	NA	NA	NA	NA	NA	NA
2019-nCoV	21313	A	+G	89	56	23	1	0	20	0.010989	91	0.5	FALSE	NA	NA	NA	NA	NA	NA
2019-nCoV	21314	T	A	135	54	24	2	1	20	0.0145985	137	0.502757	FALSE	NA	NA	NA	NA	NA	NA
2019-nCoV	21315	A	+G	145	57	24	2	0	20	0.0137931	145	0.507758	FALSE	NA	NA	NA	NA	NA	NA
2019-nCoV	21316	G	+A	148	57	25	1	0	20	0.00675676	148	0.754214	FALSE	NA	NA	NA	NA	NA	NA
2019-nCoV	21317	A	G	144	58	25	1	1	27	0.00689655	145	0.752595	FALSE	NA	NA	NA	NA	NA	NA
2019-nCoV	21317	A	+G	144	58	25	1	0	20	0.00689655	145	0.752595	FALSE	NA	NA	NA	NA	NA	NA
2019-nCoV	21318	T	+G	144	59	25	1	0	20	0.00694444	144	0.754331	FALSE	NA	NA	NA	NA	NA	NA
2019-nCoV	21321	T	C	133	46	23	1	1	24	0.00746269	134	0.752809	FALSE	NA	NA	NA	NA	NA	NA
2019-nCoV	21322	T	+C	104	62	24	1	0	20	0.00961538	104	0.755992	FALSE	NA	NA	NA	NA	NA	NA
2019-nCoV	21323	A	G	138	59	24	1	1	26	0.00719424	139	0.752708	FALSE	NA	NA	NA	NA	NA	NA
2019-nCoV	21323	A	+T	138	59	24	2	0	20	0.0143885	139	0.505415	FALSE	NA	NA	NA	NA	NA	NA
2019-nCoV	21324	T	C	137	60	25	1	1	30	0.00724638	138	0.501818	FALSE	NA	NA	NA	NA	NA	NA
2019-nCoV	21324	T	+C	137	60	25	1	0	20	0.00724638	138	0.752727	FALSE	NA	NA	NA	NA	NA	NA
2019-nCoV	21327	C	+A	123	60	24	1	0	20	0.00813008	123	0.755069	FALSE	NA	NA	NA	NA	NA	NA
2019-nCoV	21328	A	G	124	60	24	1	0	27	0.008	125	0.753012	FALSE	NA	NA	NA	NA	NA	NA
2019-nCoV	21328	A	+TG	124	60	24	1	0	20	0.008	125	0.753012	FALSE	NA	NA	NA	NA	NA	NA
2019-nCoV	21328	A	+T	124	60	24	1	0	20	0.008	125	0.753012	FALSE	NA	NA	NA	NA	NA	NA
2019-nCoV	21328	A	+G	124	60	24	1	0	20	0.008	125	0.753012	FALSE	NA	NA	NA	NA	NA	NA
2019-nCoV	21329	T	+C	128	61	25	1	0	20	0.0078125	128	0.754871	FALSE	NA	NA	NA	NA	NA	NA
2019-nCoV	21330	G	A	137	60	24	1	0	29	0.00724638	138	0.752727	FALSE	NA	NA	NA	NA	NA	NA
2019-nCoV	21330	G	+C	137	60	24	2	0	20	0.0144928	138	0.505455	FALSE	NA	NA	NA	NA	NA	NA
2019-nCoV	21331	C	+T	133	59	25	1	0	20	0.0075188	133	0.754689	FALSE	NA	NA	NA	NA	NA	NA
2019-nCoV	21332	A	G	137	54	24	1	1	29	0.00719424	139	0.750909	FALSE	NA	NA	NA	NA	NA	NA
2019-nCoV	21332	A	C	137	54	24	1	1	28	0.00719424	139	0.750909	FALSE	NA	NA	NA	NA	NA	NA
2019-nCoV	21333	T	+G	134	58	24	1	0	20	0.00746269	134	0.754654	FALSE	NA	NA	NA	NA	NA	NA
2019-nCoV	21334	G	T	135	55	25	1	1	20	0.00735294	136	0.752768	FALSE	NA	NA	NA	NA	NA	NA
2019-nCoV	21334	G	+C	135	55	25	1	0	20	0.00735294	136	0.752768	FALSE	NA	NA	NA	NA	NA	NA
2019-nCoV	21335	C	T	125	53	24	1	1	20	0.0078125	128	0.749012	FALSE	NA	NA	NA	NA	NA	NA
2019-nCoV	21335	C	G	125	53	24	2	1	26	0.015625	128	0.5	FALSE	NA	NA	NA	NA	NA	NA
2019-nCoV	21335	C	-A	125	53	24	3	0	20	0.0234375	128	0.313973	FALSE	NA	NA	NA	NA	NA	NA
2019-nCoV	21335	C	+G	125	53	24	1	0	20	0.0078125	128	0.749012	FALSE	NA	NA	NA	NA	NA	NA
2019-nCoV	21335	C	+CA	125	53	24	1	0	20	0.0078125	128	0.749012	FALSE	NA	NA	NA	NA	NA	NA
2019-nCoV	21336	A	C	102	21	23	1	1	22	0.00970874	103	0.741581	FALSE	NA	NA	NA	NA	NA	NA
2019-nCoV	21337	A	G	142	59	25	2	1	28	0.0138889	144	0.502622	FALSE	NA	NA	NA	NA	NA	NA
2019-nCoV	21338	A	+AT	79	59	24	1	0	20	0.0126582	79	0.506329	FALSE	NA	NA	NA	NA	NA	NA
2019-nCoV	21341	A	+C	136	58	24	1	0	20	0.00735294	136	0.754585	FALSE	NA	NA	NA	NA	NA	NA
2019-nCoV	21343	A	G	132	59	24	2	0	25	0.0149254	134	0.50282	FALSE	NA	NA	NA	NA	NA	NA
2019-nCoV	21345	A	G	123	58	23	1	0	20	0.00806452	124	0.753036	FALSE	NA	NA	NA	NA	NA	NA
2019-nCoV	21345	A	-TT	123	58	23	3	0	20	0.0241935	124	0.320106	FALSE	NA	NA	NA	NA	NA	NA
2019-nCoV	21345	A	-T	123	58	23	7	0	20	0.0564516	124	0.0392626	FALSE	NA	NA	NA	NA	NA	NA
2019-nCoV	21345	A	+T	123	58	23	1	0	20	0.00806452	124	0.753036	FALSE	NA	NA	NA	NA	NA	NA
2019-nCoV	21359	C	-A	36	21	25	1	0	20	0.0277778	36	0.513889	FALSE	NA	NA	NA	NA	NA	NA
2019-nCoV	21363	T	C	37	19	25	1	1	20	0.0263158	38	0.506667	FALSE	NA	NA	NA	NA	NA	NA
2019-nCoV	21369	T	+C	33	19	23	1	0	20	0.030303	33	0.515152	FALSE	NA	NA	NA	NA	NA	NA
2019-nCoV	21371	A	+C	38	18	24	1	0	20	0.0263158	38	0.513158	FALSE	NA	NA	NA	NA	NA	NA
2019-nCoV	21373	T	C	30	12	24	1	0	27	0.0322581	31	0.508197	FALSE	NA	NA	NA	NA	NA	NA
2019-nCoV	21377	C	A	37	18	24	1	1	28	0.0263158	38	0.506667	FALSE	NA	NA	NA	NA	NA	NA
2019-nCoV	21383	A	+T	35	19	25	1	0	20	0.0285714	35	0.514286	FALSE	NA	NA	NA	NA	NA	NA
2019-nCoV	21386	C	-T	37	21	25	1	0	20	0.027027	37	0.513514	FALSE	NA	NA	NA	NA	NA	NA
2019-nCoV	21387	T	C	24	9	23	1	0	22	0.04	25	0.5	FALSE	NA	NA	NA	NA	NA	NA
2019-nCoV	21390	A	-T	38	22	23	2	0	20	0.0526316	38	0.266576	FALSE	NA	NA	NA	NA	NA	NA
2019-nCoV	21397	A	T	37	19	24	1	1	23	0.0263158	38	0.506667	FALSE	NA	NA	NA	NA	NA	NA
2019-nCoV	21402	T	+A	37	20	24	1	0	20	0.027027	37	0.513514	FALSE	NA	NA	NA	NA	NA	NA
2019-nCoV	21405	A	C	28	19	24	1	0	20	0.0344828	29	0.508772	FALSE	NA	NA	NA	NA	NA	NA
2019-nCoV	21406	T	-TTC	24	7	24	1	0	20	0.04	25	0.510204	FALSE	NA	NA	NA	NA	NA	NA
2019-nCoV	21408	T	-C	26	18	23	2	0	20	0.0769231	26	0.274311	FALSE	NA	NA	NA	NA	NA	NA
2019-nCoV	21412	C	T	23	19	24	1	0	23	0.0416667	24	0.510638	FALSE	NA	NA	NA	NA	NA	NA
2019-nCoV	21414	T	A	30	20	24	1	0	20	0.0322581	31	0.508197	FALSE	NA	NA	NA	NA	NA	NA
2019-nCoV	21417	A	G	27	20	24	1	0	20	0.0357143	28	0.509091	FALSE	NA	NA	NA	NA	NA	NA
2019-nCoV	21421	A	-G	23	20	23	2	0	20	0.0869565	23	0.277521	FALSE	NA	NA	NA	NA	NA	NA
2019-nCoV	21426	T	C	38	23	23	1	0	27	0.025641	39	0.506494	FALSE	NA	NA	NA	NA	NA	NA
2019-nCoV	21434	T	C	31	16	23	1	0	25	0.03125	32	0.507937	FALSE	NA	NA	NA	NA	NA	NA
2019-nCoV	21440	C	+T	32	18	23	1	0	20	0.03125	32	0.515625	FALSE	NA	NA	NA	NA	NA	NA
2019-nCoV	21442	T	-TA	38	22	24	1	0	20	0.0263158	38	0.513158	FALSE	NA	NA	NA	NA	NA	NA
2019-nCoV	21443	T	-A	20	20	24	1	0	20	0.05	20	0.525	FALSE	NA	NA	NA	NA	NA	NA
2019-nCoV	21450	A	-G	22	21	24	1	0	20	0.0454545	22	0.522727	FALSE	NA	NA	NA	NA	NA	NA
2019-nCoV	21454	C	+A	35	22	24	1	0	20	0.0285714	35	0.514286	FALSE	NA	NA	NA	NA	NA	NA
2019-nCoV	21459	C	+A	34	21	24	1	0	20	0.0294118	34	0.514706	FALSE	NA	NA	NA	NA	NA	NA
2019-nCoV	21466	A	-T	37	24	24	1	0	20	0.027027	37	0.513514	FALSE	NA	NA	NA	NA	NA	NA
2019-nCoV	21466	A	+T	37	24	24	1	0	20	0.027027	37	0.513514	FALSE	NA	NA	NA	NA	NA	NA
2019-nCoV	21469	A	G	34	21	23	1	1	20	0.0285714	35	0.507246	FALSE	NA	NA	NA	NA	NA	NA
2019-nCoV	21469	A	-T	34	21	23	2	0	20	0.0571429	35	0.26087	FALSE	NA	NA	NA	NA	NA	NA
2019-nCoV	21473	T	C	21	21	24	1	1	24	0.0454545	22	0.511628	FALSE	NA	NA	NA	NA	NA	NA
2019-nCoV	21475	T	C	33	21	24	1	1	23	0.0294118	34	0.507463	FALSE	NA	NA	NA	NA	NA	NA
2019-nCoV	21478	C	+T	36	25	23	1	0	20	0.0277778	36	0.513889	FALSE	NA	NA	NA	NA	NA	NA
2019-nCoV	21485	G	+T	41	27	24	1	0	20	0.0243902	41	0.512195	FALSE	NA	NA	NA	NA	NA	NA
2019-nCoV	21491	G	-T	29	26	23	3	0	20	0.103448	29	0.144944	FALSE	NA	NA	NA	NA	NA	NA
2019-nCoV	21492	T	G	34	23	23	1	1	24	0.0285714	35	0.486111	FALSE	NA	NA	NA	NA	NA	NA
2019-nCoV	21495	A	G	41	29	24	1	0	22	0.0238095	42	0.506024	FALSE	NA	NA	NA	NA	NA	NA
2019-nCoV	21502	A	+G	34	29	23	1	0	20	0.0294118	34	0.514706	FALSE	NA	NA	NA	NA	NA	NA
2019-nCoV	21502	A	+C	34	29	23	1	0	20	0.0294118	34	0.514706	FALSE	NA	NA	NA	NA	NA	NA
2019-nCoV	21506	G	+A	35	29	24	1	0	20	0.0285714	35	0.514286	FALSE	NA	NA	NA	NA	NA	NA
2019-nCoV	21508	G	-A	32	26	22	3	0	20	0.09375	32	0.143029	FALSE	NA	NA	NA	NA	NA	NA
2019-nCoV	21513	C	+G	35	26	22	1	0	20	0.0285714	35	0.514286	FALSE	NA	NA	NA	NA	NA	NA
2019-nCoV	21513	C	+A	35	26	22	1	0	20	0.0285714	35	0.514286	FALSE	NA	NA	NA	NA	NA	NA
2019-nCoV	21515	A	+C	30	28	24	1	0	20	0.0333333	30	0.516667	FALSE	NA	NA	NA	NA	NA	NA
2019-nCoV	21516	C	+G	36	28	23	1	0	20	0.0277778	36	0.513889	FALSE	NA	NA	NA	NA	NA	NA
2019-nCoV	21516	C	+A	36	28	23	1	0	20	0.0277778	36	0.513889	FALSE	NA	NA	NA	NA	NA	NA
2019-nCoV	21518	G	+A	35	30	24	1	0	20	0.0285714	35	0.514286	FALSE	NA	NA	NA	NA	NA	NA
2019-nCoV	21520	G	-T	31	27	24	2	0	20	0.0645161	31	0.270353	FALSE	NA	NA	NA	NA	NA	NA
2019-nCoV	21521	T	C	26	18	22	1	1	24	0.037037	27	0.490909	FALSE	NA	NA	NA	NA	NA	NA
2019-nCoV	21522	T	+G	29	27	25	2	0	20	0.0689655	29	0.271771	FALSE	NA	NA	NA	NA	NA	NA
2019-nCoV	21523	G	+T	36	26	24	1	0	20	0.0277778	36	0.513889	FALSE	NA	NA	NA	NA	NA	NA
2019-nCoV	21526	A	-T	34	27	24	2	0	20	0.0588235	34	0.268542	FALSE	NA	NA	NA	NA	NA	NA
2019-nCoV	21526	A	+T	34	27	24	1	0	20	0.0294118	34	0.514706	FALSE	NA	NA	NA	NA	NA	NA
2019-nCoV	21530	C	+T	34	28	23	1	0	20	0.0294118	34	0.514706	FALSE	NA	NA	NA	NA	NA	NA
2019-nCoV	21569	G	-T	7	4	23	2	0	20	0.285714	7	0.342857	FALSE	NA	NA	NA	NA	NA	NA
2019-nCoV	21586	G	+T	6	4	24	1	0	20	0.166667	6	0.583333	FALSE	NA	NA	NA	NA	NA	NA
2019-nCoV	21609	T	+CGATGCCGCTGTT	37	27	25	1	0	20	0.027027	37	0.513514	FALSE	NA	NA	NA	NA	NA	NA
2019-nCoV	21609	T	+CATGCCTGCTGT	37	27	25	1	0	20	0.027027	37	0.513514	FALSE	NA	NA	NA	NA	NA	NA
2019-nCoV	21609	T	+CATGCCGTTGTT	37	27	25	1	0	20	0.027027	37	0.513514	FALSE	NA	NA	NA	NA	NA	NA
2019-nCoV	21609	T	+CATGCCGCTGTTT	37	27	25	1	0	20	0.027027	37	0.513514	FALSE	NA	NA	NA	NA	NA	NA
2019-nCoV	21609	T	+CATGCCGCTGTT	37	27	25	32	0	20	0.864865	37	5.1393e-8	TRUE	NA	NA	NA	NA	NA	NA
2019-nCoV	21609	T	+CATGCCGCTGGTT	37	27	25	1	0	20	0.027027	37	0.513514	FALSE	NA	NA	NA	NA	NA	NA
2019-nCoV	21618	C	T	0	0	0	36	27	25	1	36	4.51965e-21	TRUE	NA	NA	NA	NA	NA	NA
2019-nCoV	21622	C	T	0	0	0	38	28	25	1	38	2.90165e-22	TRUE	NA	NA	NA	NA	NA	NA
2019-nCoV	21624	G	C	0	0	0	36	26	24	1	36	4.51965e-21	TRUE	NA	NA	NA	NA	NA	NA
2019-nCoV	21632	T	-TACCCCCTG	39	29	26	39	0	20	1	39	2.37544e-9	TRUE	NA	NA	NA	NA	NA	NA
2019-nCoV	21653	T	-CTTT	36	30	24	2	0	20	0.0555556	36	0.267504	FALSE	NA	NA	NA	NA	NA	NA
2019-nCoV	21653	T	-CTT	36	30	24	12	0	20	0.333333	36	7.19337e-4	TRUE	NA	NA	NA	NA	NA	NA
2019-nCoV	21662	C	+T	38	30	25	1	0	20	0.0263158	38	0.513158	FALSE	NA	NA	NA	NA	NA	NA
2019-nCoV	21669	T	C	18	10	22	1	1	27	0.0526316	19	0.513514	FALSE	NA	NA	NA	NA	NA	NA
2019-nCoV	21675	A	G	25	20	24	1	1	21	0.0384615	26	0.509804	FALSE	NA	NA	NA	NA	NA	NA
2019-nCoV	21686	G	-T	24	18	22	5	0	20	0.208333	24	0.0456933	FALSE	NA	NA	NA	NA	NA	NA
2019-nCoV	21693	G	+T	26	20	24	1	0	20	0.0384615	26	0.519231	FALSE	NA	NA	NA	NA	NA	NA
2019-nCoV	21701	G	-T	24	17	22	2	0	20	0.0833333	24	0.276361	FALSE	NA	NA	NA	NA	NA	NA
2019-nCoV	21707	C	T	31	24	25	1	0	26	0.03125	32	0.507937	FALSE	NA	NA	NA	NA	NA	NA
2019-nCoV	21708	A	+T	33	25	24	1	0	20	0.030303	33	0.515152	FALSE	NA	NA	NA	NA	NA	NA
2019-nCoV	21711	C	T	1	1	27	27	23	23	0.964286	28	7.32151e-15	TRUE	NA	NA	NA	NA	NA	NA
2019-nCoV	21721	C	+T	27	22	22	2	0	20	0.0740741	27	0.273401	FALSE	NA	NA	NA	NA	NA	NA
2019-nCoV	21724	G	+T	21	17	23	1	0	20	0.047619	21	0.52381	FALSE	NA	NA	NA	NA	NA	NA
2019-nCoV	21726	T	C	27	24	24	1	1	23	0.0357143	28	0.509091	FALSE	NA	NA	NA	NA	NA	NA
2019-nCoV	21736	C	-T	29	24	22	5	0	20	0.172414	29	0.0430005	FALSE	NA	NA	NA	NA	NA	NA
2019-nCoV	21737	T	C	6	1	24	1	1	26	0.142857	7	0.5	FALSE	NA	NA	NA	NA	NA	NA
2019-nCoV	21738	T	C	26	21	24	1	0	28	0.037037	27	0.509434	FALSE	NA	NA	NA	NA	NA	NA
2019-nCoV	21739	T	C	30	25	24	1	1	24	0.0322581	31	0.508197	FALSE	NA	NA	NA	NA	NA	NA
2019-nCoV	21739	T	-TC	30	25	24	1	0	20	0.0322581	31	0.508197	FALSE	NA	NA	NA	NA	NA	NA
2019-nCoV	21740	T	C	23	22	23	1	0	23	0.0416667	24	0.5	FALSE	NA	NA	NA	NA	NA	NA
2019-nCoV	21742	C	A	25	24	24	1	0	23	0.0384615	26	0.509804	FALSE	NA	NA	NA	NA	NA	NA
2019-nCoV	21744	A	+T	27	24	22	2	0	20	0.0740741	27	0.273401	FALSE	NA	NA	NA	NA	NA	NA
2019-nCoV	21750	C	+T	32	24	24	1	0	20	0.03125	32	0.515625	FALSE	NA	NA	NA	NA	NA	NA
2019-nCoV	21755	T	C	18	10	22	1	1	25	0.0526316	19	0.513514	FALSE	NA	NA	NA	NA	NA	NA
2019-nCoV	21761	G	A	28	20	25	1	1	28	0.0344828	29	0.508772	FALSE	NA	NA	NA	NA	NA	NA
2019-nCoV	21763	T	-ATAC	30	22	25	1	0	20	0.0333333	30	0.516667	FALSE	NA	NA	NA	NA	NA	NA
2019-nCoV	21764	A	-TACATG	28	20	26	28	0	20	0.965517	29	5.00279e-7	TRUE	NA	NA	NA	NA	NA	NA
2019-nCoV	21771	T	C	31	23	26	1	1	23	0.03125	32	0.507937	FALSE	NA	NA	NA	NA	NA	NA
2019-nCoV	21775	T	-G	33	26	24	1	0	20	0.030303	33	0.515152	FALSE	NA	NA	NA	NA	NA	NA
2019-nCoV	21781	C	-A	23	17	21	5	0	20	0.217391	23	0.0463856	FALSE	NA	NA	NA	NA	NA	NA
2019-nCoV	21787	T	+A	30	24	25	1	0	20	0.0333333	30	0.516667	FALSE	NA	NA	NA	NA	NA	NA
2019-nCoV	21800	G	+A	33	26	24	2	0	20	0.0606061	33	0.269109	FALSE	NA	NA	NA	NA	NA	NA
2019-nCoV	21864	T	+A	53	35	25	1	0	20	0.0188679	53	0.509434	FALSE	NA	NA	NA	NA	NA	NA
2019-nCoV	21870	G	-C	49	33	23	1	0	20	0.0204082	49	0.510204	FALSE	NA	NA	NA	NA	NA	NA
2019-nCoV	21871	C	+T	50	33	24	1	0	20	0.0196078	51	0.50495	FALSE	NA	NA	NA	NA	NA	NA
2019-nCoV	21875	A	-T	53	34	23	15	0	20	0.283019	53	9.37832e-5	TRUE	NA	NA	NA	NA	NA	NA
2019-nCoV	21888	C	-T	46	33	24	2	0	20	0.0434783	46	0.263675	FALSE	NA	NA	NA	NA	NA	NA
2019-nCoV	21894	A	+G	48	35	24	1	0	20	0.0208333	48	0.510417	FALSE	NA	NA	NA	NA	NA	NA
2019-nCoV	21906	A	-G	53	35	25	1	0	20	0.0188679	53	0.509434	FALSE	NA	NA	NA	NA	NA	NA
2019-nCoV	21908	T	-C	55	36	24	2	0	20	0.0363636	55	0.261425	FALSE	NA	NA	NA	NA	NA	NA
2019-nCoV	21917	A	-T	47	35	25	1	0	20	0.0212766	47	0.510638	FALSE	NA	NA	NA	NA	NA	NA
2019-nCoV	21917	A	+T	47	35	25	1	0	20	0.0212766	47	0.510638	FALSE	NA	NA	NA	NA	NA	NA
2019-nCoV	21921	T	C	46	31	23	2	1	25	0.0416667	48	0.252632	FALSE	NA	NA	NA	NA	NA	NA
2019-nCoV	21925	T	+A	54	35	25	1	0	20	0.0185185	54	0.509259	FALSE	NA	NA	NA	NA	NA	NA
2019-nCoV	21927	A	G	50	36	24	1	1	28	0.0196078	51	0.50495	FALSE	NA	NA	NA	NA	NA	NA
2019-nCoV	21936	A	+T	52	36	23	1	0	20	0.0192308	52	0.509615	FALSE	NA	NA	NA	NA	NA	NA
2019-nCoV	21938	G	+T	37	22	23	1	0	20	0.027027	37	0.513514	FALSE	NA	NA	NA	NA	NA	NA
2019-nCoV	21940	T	-G	44	29	24	7	0	20	0.159091	44	0.0113107	FALSE	NA	NA	NA	NA	NA	NA
2019-nCoV	21941	G	T	0	0	0	36	27	24	1	36	4.61533e-23	TRUE	NA	NA	NA	NA	NA	NA
2019-nCoV	21946	T	C	38	33	23	1	0	21	0.025641	39	0.506494	FALSE	NA	NA	NA	NA	NA	NA
2019-nCoV	21947	A	G	21	5	22	1	0	20	0.0454545	22	0.511628	FALSE	NA	NA	NA	NA	NA	NA
2019-nCoV	21949	A	+T	39	37	23	1	0	20	0.025641	39	0.512821	FALSE	NA	NA	NA	NA	NA	NA
2019-nCoV	21952	C	-T	52	36	23	5	0	20	0.0961538	52	0.0375629	FALSE	NA	NA	NA	NA	NA	NA
2019-nCoV	21955	T	C	47	34	24	1	0	25	0.0208333	48	0.505263	FALSE	NA	NA	NA	NA	NA	NA
2019-nCoV	21958	A	-T	32	27	23	4	0	20	0.125	32	0.0768513	FALSE	NA	NA	NA	NA	NA	NA
2019-nCoV	21961	T	-C	31	28	24	1	0	20	0.0322581	31	0.516129	FALSE	NA	NA	NA	NA	NA	NA
2019-nCoV	21962	C	+A	36	24	24	1	0	20	0.0277778	36	0.513889	FALSE	NA	NA	NA	NA	NA	NA
2019-nCoV	21967	T	C	50	34	25	1	1	20	0.0196078	51	0.50495	FALSE	NA	NA	NA	NA	NA	NA
2019-nCoV	21969	G	+T	38	28	23	1	0	20	0.0263158	38	0.513158	FALSE	NA	NA	NA	NA	NA	NA
2019-nCoV	21979	A	-TT	43	27	22	1	0	20	0.0232558	43	0.511628	FALSE	NA	NA	NA	NA	NA	NA
2019-nCoV	21979	A	-T	43	27	22	17	0	20	0.395349	43	4.03558e-5	TRUE	NA	NA	NA	NA	NA	NA
2019-nCoV	21982	T	C	49	31	23	1	1	21	0.02	50	0.505051	FALSE	NA	NA	NA	NA	NA	NA
2019-nCoV	21987	G	A	2	2	25	44	29	23	0.956522	46	5.2629600000000006e-24	TRUE	NA	NA	NA	NA	NA	NA
2019-nCoV	21990	T	-TTA	22	7	24	16	0	20	0.727273	22	2.02711e-4	TRUE	NA	NA	NA	NA	NA	NA
2019-nCoV	21993	A	-TTACC	5	1	23	1	0	20	0.02	50	0.109091	FALSE	NA	NA	NA	NA	NA	NA
2019-nCoV	21993	A	-TT	5	1	23	3	0	20	0.06	50	0.00191388	TRUE	NA	NA	NA	NA	NA	NA
2019-nCoV	21994	T	C	48	36	24	1	1	28	0.0204082	49	0.49	FALSE	NA	NA	NA	NA	NA	NA
2019-nCoV	21996	A	G	43	31	23	1	1	24	0.0217391	46	0.488889	FALSE	NA	NA	NA	NA	NA	NA
2019-nCoV	21996	A	C	43	31	23	2	0	23	0.0434783	46	0.241758	FALSE	NA	NA	NA	NA	NA	NA
2019-nCoV	21999	A	C	50	36	23	1	0	28	0.0196078	51	0.50495	FALSE	NA	NA	NA	NA	NA	NA
2019-nCoV	22000	C	A	50	35	23	1	1	20	0.0196078	51	0.490385	FALSE	NA	NA	NA	NA	NA	NA
2019-nCoV	22000	C	-A	50	35	23	15	0	20	0.277778	54	5.73261e-5	TRUE	NA	NA	NA	NA	NA	NA
2019-nCoV	22004	A	G	62	46	23	1	1	20	0.015873	63	0.504	FALSE	NA	NA	NA	NA	NA	NA
2019-nCoV	22006	C	+A	55	39	22	3	0	20	0.0545455	55	0.135381	FALSE	NA	NA	NA	NA	NA	NA
2019-nCoV	22009	C	-A	56	42	23	2	0	20	0.0357143	56	0.26122	FALSE	NA	NA	NA	NA	NA	NA
2019-nCoV	22009	C	+A	56	42	23	4	0	20	0.0714286	56	0.0705354	FALSE	NA	NA	NA	NA	NA	NA
2019-nCoV	22011	A	G	59	44	25	1	1	23	0.0166667	60	0.504202	FALSE	NA	NA	NA	NA	NA	NA
2019-nCoV	22014	G	A	55	41	23	1	1	24	0.0178571	56	0.504505	FALSE	NA	NA	NA	NA	NA	NA
2019-nCoV	22016	T	+G	48	41	24	1	0	20	0.0208333	48	0.510417	FALSE	NA	NA	NA	NA	NA	NA
2019-nCoV	22022	G	-A	54	47	25	3	0	20	0.0555556	54	0.135576	FALSE	NA	NA	NA	NA	NA	NA
2019-nCoV	22022	G	+GA	54	47	25	1	0	20	0.0185185	54	0.509259	FALSE	NA	NA	NA	NA	NA	NA
2019-nCoV	22022	G	+A	54	47	25	2	0	20	0.037037	54	0.261638	FALSE	NA	NA	NA	NA	NA	NA
2019-nCoV	22025	A	+G	52	49	25	1	0	20	0.0192308	52	0.509615	FALSE	NA	NA	NA	NA	NA	NA
2019-nCoV	22029	A	G	56	42	24	2	1	22	0.0344828	58	0.252174	FALSE	NA	NA	NA	NA	NA	NA
2019-nCoV	22030	G	-TT	61	48	24	1	0	20	0.0163934	61	0.508197	FALSE	NA	NA	NA	NA	NA	NA
2019-nCoV	22032	T	C	0	0	0	61	48	25	1	61	2.60898e-36	TRUE	NA	NA	NA	NA	NA	NA
2019-nCoV	22033	C	G	1	0	21	1	1	20	0.0163934	61	0.0322581	FALSE	NA	NA	NA	NA	NA	NA
2019-nCoV	22033	C	A	1	0	21	59	46	25	0.967213	61	6.31373e-34	TRUE	NA	NA	NA	NA	NA	NA
2019-nCoV	22034	A	G	2	1	23	41	28	23	0.953488	43	2.8504499999999998e-22	TRUE	NA	NA	NA	NA	NA	NA
2019-nCoV	22034	A	+G	2	1	23	2	0	20	0.0465116	43	0.0057971	TRUE	NA	NA	NA	NA	NA	NA
2019-nCoV	22037	G	-T	68	52	24	1	0	20	0.0147059	68	0.507353	FALSE	NA	NA	NA	NA	NA	NA
2019-nCoV	22037	G	+T	68	52	24	2	0	20	0.0294118	68	0.259231	FALSE	NA	NA	NA	NA	NA	NA
2019-nCoV	22045	T	-A	65	50	25	1	0	20	0.0153846	65	0.507692	FALSE	NA	NA	NA	NA	NA	NA
2019-nCoV	22048	T	C	62	47	24	1	1	24	0.015873	63	0.504	FALSE	NA	NA	NA	NA	NA	NA
2019-nCoV	22051	G	+A	64	50	24	1	0	20	0.015625	64	0.507813	FALSE	NA	NA	NA	NA	NA	NA
2019-nCoV	22054	T	-A	53	37	24	1	0	20	0.0188679	53	0.509434	FALSE	NA	NA	NA	NA	NA	NA
2019-nCoV	22054	T	+A	53	37	24	1	0	20	0.0188679	53	0.509434	FALSE	NA	NA	NA	NA	NA	NA
2019-nCoV	22104	G	-A	21	7	21	4	0	20	0.190476	21	0.0849022	FALSE	NA	NA	NA	NA	NA	NA
2019-nCoV	22108	A	T	7	7	24	5	2	23	0.416667	12	0.0235371	FALSE	NA	NA	NA	NA	NA	NA
2019-nCoV	22109	C	T	35	8	23	1	0	20	0.0277778	36	0.507042	FALSE	NA	NA	NA	NA	NA	NA
2019-nCoV	22110	A	+G	37	9	23	1	0	20	0.027027	37	0.513514	FALSE	NA	NA	NA	NA	NA	NA
2019-nCoV	22111	G	T	25	1	24	7	2	23	0.21875	32	0.00608356	TRUE	NA	NA	NA	NA	NA	NA
2019-nCoV	22112	G	A	38	9	24	1	0	30	0.025641	39	0.506494	FALSE	NA	NA	NA	NA	NA	NA
2019-nCoV	22113	G	+T	17	7	23	1	0	20	0.0588235	17	0.529412	FALSE	NA	NA	NA	NA	NA	NA
2019-nCoV	22114	T	-A	36	7	24	1	0	20	0.0277778	36	0.513889	FALSE	NA	NA	NA	NA	NA	NA
2019-nCoV	22120	C	-A	39	8	23	11	0	20	0.282051	39	0.00116709	TRUE	NA	NA	NA	NA	NA	NA
2019-nCoV	22120	C	+A	39	8	23	1	0	20	0.025641	39	0.512821	FALSE	NA	NA	NA	NA	NA	NA
2019-nCoV	22130	A	G	37	9	23	1	0	27	0.0263158	38	0.506667	FALSE	NA	NA	NA	NA	NA	NA
2019-nCoV	22130	A	+G	37	9	23	1	0	20	0.0263158	38	0.506667	FALSE	NA	NA	NA	NA	NA	NA
2019-nCoV	22141	G	-T	37	8	24	2	0	20	0.0540541	37	0.267027	FALSE	NA	NA	NA	NA	NA	NA
2019-nCoV	22146	A	G	22	8	22	1	0	25	0.0434783	23	0.511111	FALSE	NA	NA	NA	NA	NA	NA
2019-nCoV	22151	A	+T	32	6	24	1	0	20	0.03125	32	0.515625	FALSE	NA	NA	NA	NA	NA	NA
2019-nCoV	22152	T	C	29	4	24	1	0	20	0.0333333	30	0.508475	FALSE	NA	NA	NA	NA	NA	NA
2019-nCoV	22155	A	G	35	8	24	1	0	23	0.0277778	36	0.507042	FALSE	NA	NA	NA	NA	NA	NA
2019-nCoV	22156	T	C	38	10	24	1	0	20	0.025641	39	0.506494	FALSE	NA	NA	NA	NA	NA	NA
2019-nCoV	22158	G	+T	21	5	23	1	0	20	0.047619	21	0.52381	FALSE	NA	NA	NA	NA	NA	NA
2019-nCoV	22161	A	-T	31	5	23	3	0	20	0.0967742	31	0.143625	FALSE	NA	NA	NA	NA	NA	NA
2019-nCoV	22165	T	-A	9	7	22	1	0	20	0.111111	9	0.555556	FALSE	NA	NA	NA	NA	NA	NA
2019-nCoV	22169	A	G	13	11	23	1	0	24	0.0714286	14	0.518519	FALSE	NA	NA	NA	NA	NA	NA
2019-nCoV	22181	C	+A	32	7	24	1	0	20	0.03125	32	0.515625	FALSE	NA	NA	NA	NA	NA	NA
2019-nCoV	22183	C	T	33	8	24	1	0	21	0.0294118	34	0.507463	FALSE	NA	NA	NA	NA	NA	NA
2019-nCoV	22193	A	-ATT	35	10	25	34	0	20	0.971429	35	2.86167e-8	TRUE	NA	NA	NA	NA	NA	NA
2019-nCoV	22194	A	G	0	0	0	1	1	23	1	1	0.0285714	FALSE	NA	NA	NA	NA	NA	NA
2019-nCoV	22194	A	-TT	0	0	0	1	0	20	0.0285714	35	0.0285714	FALSE	NA	NA	NA	NA	NA	NA
2019-nCoV	22198	A	+G	33	8	25	1	0	20	0.030303	33	0.515152	FALSE	NA	NA	NA	NA	NA	NA
2019-nCoV	22200	T	G	0	0	0	40	14	25	1	40	1.86034e-23	TRUE	NA	NA	NA	NA	NA	NA
2019-nCoV	22202	C	-G	29	7	25	1	0	20	0.0344828	29	0.517241	FALSE	NA	NA	NA	NA	NA	NA
2019-nCoV	22206	A	-T	33	8	25	1	0	20	0.030303	33	0.515152	FALSE	NA	NA	NA	NA	NA	NA
2019-nCoV	22208	C	T	0	0	0	38	11	25	1	38	2.90165e-22	TRUE	NA	NA	NA	NA	NA	NA
2019-nCoV	22209	T	-C	21	7	21	1	0	20	0.047619	21	0.52381	FALSE	NA	NA	NA	NA	NA	NA
2019-nCoV	22215	A	-G	42	17	24	1	0	20	0.0238095	42	0.511905	FALSE	NA	NA	NA	NA	NA	NA
2019-nCoV	22218	G	-T	16	13	23	7	0	20	0.4375	16	0.0194257	FALSE	NA	NA	NA	NA	NA	NA
2019-nCoV	22227	C	T	35	19	23	1	0	20	0.0277778	36	0.507042	FALSE	NA	NA	NA	NA	NA	NA
2019-nCoV	22231	A	+T	43	20	23	1	0	20	0.0232558	43	0.511628	FALSE	NA	NA	NA	NA	NA	NA
2019-nCoV	22237	A	+T	39	21	24	1	0	20	0.025641	39	0.512821	FALSE	NA	NA	NA	NA	NA	NA
2019-nCoV	22239	T	+G	39	22	24	1	0	20	0.025641	39	0.512821	FALSE	NA	NA	NA	NA	NA	NA
2019-nCoV	22243	A	G	40	20	25	1	0	29	0.0243902	41	0.506173	FALSE	NA	NA	NA	NA	NA	NA
2019-nCoV	22245	A	+C	39	19	23	1	0	20	0.025641	39	0.512821	FALSE	NA	NA	NA	NA	NA	NA
2019-nCoV	22251	C	-A	41	26	23	1	0	20	0.0243902	41	0.512195	FALSE	NA	NA	NA	NA	NA	NA
2019-nCoV	22257	G	+T	52	32	23	1	0	20	0.0192308	52	0.509615	FALSE	NA	NA	NA	NA	NA	NA
2019-nCoV	22264	C	T	58	28	25	1	1	26	0.0169492	59	0.504274	FALSE	NA	NA	NA	NA	NA	NA
2019-nCoV	22270	T	+C	61	30	25	1	0	20	0.0163934	61	0.508197	FALSE	NA	NA	NA	NA	NA	NA
2019-nCoV	22271	A	G	59	31	25	1	0	27	0.0166667	60	0.504202	FALSE	NA	NA	NA	NA	NA	NA
2019-nCoV	22273	G	-T	47	30	23	1	0	20	0.0212766	47	0.510638	FALSE	NA	NA	NA	NA	NA	NA
2019-nCoV	22282	T	C	44	15	24	1	0	22	0.0222222	45	0.505618	FALSE	NA	NA	NA	NA	NA	NA
2019-nCoV	22295	C	A	0	0	0	62	33	26	1	62	6.57547e-37	TRUE	NA	NA	NA	NA	NA	NA
2019-nCoV	22297	T	+A	58	32	25	1	0	20	0.0172414	58	0.508621	FALSE	NA	NA	NA	NA	NA	NA
2019-nCoV	22302	G	+T	59	30	25	1	0	20	0.0169492	59	0.508475	FALSE	NA	NA	NA	NA	NA	NA
2019-nCoV	22314	C	A	56	34	25	1	1	28	0.0175439	57	0.504425	FALSE	NA	NA	NA	NA	NA	NA
2019-nCoV	22319	G	A	58	33	25	1	0	23	0.0169492	59	0.504274	FALSE	NA	NA	NA	NA	NA	NA
2019-nCoV	22321	T	C	12	3	24	1	1	27	0.0769231	13	0.52	FALSE	NA	NA	NA	NA	NA	NA
2019-nCoV	22326	C	-T	16	9	26	1	0	20	0.0625	16	0.53125	FALSE	NA	NA	NA	NA	NA	NA
2019-nCoV	22334	T	C	15	8	25	1	0	26	0.0588235	17	0.5	FALSE	NA	NA	NA	NA	NA	NA
2019-nCoV	22334	T	A	15	8	25	1	1	23	0.0588235	17	0.5	FALSE	NA	NA	NA	NA	NA	NA
2019-nCoV	22342	T	C	15	7	26	1	0	22	0.0625	16	0.516129	FALSE	NA	NA	NA	NA	NA	NA
2019-nCoV	22343	G	A	14	5	25	1	1	22	0.0666667	15	0.517241	FALSE	NA	NA	NA	NA	NA	NA
2019-nCoV	22353	C	A	0	0	0	16	8	25	1	16	3.32734e-9	TRUE	NA	NA	NA	NA	NA	NA
2019-nCoV	22358	T	+G	12	9	24	1	0	20	0.0833333	12	0.541667	FALSE	NA	NA	NA	NA	NA	NA
2019-nCoV	22366	T	C	11	4	23	1	0	24	0.0833333	12	0.521739	FALSE	NA	NA	NA	NA	NA	NA
2019-nCoV	22383	C	-T	16	7	23	1	0	20	0.0625	16	0.53125	FALSE	NA	NA	NA	NA	NA	NA
2019-nCoV	22407	A	+T	9	9	24	1	0	20	0.111111	9	0.555556	FALSE	NA	NA	NA	NA	NA	NA
2019-nCoV	22693	T	+A	22	15	23	1	0	20	0.0454545	22	0.522727	FALSE	NA	NA	NA	NA	NA	NA
2019-nCoV	22708	G	A	48	13	25	1	1	20	0.0204082	49	0.505155	FALSE	NA	NA	NA	NA	NA	NA
2019-nCoV	22910	A	G	0	0	0	1	1	23	1	1	1	FALSE	NA	NA	NA	NA	NA	NA
2019-nCoV	22916	C	T	0	0	0	1	1	25	1	1	1	FALSE	NA	NA	NA	NA	NA	NA
2019-nCoV	22917	T	G	0	0	0	1	1	20	1	1	1	FALSE	NA	NA	NA	NA	NA	NA
2019-nCoV	22926	T	C	0	0	0	1	1	20	1	1	1	FALSE	NA	NA	NA	NA	NA	NA
2019-nCoV	22928	T	C	0	0	0	1	1	24	1	1	1	FALSE	NA	NA	NA	NA	NA	NA
2019-nCoV	22933	G	-A	1	1	20	1	0	20	1	1	1	FALSE	NA	NA	NA	NA	NA	NA
2019-nCoV	23096	G	A	34	21	25	1	0	24	0.0285714	35	0.507246	FALSE	NA	NA	NA	NA	NA	NA
2019-nCoV	23099	C	+T	36	21	24	1	0	20	0.0277778	36	0.513889	FALSE	NA	NA	NA	NA	NA	NA
2019-nCoV	23100	T	C	21	7	23	1	0	20	0.0454545	22	0.511628	FALSE	NA	NA	NA	NA	NA	NA
2019-nCoV	23115	T	+TACA	36	23	25	1	0	20	0.0277778	36	0.513889	FALSE	NA	NA	NA	NA	NA	NA
2019-nCoV	23117	C	A	31	20	25	2	2	24	0.0606061	33	0.253846	FALSE	NA	NA	NA	NA	NA	NA
2019-nCoV	23118	A	T	31	20	24	1	0	20	0.03125	32	0.507937	FALSE	NA	NA	NA	NA	NA	NA
2019-nCoV	23119	T	C	30	19	25	1	0	25	0.0322581	31	0.508197	FALSE	NA	NA	NA	NA	NA	NA
2019-nCoV	23132	G	-T	36	23	25	1	0	20	0.0277778	36	0.513889	FALSE	NA	NA	NA	NA	NA	NA
2019-nCoV	23132	G	+T	36	23	25	1	0	20	0.0277778	36	0.513889	FALSE	NA	NA	NA	NA	NA	NA
2019-nCoV	23132	G	+A	36	23	25	1	0	20	0.0277778	36	0.513889	FALSE	NA	NA	NA	NA	NA	NA
2019-nCoV	23143	T	-A	35	22	23	7	0	20	0.2	35	0.0123403	FALSE	NA	NA	NA	NA	NA	NA
2019-nCoV	23155	T	+A	34	21	25	1	0	20	0.0294118	34	0.514706	FALSE	NA	NA	NA	NA	NA	NA
2019-nCoV	23163	T	C	23	10	24	1	1	25	0.0416667	24	0.510638	FALSE	NA	NA	NA	NA	NA	NA
2019-nCoV	23164	T	-A	23	20	23	5	0	20	0.217391	23	0.0463856	FALSE	NA	NA	NA	NA	NA	NA
2019-nCoV	23179	C	+G	36	23	25	1	0	20	0.0277778	36	0.513889	FALSE	NA	NA	NA	NA	NA	NA
2019-nCoV	23195	G	A	21	8	25	2	2	24	0.0869565	23	0.255556	FALSE	NA	NA	NA	NA	NA	NA
2019-nCoV	23196	G	+T	28	19	24	1	0	20	0.0357143	28	0.517857	FALSE	NA	NA	NA	NA	NA	NA
2019-nCoV	23202	C	T	36	23	26	1	1	27	0.027027	37	0.506849	FALSE	NA	NA	NA	NA	NA	NA
2019-nCoV	23222	G	A	0	0	0	33	20	23	1	33	2.7703000000000004e-19	TRUE	NA	NA	NA	NA	NA	NA
2019-nCoV	23224	G	+T	36	24	25	1	0	20	0.0277778	36	0.513889	FALSE	NA	NA	NA	NA	NA	NA
2019-nCoV	23225	T	C	35	24	25	1	1	20	0.0277778	36	0.507042	FALSE	NA	NA	NA	NA	NA	NA
2019-nCoV	23227	T	+A	35	23	24	2	0	20	0.0571429	35	0.268008	FALSE	NA	NA	NA	NA	NA	NA
2019-nCoV	23230	C	-A	35	23	24	6	0	20	0.171429	35	0.0223301	FALSE	NA	NA	NA	NA	NA	NA
2019-nCoV	23230	C	+A	35	23	24	1	0	20	0.0285714	35	0.514286	FALSE	NA	NA	NA	NA	NA	NA
2019-nCoV	23235	A	T	23	23	24	1	0	20	0.0416667	24	0.510638	FALSE	NA	NA	NA	NA	NA	NA
2019-nCoV	23236	G	+T	36	23	23	2	0	20	0.0555556	36	0.267504	FALSE	NA	NA	NA	NA	NA	NA
2019-nCoV	23239	T	C	28	24	24	1	0	20	0.0344828	29	0.508772	FALSE	NA	NA	NA	NA	NA	NA
2019-nCoV	23241	T	C	33	21	25	1	1	26	0.0294118	34	0.507463	FALSE	NA	NA	NA	NA	NA	NA
2019-nCoV	23244	C	-T	27	21	24	1	0	20	0.037037	27	0.518519	FALSE	NA	NA	NA	NA	NA	NA
2019-nCoV	23252	C	-A	33	20	24	1	0	20	0.030303	33	0.515152	FALSE	NA	NA	NA	NA	NA	NA
2019-nCoV	23267	A	-T	33	21	24	1	0	20	0.030303	33	0.515152	FALSE	NA	NA	NA	NA	NA	NA
2019-nCoV	23267	A	+T	33	21	24	1	0	20	0.030303	33	0.515152	FALSE	NA	NA	NA	NA	NA	NA
2019-nCoV	23270	G	-C	111	56	25	1	0	20	0.00900901	111	0.755615	FALSE	NA	NA	NA	NA	NA	NA
2019-nCoV	23271	C	T	0	0	0	98	42	24	1	98	1.74929e-58	TRUE	NA	NA	NA	NA	NA	NA
2019-nCoV	23276	A	+C	114	55	26	1	0	20	0.00877193	114	0.755468	FALSE	NA	NA	NA	NA	NA	NA
2019-nCoV	23277	C	T	66	35	26	44	17	24	0.4	110	8.97723e-15	TRUE	NA	NA	NA	NA	NA	NA
2019-nCoV	23279	A	+C	110	54	25	1	0	20	0.00909091	110	0.755666	FALSE	NA	NA	NA	NA	NA	NA
2019-nCoV	23281	T	C	115	58	25	1	0	22	0.00862069	116	0.753247	FALSE	NA	NA	NA	NA	NA	NA
2019-nCoV	23283	A	T	115	59	25	1	0	28	0.00862069	116	0.753247	FALSE	NA	NA	NA	NA	NA	NA
2019-nCoV	23284	T	C	118	58	25	1	1	29	0.00840336	119	0.753165	FALSE	NA	NA	NA	NA	NA	NA
2019-nCoV	23284	T	+G	118	58	25	2	0	20	0.0168067	119	0.506329	FALSE	NA	NA	NA	NA	NA	NA
2019-nCoV	23287	T	C	118	59	25	1	1	27	0.00840336	119	0.753165	FALSE	NA	NA	NA	NA	NA	NA
2019-nCoV	23287	T	+C	118	59	25	1	0	20	0.00840336	119	0.753165	FALSE	NA	NA	NA	NA	NA	NA
2019-nCoV	23289	T	+C	120	63	25	1	0	20	0.00833333	120	0.755195	FALSE	NA	NA	NA	NA	NA	NA
2019-nCoV	23292	G	A	81	37	25	1	1	27	0.0121951	82	0.503067	FALSE	NA	NA	NA	NA	NA	NA
2019-nCoV	23293	T	C	82	38	25	1	0	20	0.0120482	83	0.50303	FALSE	NA	NA	NA	NA	NA	NA
2019-nCoV	23293	T	+C	82	38	25	1	0	20	0.0120482	83	0.50303	FALSE	NA	NA	NA	NA	NA	NA
2019-nCoV	23298	C	+CA	69	38	24	1	0	20	0.0144928	69	0.507246	FALSE	NA	NA	NA	NA	NA	NA
2019-nCoV	23299	A	C	78	38	25	1	0	20	0.0126582	79	0.503185	FALSE	NA	NA	NA	NA	NA	NA
2019-nCoV	23301	A	T	78	36	25	1	1	28	0.0126582	79	0.503185	FALSE	NA	NA	NA	NA	NA	NA
2019-nCoV	23303	A	T	83	37	25	1	1	23	0.0119048	84	0.502994	FALSE	NA	NA	NA	NA	NA	NA
2019-nCoV	23304	C	+A	83	38	25	2	0	20	0.0240964	83	0.257557	FALSE	NA	NA	NA	NA	NA	NA
2019-nCoV	23306	C	+T	84	37	25	1	0	20	0.0119048	84	0.505952	FALSE	NA	NA	NA	NA	NA	NA
2019-nCoV	23311	G	T	78	35	26	5	3	26	0.060241	83	0.0302857	FALSE	NA	NA	NA	NA	NA	NA
2019-nCoV	23312	A	+T	81	37	26	1	0	20	0.0123457	81	0.506173	FALSE	NA	NA	NA	NA	NA	NA
2019-nCoV	23321	A	+T	77	36	24	10	0	20	0.12987	77	0.0014532	TRUE	NA	NA	NA	NA	NA	NA
2019-nCoV	23334	C	-T	76	36	23	25	0	20	0.328947	76	2.1793e-7	TRUE	NA	NA	NA	NA	NA	NA
2019-nCoV	23334	C	+T	76	36	23	1	0	20	0.0131579	76	0.506579	FALSE	NA	NA	NA	NA	NA	NA
2019-nCoV	23339	G	A	169	68	22	1	1	23	0.00588235	170	0.752212	FALSE	NA	NA	NA	NA	NA	NA
2019-nCoV	23341	T	C	221	119	24	2	1	22	0.00896861	223	0.690035	FALSE	NA	NA	NA	NA	NA	NA
2019-nCoV	23348	A	+G	218	123	25	1	0	20	0.00458716	218	0.87757	FALSE	NA	NA	NA	NA	NA	NA
2019-nCoV	23349	G	A	213	116	25	1	0	21	0.0046729	214	0.876754	FALSE	NA	NA	NA	NA	NA	NA
2019-nCoV	23349	G	+A	213	116	25	1	0	20	0.0046729	214	0.876754	FALSE	NA	NA	NA	NA	NA	NA
2019-nCoV	23350	T	+G	218	116	25	2	0	20	0.00917431	218	0.693506	FALSE	NA	NA	NA	NA	NA	NA
2019-nCoV	23350	T	+A	218	116	25	1	0	20	0.00458716	218	0.87757	FALSE	NA	NA	NA	NA	NA	NA
2019-nCoV	23354	A	+G	211	113	25	1	0	20	0.00473934	211	0.877655	FALSE	NA	NA	NA	NA	NA	NA
2019-nCoV	23355	T	C	214	114	24	3	2	26	0.0138249	217	0.502175	FALSE	NA	NA	NA	NA	NA	NA
2019-nCoV	23355	T	-A	214	114	24	1	0	20	0.00460829	217	0.875002	FALSE	NA	NA	NA	NA	NA	NA
2019-nCoV	23355	T	+A	214	114	24	2	0	20	0.00921659	217	0.688373	FALSE	NA	NA	NA	NA	NA	NA
2019-nCoV	23359	A	T	204	116	24	1	1	22	0.00485437	206	0.875917	FALSE	NA	NA	NA	NA	NA	NA
2019-nCoV	23359	A	G	204	116	24	1	0	25	0.00485437	206	0.875917	FALSE	NA	NA	NA	NA	NA	NA
2019-nCoV	23361	C	+CA	184	119	23	1	0	20	0.00543478	184	0.753391	FALSE	NA	NA	NA	NA	NA	NA
2019-nCoV	23361	C	+A	184	119	23	1	0	20	0.00543478	184	0.753391	FALSE	NA	NA	NA	NA	NA	NA
2019-nCoV	23362	A	-G	194	108	24	1	0	20	0.00515464	194	0.753217	FALSE	NA	NA	NA	NA	NA	NA
2019-nCoV	23362	A	+TT	194	108	24	1	0	20	0.00515464	194	0.753217	FALSE	NA	NA	NA	NA	NA	NA
2019-nCoV	23362	A	+C	194	108	24	1	0	20	0.00515464	194	0.753217	FALSE	NA	NA	NA	NA	NA	NA
2019-nCoV	23364	G	A	165	112	23	1	0	28	0.0060241	166	0.752266	FALSE	NA	NA	NA	NA	NA	NA
2019-nCoV	23364	G	-A	165	112	23	2	0	20	0.0120482	166	0.504532	FALSE	NA	NA	NA	NA	NA	NA
2019-nCoV	23364	G	+A	165	112	23	1	0	20	0.0060241	166	0.752266	FALSE	NA	NA	NA	NA	NA	NA
2019-nCoV	23367	C	G	198	114	24	1	0	23	0.00502513	199	0.751889	FALSE	NA	NA	NA	NA	NA	NA
2019-nCoV	23367	C	-A	198	114	24	2	0	20	0.0100503	199	0.503778	FALSE	NA	NA	NA	NA	NA	NA
2019-nCoV	23367	C	+G	198	114	24	1	0	20	0.00502513	199	0.751889	FALSE	NA	NA	NA	NA	NA	NA
2019-nCoV	23367	C	+A	198	114	24	10	0	20	0.0502513	199	0.00670839	TRUE	NA	NA	NA	NA	NA	NA
2019-nCoV	23370	A	G	143	114	24	3	3	26	0.0205479	146	0.313791	FALSE	NA	NA	NA	NA	NA	NA
2019-nCoV	23371	T	C	194	114	24	2	2	26	0.0102041	196	0.501923	FALSE	NA	NA	NA	NA	NA	NA
2019-nCoV	23373	C	T	190	111	24	1	0	27	0.00520833	192	0.750656	FALSE	NA	NA	NA	NA	NA	NA
2019-nCoV	23373	C	A	190	111	24	1	0	23	0.00520833	192	0.750656	FALSE	NA	NA	NA	NA	NA	NA
2019-nCoV	23373	C	-T	190	111	24	1	0	20	0.00520833	192	0.750656	FALSE	NA	NA	NA	NA	NA	NA
2019-nCoV	23373	C	+A	190	111	24	3	0	20	0.015625	192	0.315444	FALSE	NA	NA	NA	NA	NA	NA
2019-nCoV	23374	T	C	159	78	23	1	1	24	0.00625	160	0.750784	FALSE	NA	NA	NA	NA	NA	NA
2019-nCoV	23376	C	+T	195	116	25	2	0	20	0.0102564	195	0.505769	FALSE	NA	NA	NA	NA	NA	NA
2019-nCoV	23376	C	+G	195	116	25	1	0	20	0.00512821	195	0.7532	FALSE	NA	NA	NA	NA	NA	NA
2019-nCoV	23377	T	-A	198	116	25	1	0	20	0.00505051	198	0.753152	FALSE	NA	NA	NA	NA	NA	NA
2019-nCoV	23377	T	+A	198	116	25	1	0	20	0.00505051	198	0.753152	FALSE	NA	NA	NA	NA	NA	NA
2019-nCoV	23382	A	G	189	112	25	1	0	25	0.00526316	190	0.751979	FALSE	NA	NA	NA	NA	NA	NA
2019-nCoV	23385	T	C	171	86	23	1	0	22	0.00581395	172	0.752187	FALSE	NA	NA	NA	NA	NA	NA
2019-nCoV	23387	G	+T	200	122	24	1	0	20	0.005	200	0.876868	FALSE	NA	NA	NA	NA	NA	NA
2019-nCoV	23388	C	+T	210	126	24	1	0	20	0.0047619	210	0.877668	FALSE	NA	NA	NA	NA	NA	NA
2019-nCoV	23390	G	+T	208	124	25	2	0	20	0.00961538	208	0.693794	FALSE	NA	NA	NA	NA	NA	NA
2019-nCoV	23392	T	C	171	116	23	1	0	26	0.00581395	172	0.752187	FALSE	NA	NA	NA	NA	NA	NA
2019-nCoV	23393	C	-T	192	112	24	1	0	20	0.00520833	192	0.75325	FALSE	NA	NA	NA	NA	NA	NA
2019-nCoV	23393	C	+T	192	112	24	4	0	20	0.0208333	192	0.194055	FALSE	NA	NA	NA	NA	NA	NA
2019-nCoV	23393	C	+G	192	112	24	1	0	20	0.00520833	192	0.75325	FALSE	NA	NA	NA	NA	NA	NA
2019-nCoV	23395	T	G	206	123	25	1	0	23	0.00483092	207	0.876814	FALSE	NA	NA	NA	NA	NA	NA
2019-nCoV	23396	T	C	146	121	24	2	1	24	0.0134228	149	0.5	FALSE	NA	NA	NA	NA	NA	NA
2019-nCoV	23396	T	A	146	121	24	1	0	23	0.00671141	149	0.749153	FALSE	NA	NA	NA	NA	NA	NA
2019-nCoV	23398	T	C	195	114	24	1	1	22	0.00510204	196	0.751918	FALSE	NA	NA	NA	NA	NA	NA
2019-nCoV	23398	T	+TC	195	114	24	1	0	20	0.00510204	196	0.751918	FALSE	NA	NA	NA	NA	NA	NA
2019-nCoV	23399	C	T	192	116	24	1	0	20	0.00518135	193	0.751948	FALSE	NA	NA	NA	NA	NA	NA
2019-nCoV	23399	C	+T	192	116	24	3	0	20	0.015544	193	0.317376	FALSE	NA	NA	NA	NA	NA	NA
2019-nCoV	23400	A	T	183	110	24	1	0	20	0.00543478	184	0.752044	FALSE	NA	NA	NA	NA	NA	NA
2019-nCoV	23400	A	+G	183	110	24	7	0	20	0.0380435	184	0.0378933	FALSE	NA	NA	NA	NA	NA	NA
2019-nCoV	23400	A	+AG	183	110	24	1	0	20	0.00543478	184	0.752044	FALSE	NA	NA	NA	NA	NA	NA
2019-nCoV	23402	G	-A	198	119	25	1	0	20	0.00505051	198	0.753152	FALSE	NA	NA	NA	NA	NA	NA
2019-nCoV	23403	A	G	0	0	0	145	113	24	1	145	1.5677899999999999e-84	TRUE	NA	NA	NA	NA	NA	NA
2019-nCoV	23404	T	+G	183	112	24	1	0	20	0.00546448	183	0.75341	FALSE	NA	NA	NA	NA	NA	NA
2019-nCoV	23405	G	+T	191	118	24	1	0	20	0.0052356	191	0.753267	FALSE	NA	NA	NA	NA	NA	NA
2019-nCoV	23406	T	G	147	72	23	1	1	20	0.00675676	148	0.752542	FALSE	NA	NA	NA	NA	NA	NA
2019-nCoV	23410	C	+T	181	106	24	1	0	20	0.00552486	181	0.753447	FALSE	NA	NA	NA	NA	NA	NA
2019-nCoV	23414	A	+C	198	118	25	1	0	20	0.00505051	198	0.753152	FALSE	NA	NA	NA	NA	NA	NA
2019-nCoV	23415	C	T	203	123	25	1	1	21	0.00490196	204	0.87684	FALSE	NA	NA	NA	NA	NA	NA
2019-nCoV	23417	G	-A	199	116	25	1	0	20	0.00502513	199	0.753136	FALSE	NA	NA	NA	NA	NA	NA
2019-nCoV	23417	G	+A	199	116	25	2	0	20	0.0100503	199	0.505653	FALSE	NA	NA	NA	NA	NA	NA
2019-nCoV	23419	A	-G	187	121	24	1	0	20	0.00534759	187	0.753337	FALSE	NA	NA	NA	NA	NA	NA
2019-nCoV	23420	G	+T	199	117	25	2	0	20	0.01	200	0.690314	FALSE	NA	NA	NA	NA	NA	NA
2019-nCoV	23421	T	C	208	123	25	1	0	28	0.00478469	209	0.876796	FALSE	NA	NA	NA	NA	NA	NA
2019-nCoV	23422	C	+T	207	122	25	1	0	20	0.00483092	207	0.877706	FALSE	NA	NA	NA	NA	NA	NA
2019-nCoV	23423	C	T	2	0	21	201	118	25	0.990148	203	1.27297e-112	TRUE	NA	NA	NA	NA	NA	NA
2019-nCoV	23424	C	T	201	118	25	1	1	28	0.00492611	203	0.875931	FALSE	NA	NA	NA	NA	NA	NA
2019-nCoV	23424	C	A	201	118	25	1	0	21	0.00492611	203	0.875931	FALSE	NA	NA	NA	NA	NA	NA
2019-nCoV	23426	G	A	208	126	25	1	0	25	0.00478469	209	0.876796	FALSE	NA	NA	NA	NA	NA	NA
2019-nCoV	23426	G	+T	208	126	25	1	0	20	0.00478469	209	0.876796	FALSE	NA	NA	NA	NA	NA	NA
2019-nCoV	23427	T	C	186	104	23	1	1	26	0.00531915	188	0.75067	FALSE	NA	NA	NA	NA	NA	NA
2019-nCoV	23427	T	A	186	104	23	1	0	27	0.00531915	188	0.75067	FALSE	NA	NA	NA	NA	NA	NA
2019-nCoV	23428	T	G	160	128	25	1	1	21	0.00609756	164	0.747678	FALSE	NA	NA	NA	NA	NA	NA
2019-nCoV	23428	T	C	160	128	25	3	2	23	0.0182927	164	0.311341	FALSE	NA	NA	NA	NA	NA	NA
2019-nCoV	23428	T	+TG	160	128	25	1	0	20	0.00609756	164	0.747678	FALSE	NA	NA	NA	NA	NA	NA
2019-nCoV	23430	C	+A	186	123	25	1	0	20	0.00537634	186	0.753355	FALSE	NA	NA	NA	NA	NA	NA
2019-nCoV	23432	A	+T	199	125	25	2	0	20	0.0100503	199	0.505653	FALSE	NA	NA	NA	NA	NA	NA
2019-nCoV	23433	T	C	185	109	23	1	1	32	0.00537634	186	0.501348	FALSE	NA	NA	NA	NA	NA	NA
2019-nCoV	23434	T	-C	177	119	24	1	0	20	0.00564972	177	0.753525	FALSE	NA	NA	NA	NA	NA	NA
2019-nCoV	23437	T	-G	196	120	25	1	0	20	0.00510204	196	0.753184	FALSE	NA	NA	NA	NA	NA	NA
2019-nCoV	23438	G	A	196	118	25	3	2	28	0.0150754	199	0.497638	FALSE	NA	NA	NA	NA	NA	NA
2019-nCoV	23438	G	+C	196	118	25	1	0	20	0.005	200	0.873099	FALSE	NA	NA	NA	NA	NA	NA
2019-nCoV	23442	A	G	199	124	25	3	3	26	0.0148515	202	0.502338	FALSE	NA	NA	NA	NA	NA	NA
2019-nCoV	23443	T	C	206	128	26	1	1	24	0.00483092	207	0.876814	FALSE	NA	NA	NA	NA	NA	NA
2019-nCoV	23447	C	+T	133	92	25	1	0	20	0.0075188	133	0.754689	FALSE	NA	NA	NA	NA	NA	NA
2019-nCoV	23448	T	C	121	81	23	1	0	21	0.00819672	122	0.753086	FALSE	NA	NA	NA	NA	NA	NA
2019-nCoV	23451	C	-T	130	90	26	1	0	20	0.00769231	130	0.754797	FALSE	NA	NA	NA	NA	NA	NA
2019-nCoV	23452	T	C	130	91	25	1	0	27	0.00763359	131	0.750958	FALSE	NA	NA	NA	NA	NA	NA
2019-nCoV	23452	T	-C	130	91	25	1	0	20	0.00757576	132	0.750958	FALSE	NA	NA	NA	NA	NA	NA
2019-nCoV	23457	C	+T	127	88	25	1	0	20	0.00787402	127	0.75491	FALSE	NA	NA	NA	NA	NA	NA
2019-nCoV	23459	T	-G	113	90	25	1	0	20	0.00884956	113	0.755516	FALSE	NA	NA	NA	NA	NA	NA
2019-nCoV	23463	G	+T	125	87	25	1	0	20	0.008	125	0.754988	FALSE	NA	NA	NA	NA	NA	NA
2019-nCoV	23465	G	-T	127	90	25	1	0	20	0.00787402	127	0.75491	FALSE	NA	NA	NA	NA	NA	NA
2019-nCoV	23465	G	+T	127	90	25	2	0	20	0.015748	127	0.508858	FALSE	NA	NA	NA	NA	NA	NA
2019-nCoV	23466	T	G	80	43	23	2	0	26	0.0243902	82	0.248466	FALSE	NA	NA	NA	NA	NA	NA
2019-nCoV	23469	A	+T	124	85	24	1	0	20	0.00806452	124	0.755028	FALSE	NA	NA	NA	NA	NA	NA
2019-nCoV	23470	T	C	97	57	23	1	1	25	0.0102041	98	0.502564	FALSE	NA	NA	NA	NA	NA	NA
2019-nCoV	23473	T	C	126	90	25	1	1	27	0.00787402	127	0.752964	FALSE	NA	NA	NA	NA	NA	NA
2019-nCoV	23474	A	+T	125	87	25	1	0	20	0.008	125	0.754988	FALSE	NA	NA	NA	NA	NA	NA
2019-nCoV	23477	G	A	93	56	24	1	1	24	0.0106383	94	0.502674	FALSE	NA	NA	NA	NA	NA	NA
2019-nCoV	23478	G	+T	112	87	24	1	0	20	0.00892857	112	0.755565	FALSE	NA	NA	NA	NA	NA	NA
2019-nCoV	23480	T	A	113	90	25	2	0	27	0.0173913	115	0.50329	FALSE	NA	NA	NA	NA	NA	NA
2019-nCoV	23481	C	T	125	90	25	1	1	25	0.00793651	126	0.752988	FALSE	NA	NA	NA	NA	NA	NA
2019-nCoV	23481	C	+T	125	90	25	1	0	20	0.00793651	126	0.752988	FALSE	NA	NA	NA	NA	NA	NA
2019-nCoV	23484	A	+T	107	85	24	1	0	20	0.00934579	107	0.755825	FALSE	NA	NA	NA	NA	NA	NA
2019-nCoV	23484	A	+G	107	85	24	1	0	20	0.00934579	107	0.755825	FALSE	NA	NA	NA	NA	NA	NA
2019-nCoV	23486	G	-T	117	83	23	49	0	20	0.418803	117	4.1983e-12	TRUE	NA	NA	NA	NA	NA	NA
2019-nCoV	23486	G	+T	117	83	23	2	0	20	0.017094	117	0.509615	FALSE	NA	NA	NA	NA	NA	NA
2019-nCoV	23487	T	C	75	1	24	1	1	27	0.0131579	76	0.47205	FALSE	NA	NA	NA	NA	NA	NA
2019-nCoV	23487	T	+AGATCAACTTACTCCTACTTGGCGTGTTTATTCTACAGGTTCTATG	75	1	24	1	0	20	0.0116279	86	0.47205	FALSE	NA	NA	NA	NA	NA	NA
2019-nCoV	23492	C	A	282	194	23	2	0	20	0.00704225	284	0.689488	FALSE	NA	NA	NA	NA	NA	NA
2019-nCoV	23492	C	-A	282	194	23	6	0	20	0.0211268	284	0.148609	FALSE	NA	NA	NA	NA	NA	NA
2019-nCoV	23492	C	+A	282	194	23	2	0	20	0.00704225	284	0.689488	FALSE	NA	NA	NA	NA	NA	NA
2019-nCoV	23493	A	T	157	64	23	1	1	24	0.00632911	158	0.752381	FALSE	NA	NA	NA	NA	NA	NA
2019-nCoV	23495	A	+T	238	208	24	1	0	20	0.00420168	238	0.877355	FALSE	NA	NA	NA	NA	NA	NA
2019-nCoV	23496	C	T	290	204	24	1	1	23	0.00343643	291	0.87629	FALSE	NA	NA	NA	NA	NA	NA
2019-nCoV	23496	C	+A	290	204	24	1	0	20	0.00343643	291	0.87629	FALSE	NA	NA	NA	NA	NA	NA
2019-nCoV	23497	A	G	296	206	25	1	1	23	0.003367	297	0.876264	FALSE	NA	NA	NA	NA	NA	NA
2019-nCoV	23497	A	+C	296	206	25	1	0	20	0.003367	297	0.876264	FALSE	NA	NA	NA	NA	NA	NA
2019-nCoV	23498	C	-G	296	206	25	1	0	20	0.00337838	296	0.876895	FALSE	NA	NA	NA	NA	NA	NA
2019-nCoV	23499	G	+T	302	210	25	1	0	20	0.00330033	303	0.93853	FALSE	NA	NA	NA	NA	NA	NA
2019-nCoV	23499	G	+C	302	210	25	1	0	20	0.00330033	303	0.93853	FALSE	NA	NA	NA	NA	NA	NA
2019-nCoV	23503	A	T	304	208	25	1	1	23	0.00327869	305	0.938524	FALSE	NA	NA	NA	NA	NA	NA
2019-nCoV	23503	A	+G	304	208	25	1	0	20	0.00327869	305	0.938524	FALSE	NA	NA	NA	NA	NA	NA
2019-nCoV	23507	T	C	300	200	25	1	1	23	0.00331126	302	0.938123	FALSE	NA	NA	NA	NA	NA	NA
2019-nCoV	23507	T	A	300	200	25	1	1	27	0.00331126	302	0.938123	FALSE	NA	NA	NA	NA	NA	NA
2019-nCoV	23507	T	+G	300	200	25	2	0	20	0.00662252	302	0.814576	FALSE	NA	NA	NA	NA	NA	NA
2019-nCoV	23507	T	+C	300	200	25	1	0	20	0.00331126	302	0.938123	FALSE	NA	NA	NA	NA	NA	NA
2019-nCoV	23507	T	+A	300	200	25	1	0	20	0.00331126	302	0.938123	FALSE	NA	NA	NA	NA	NA	NA
2019-nCoV	23508	G	+T	298	201	24	3	0	20	0.0100671	298	0.506292	FALSE	NA	NA	NA	NA	NA	NA
2019-nCoV	23509	T	A	191	91	23	1	1	23	0.00520833	192	0.751958	FALSE	NA	NA	NA	NA	NA	NA
2019-nCoV	23511	T	-A	249	210	24	1	0	20	0.00401606	249	0.877251	FALSE	NA	NA	NA	NA	NA	NA
2019-nCoV	23511	T	+TA	249	210	24	2	0	20	0.00803213	249	0.69276	FALSE	NA	NA	NA	NA	NA	NA
2019-nCoV	23511	T	+A	249	210	24	1	0	20	0.00401606	249	0.877251	FALSE	NA	NA	NA	NA	NA	NA
2019-nCoV	23513	A	G	264	208	24	2	2	25	0.0075188	266	0.689623	FALSE	NA	NA	NA	NA	NA	NA
2019-nCoV	23514	T	+A	294	204	24	1	0	20	0.00340136	294	0.876908	FALSE	NA	NA	NA	NA	NA	NA
2019-nCoV	23515	A	-G	286	195	24	8	0	20	0.027972	286	0.0587715	FALSE	NA	NA	NA	NA	NA	NA
2019-nCoV	23515	A	+G	286	195	24	2	0	20	0.00699301	286	0.692081	FALSE	NA	NA	NA	NA	NA	NA
2019-nCoV	23519	G	+C	227	213	24	1	0	20	0.00440529	227	0.877469	FALSE	NA	NA	NA	NA	NA	NA
2019-nCoV	23521	T	G	297	211	25	1	0	25	0.0033557	298	0.876259	FALSE	NA	NA	NA	NA	NA	NA
2019-nCoV	23521	T	+G	297	211	25	1	0	20	0.0033557	298	0.876259	FALSE	NA	NA	NA	NA	NA	NA
2019-nCoV	23522	G	-A	291	205	24	1	0	20	0.00343643	291	0.876927	FALSE	NA	NA	NA	NA	NA	NA
2019-nCoV	23524	A	G	280	207	24	2	2	26	0.0070922	282	0.689502	FALSE	NA	NA	NA	NA	NA	NA
2019-nCoV	23524	A	+G	280	207	24	3	0	20	0.0106383	282	0.503336	FALSE	NA	NA	NA	NA	NA	NA
2019-nCoV	23525	C	T	0	0	0	290	205	25	1	290	6.48395e-169	TRUE	NA	NA	NA	NA	NA	NA
2019-nCoV	23528	G	+T	311	222	25	2	0	20	0.00643087	311	0.816502	FALSE	NA	NA	NA	NA	NA	NA
2019-nCoV	23529	T	A	311	221	25	2	0	25	0.00638978	313	0.814502	FALSE	NA	NA	NA	NA	NA	NA
2019-nCoV	23529	T	+C	311	221	25	1	0	20	0.00319489	313	0.938101	FALSE	NA	NA	NA	NA	NA	NA
2019-nCoV	23530	C	T	312	218	25	1	1	27	0.00319489	313	0.938498	FALSE	NA	NA	NA	NA	NA	NA
2019-nCoV	23530	C	+A	312	218	25	2	0	20	0.00638978	313	0.815493	FALSE	NA	NA	NA	NA	NA	NA
2019-nCoV	23531	A	G	247	153	23	1	0	26	0.00403226	248	0.876514	FALSE	NA	NA	NA	NA	NA	NA
2019-nCoV	23532	A	G	281	217	24	1	1	21	0.0035461	282	0.876331	FALSE	NA	NA	NA	NA	NA	NA
2019-nCoV	23533	C	T	296	207	24	4	3	27	0.0133333	300	0.5	FALSE	NA	NA	NA	NA	NA	NA
2019-nCoV	23533	C	-A	296	207	24	1	0	20	0.00333333	300	0.936869	FALSE	NA	NA	NA	NA	NA	NA
2019-nCoV	23533	C	+A	296	207	24	4	0	20	0.0133333	300	0.5	FALSE	NA	NA	NA	NA	NA	NA
2019-nCoV	23535	A	+C	274	215	25	2	0	20	0.00729927	274	0.692281	FALSE	NA	NA	NA	NA	NA	NA
2019-nCoV	23536	C	G	304	214	25	1	1	26	0.00327869	305	0.938524	FALSE	NA	NA	NA	NA	NA	NA
2019-nCoV	23537	T	+C	304	218	25	1	0	20	0.00328947	304	0.938932	FALSE	NA	NA	NA	NA	NA	NA
2019-nCoV	23542	T	+G	173	123	25	2	0	20	0.0115607	173	0.506503	FALSE	NA	NA	NA	NA	NA	NA
2019-nCoV	23544	A	G	171	121	25	1	1	26	0.00581395	172	0.752187	FALSE	NA	NA	NA	NA	NA	NA
2019-nCoV	23545	G	A	170	119	25	1	1	26	0.00584795	171	0.752199	FALSE	NA	NA	NA	NA	NA	NA
2019-nCoV	23546	T	C	171	121	25	1	0	28	0.00581395	172	0.752187	FALSE	NA	NA	NA	NA	NA	NA
2019-nCoV	23547	G	+T	171	120	24	1	0	20	0.00584795	171	0.753649	FALSE	NA	NA	NA	NA	NA	NA
2019-nCoV	23548	T	G	170	120	24	1	0	22	0.00578035	173	0.749271	FALSE	NA	NA	NA	NA	NA	NA
2019-nCoV	23548	T	C	170	120	24	2	1	24	0.0115607	173	0.5	FALSE	NA	NA	NA	NA	NA	NA
2019-nCoV	23551	C	T	166	121	25	1	0	25	0.00598802	167	0.752252	FALSE	NA	NA	NA	NA	NA	NA
2019-nCoV	23552	A	T	162	117	25	1	1	22	0.00606061	165	0.749235	FALSE	NA	NA	NA	NA	NA	NA
2019-nCoV	23552	A	G	162	117	25	2	2	28	0.0121212	165	0.5	FALSE	NA	NA	NA	NA	NA	NA
2019-nCoV	23554	A	G	152	112	24	1	1	24	0.00653595	153	0.752459	FALSE	NA	NA	NA	NA	NA	NA
2019-nCoV	23554	A	+C	152	112	24	1	0	20	0.00653595	153	0.752459	FALSE	NA	NA	NA	NA	NA	NA
2019-nCoV	23558	A	G	139	104	24	2	2	22	0.0141844	141	0.502679	FALSE	NA	NA	NA	NA	NA	NA
2019-nCoV	23558	A	-T	139	104	24	2	0	20	0.0141844	141	0.502679	FALSE	NA	NA	NA	NA	NA	NA
2019-nCoV	23562	G	C	139	116	25	1	1	27	0.00714286	140	0.752688	FALSE	NA	NA	NA	NA	NA	NA
2019-nCoV	23563	T	C	152	108	25	1	0	25	0.00653595	153	0.752459	FALSE	NA	NA	NA	NA	NA	NA
2019-nCoV	23563	T	+G	152	108	25	1	0	20	0.00653595	153	0.752459	FALSE	NA	NA	NA	NA	NA	NA
2019-nCoV	23565	C	T	153	111	25	2	1	27	0.0129032	155	0.502435	FALSE	NA	NA	NA	NA	NA	NA
2019-nCoV	23566	A	G	147	108	24	1	0	22	0.00675676	148	0.752542	FALSE	NA	NA	NA	NA	NA	NA
2019-nCoV	23567	G	A	98	55	23	1	0	22	0.010101	99	0.502538	FALSE	NA	NA	NA	NA	NA	NA
2019-nCoV	23567	G	+TG	98	55	23	1	0	20	0.010101	99	0.502538	FALSE	NA	NA	NA	NA	NA	NA
2019-nCoV	23571	T	C	159	115	24	1	1	25	0.00625	160	0.752351	FALSE	NA	NA	NA	NA	NA	NA
2019-nCoV	23571	T	+A	159	115	24	1	0	20	0.00625	160	0.752351	FALSE	NA	NA	NA	NA	NA	NA
2019-nCoV	23572	A	T	150	109	24	1	1	26	0.00662252	151	0.752492	FALSE	NA	NA	NA	NA	NA	NA
2019-nCoV	23573	T	A	164	120	24	1	1	20	0.00606061	165	0.75228	FALSE	NA	NA	NA	NA	NA	NA
2019-nCoV	23573	T	+G	164	120	24	1	0	20	0.00606061	165	0.75228	FALSE	NA	NA	NA	NA	NA	NA
2019-nCoV	23574	G	+TGA	164	121	24	1	0	20	0.00609756	164	0.753804	FALSE	NA	NA	NA	NA	NA	NA
2019-nCoV	23575	C	T	166	120	25	1	1	27	0.00598802	167	0.752252	FALSE	NA	NA	NA	NA	NA	NA
2019-nCoV	23579	A	G	168	118	25	1	1	24	0.00591716	169	0.752226	FALSE	NA	NA	NA	NA	NA	NA
2019-nCoV	23580	G	A	162	118	25	1	0	22	0.00613497	163	0.752308	FALSE	NA	NA	NA	NA	NA	NA
2019-nCoV	23582	T	C	377	232	24	1	1	21	0.0026455	378	0.938326	FALSE	NA	NA	NA	NA	NA	NA
2019-nCoV	23582	T	+AAAAA	377	232	24	1	0	20	0.0026455	378	0.938326	FALSE	NA	NA	NA	NA	NA	NA
2019-nCoV	23583	A	G	430	234	25	1	1	28	0.00232019	431	0.969293	FALSE	NA	NA	NA	NA	NA	NA
2019-nCoV	23583	A	+TC	430	234	25	1	0	20	0.00232019	431	0.969293	FALSE	NA	NA	NA	NA	NA	NA
2019-nCoV	23583	A	+T	430	234	25	1	0	20	0.00232019	431	0.969293	FALSE	NA	NA	NA	NA	NA	NA
2019-nCoV	23583	A	+G	430	234	25	1	0	20	0.00232019	431	0.969293	FALSE	NA	NA	NA	NA	NA	NA
2019-nCoV	23584	T	C	426	228	25	2	2	23	0.0046729	428	0.891995	FALSE	NA	NA	NA	NA	NA	NA
2019-nCoV	23584	T	+C	426	228	25	1	0	20	0.00233645	428	0.969116	FALSE	NA	NA	NA	NA	NA	NA
2019-nCoV	23584	T	+A	426	228	25	1	0	20	0.00233645	428	0.969116	FALSE	NA	NA	NA	NA	NA	NA
2019-nCoV	23585	C	T	419	225	25	1	1	25	0.00238095	420	0.969307	FALSE	NA	NA	NA	NA	NA	NA
2019-nCoV	23585	C	+T	419	225	25	1	0	20	0.00238095	420	0.969307	FALSE	NA	NA	NA	NA	NA	NA
2019-nCoV	23585	C	+A	419	225	25	1	0	20	0.00238095	420	0.969307	FALSE	NA	NA	NA	NA	NA	NA
2019-nCoV	23586	A	T	406	230	25	1	1	28	0.002457	407	0.969324	FALSE	NA	NA	NA	NA	NA	NA
2019-nCoV	23586	A	+G	406	230	25	1	0	20	0.002457	407	0.969324	FALSE	NA	NA	NA	NA	NA	NA
2019-nCoV	23588	A	-C	426	230	25	1	0	20	0.00234742	426	0.969479	FALSE	NA	NA	NA	NA	NA	NA
2019-nCoV	23590	T	C	417	222	25	1	0	29	0.00239234	418	0.969309	FALSE	NA	NA	NA	NA	NA	NA
2019-nCoV	23592	A	T	440	231	25	1	1	22	0.00226244	442	0.969104	FALSE	NA	NA	NA	NA	NA	NA
2019-nCoV	23592	A	G	440	231	25	1	0	32	0.00226244	442	0.5	FALSE	NA	NA	NA	NA	NA	NA
2019-nCoV	23593	G	A	447	236	25	1	1	27	0.00223214	448	0.969099	FALSE	NA	NA	NA	NA	NA	NA
2019-nCoV	23593	G	+A	447	236	25	3	0	20	0.00668151	449	0.77618	FALSE	NA	NA	NA	NA	NA	NA
2019-nCoV	23594	A	G	444	235	25	1	0	23	0.00224719	445	0.969275	FALSE	NA	NA	NA	NA	NA	NA
2019-nCoV	23594	A	+C	444	235	25	2	0	20	0.00449438	445	0.892464	FALSE	NA	NA	NA	NA	NA	NA
2019-nCoV	23596	T	C	411	211	25	1	1	22	0.00242718	412	0.969317	FALSE	NA	NA	NA	NA	NA	NA
2019-nCoV	23596	T	-A	411	211	25	2	0	20	0.00485437	412	0.892611	FALSE	NA	NA	NA	NA	NA	NA
2019-nCoV	23598	A	G	379	215	23	1	1	23	0.00263158	380	0.938322	FALSE	NA	NA	NA	NA	NA	NA
2019-nCoV	23598	A	+G	379	215	23	3	0	20	0.00789474	380	0.660567	FALSE	NA	NA	NA	NA	NA	NA
2019-nCoV	23599	T	G	0	0	0	413	206	24	1	413	1.99987e-238	TRUE	NA	NA	NA	NA	NA	NA
2019-nCoV	23600	T	A	428	219	25	1	1	23	0.002331	429	0.969295	FALSE	NA	NA	NA	NA	NA	NA
2019-nCoV	23600	T	+C	428	219	25	1	0	20	0.002331	429	0.969295	FALSE	NA	NA	NA	NA	NA	NA
2019-nCoV	23601	C	T	432	227	25	1	0	31	0.00230947	433	0.500578	FALSE	NA	NA	NA	NA	NA	NA
2019-nCoV	23601	C	+A	432	227	25	1	0	20	0.00230947	433	0.96929	FALSE	NA	NA	NA	NA	NA	NA
2019-nCoV	23602	T	C	419	220	25	3	1	23	0.007109	422	0.775388	FALSE	NA	NA	NA	NA	NA	NA
2019-nCoV	23603	C	T	418	223	25	1	0	20	0.00238663	419	0.969308	FALSE	NA	NA	NA	NA	NA	NA
2019-nCoV	23603	C	+T	418	223	25	1	0	20	0.00238663	419	0.969308	FALSE	NA	NA	NA	NA	NA	NA
2019-nCoV	23603	C	+G	418	223	25	3	0	20	0.0071599	419	0.777346	FALSE	NA	NA	NA	NA	NA	NA
2019-nCoV	23604	C	G	1	0	20	415	221	25	0.997596	416	1.3171699999999997e-237	TRUE	NA	NA	NA	NA	NA	NA
2019-nCoV	23605	T	+C	422	227	25	1	0	20	0.00236967	422	0.969486	FALSE	NA	NA	NA	NA	NA	NA
2019-nCoV	23606	C	A	429	230	25	1	1	23	0.00232558	430	0.969294	FALSE	NA	NA	NA	NA	NA	NA
2019-nCoV	23606	C	+G	429	230	25	1	0	20	0.00232558	430	0.969294	FALSE	NA	NA	NA	NA	NA	NA
2019-nCoV	23608	G	A	375	229	24	1	0	27	0.00265957	376	0.938331	FALSE	NA	NA	NA	NA	NA	NA
2019-nCoV	23609	C	T	413	219	24	1	0	26	0.00241546	414	0.969315	FALSE	NA	NA	NA	NA	NA	NA
2019-nCoV	23609	C	-G	413	219	24	7	0	20	0.0169082	414	0.282641	FALSE	NA	NA	NA	NA	NA	NA
2019-nCoV	23609	C	+G	413	219	24	1	0	20	0.00241546	414	0.969315	FALSE	NA	NA	NA	NA	NA	NA
2019-nCoV	23612	G	+C	275	228	24	1	0	20	0.00363636	275	0.877039	FALSE	NA	NA	NA	NA	NA	NA
2019-nCoV	23613	C	+G	411	216	24	1	0	20	0.00243309	411	0.969505	FALSE	NA	NA	NA	NA	NA	NA
2019-nCoV	23614	A	G	420	220	25	1	1	25	0.0023753	421	0.969305	FALSE	NA	NA	NA	NA	NA	NA
2019-nCoV	23614	A	+CCC	420	220	25	1	0	20	0.0023753	421	0.969305	FALSE	NA	NA	NA	NA	NA	NA
2019-nCoV	23615	C	+G	412	213	25	1	0	20	0.00242718	412	0.969504	FALSE	NA	NA	NA	NA	NA	NA
2019-nCoV	23616	G	+TT	418	225	25	1	0	20	0.00239234	418	0.969493	FALSE	NA	NA	NA	NA	NA	NA
2019-nCoV	23617	T	+A	421	226	25	1	0	20	0.0023753	421	0.969488	FALSE	NA	NA	NA	NA	NA	NA
2019-nCoV	23618	A	+G	422	224	25	2	0	20	0.00473934	422	0.89311	FALSE	NA	NA	NA	NA	NA	NA
2019-nCoV	23618	A	+C	422	224	25	1	0	20	0.00236967	422	0.969486	FALSE	NA	NA	NA	NA	NA	NA
2019-nCoV	23619	G	A	424	225	25	1	0	21	0.00235294	425	0.9693	FALSE	NA	NA	NA	NA	NA	NA
2019-nCoV	23619	G	+T	424	225	25	1	0	20	0.00235294	425	0.9693	FALSE	NA	NA	NA	NA	NA	NA
2019-nCoV	23620	T	C	412	221	25	5	3	25	0.0119904	417	0.501484	FALSE	NA	NA	NA	NA	NA	NA
2019-nCoV	23620	T	+C	412	221	25	1	0	20	0.00239808	417	0.968561	FALSE	NA	NA	NA	NA	NA	NA
2019-nCoV	23622	T	C	422	229	25	1	0	22	0.00236407	423	0.969303	FALSE	NA	NA	NA	NA	NA	NA
2019-nCoV	23623	A	+G	428	228	25	1	0	20	0.00233645	428	0.969476	FALSE	NA	NA	NA	NA	NA	NA
2019-nCoV	23624	G	A	420	216	25	1	1	26	0.0023753	421	0.969305	FALSE	NA	NA	NA	NA	NA	NA
2019-nCoV	23625	C	+T	410	213	25	1	0	20	0.00243902	410	0.969507	FALSE	NA	NA	NA	NA	NA	NA
2019-nCoV	23625	C	+G	410	213	25	1	0	20	0.00243902	410	0.969507	FALSE	NA	NA	NA	NA	NA	NA
2019-nCoV	23625	C	+A	410	213	25	1	0	20	0.00243902	410	0.969507	FALSE	NA	NA	NA	NA	NA	NA
2019-nCoV	23626	T	C	416	221	24	1	0	21	0.00239808	417	0.969311	FALSE	NA	NA	NA	NA	NA	NA
2019-nCoV	23626	T	-A	416	221	24	1	0	20	0.00239808	417	0.969311	FALSE	NA	NA	NA	NA	NA	NA
2019-nCoV	23627	A	G	399	199	25	1	0	21	0.0025	400	0.96914	FALSE	NA	NA	NA	NA	NA	NA
2019-nCoV	23628	G	C	405	208	25	2	2	24	0.004914	407	0.892066	FALSE	NA	NA	NA	NA	NA	NA
2019-nCoV	23628	G	-T	405	208	25	1	0	20	0.002457	407	0.969135	FALSE	NA	NA	NA	NA	NA	NA
2019-nCoV	23628	G	+T	405	208	25	1	0	20	0.002457	407	0.969135	FALSE	NA	NA	NA	NA	NA	NA
2019-nCoV	23629	T	C	410	210	25	2	2	20	0.00485437	412	0.89148	FALSE	NA	NA	NA	NA	NA	NA
2019-nCoV	23629	T	+C	410	210	25	2	0	20	0.00484262	413	0.89148	FALSE	NA	NA	NA	NA	NA	NA
2019-nCoV	23630	C	-A	393	198	24	3	0	20	0.00763359	393	0.661607	FALSE	NA	NA	NA	NA	NA	NA
2019-nCoV	23630	C	+A	393	198	24	1	0	20	0.00254453	393	0.938609	FALSE	NA	NA	NA	NA	NA	NA
2019-nCoV	23632	A	G	361	223	23	1	0	28	0.00276243	362	0.938363	FALSE	NA	NA	NA	NA	NA	NA
2019-nCoV	23632	A	+T	361	223	23	1	0	20	0.00276243	362	0.938363	FALSE	NA	NA	NA	NA	NA	NA
2019-nCoV	23633	T	C	379	197	24	3	0	23	0.0078534	382	0.658099	FALSE	NA	NA	NA	NA	NA	NA
2019-nCoV	23633	T	+C	379	197	24	4	0	20	0.0104712	382	0.502875	FALSE	NA	NA	NA	NA	NA	NA
2019-nCoV	23636	A	G	404	217	24	1	0	23	0.00246914	405	0.969327	FALSE	NA	NA	NA	NA	NA	NA
2019-nCoV	23636	A	+G	404	217	24	1	0	20	0.00246914	405	0.969327	FALSE	NA	NA	NA	NA	NA	NA
2019-nCoV	23637	T	C	405	211	25	3	1	27	0.00735294	408	0.775455	FALSE	NA	NA	NA	NA	NA	NA
2019-nCoV	23637	T	-C	405	211	25	3	0	20	0.00735294	408	0.775455	FALSE	NA	NA	NA	NA	NA	NA
2019-nCoV	23637	T	+C	405	211	25	1	0	20	0.00245098	408	0.968943	FALSE	NA	NA	NA	NA	NA	NA
2019-nCoV	23638	C	T	396	201	25	1	1	20	0.00251889	397	0.968554	FALSE	NA	NA	NA	NA	NA	NA
2019-nCoV	23638	C	+G	396	201	25	1	0	20	0.0025	400	0.968554	FALSE	NA	NA	NA	NA	NA	NA
2019-nCoV	23638	C	+A	396	201	25	1	0	20	0.0025	400	0.968554	FALSE	NA	NA	NA	NA	NA	NA
2019-nCoV	23639	A	-T	386	200	24	1	0	20	0.00259067	386	0.938629	FALSE	NA	NA	NA	NA	NA	NA
2019-nCoV	23639	A	+T	386	200	24	1	0	20	0.00259067	386	0.938629	FALSE	NA	NA	NA	NA	NA	NA
2019-nCoV	23639	A	+C	386	200	24	1	0	20	0.00259067	386	0.938629	FALSE	NA	NA	NA	NA	NA	NA
2019-nCoV	23641	T	+G	358	242	24	1	0	20	0.0027933	358	0.938717	FALSE	NA	NA	NA	NA	NA	NA
2019-nCoV	23645	T	+A	264	121	25	1	0	20	0.00378788	264	0.877124	FALSE	NA	NA	NA	NA	NA	NA
2019-nCoV	23647	C	+T	272	120	25	2	0	20	0.00735294	272	0.692316	FALSE	NA	NA	NA	NA	NA	NA
2019-nCoV	23647	C	+G	272	120	25	1	0	20	0.00367647	272	0.877062	FALSE	NA	NA	NA	NA	NA	NA
2019-nCoV	23647	C	+A	272	120	25	1	0	20	0.00367647	272	0.877062	FALSE	NA	NA	NA	NA	NA	NA
2019-nCoV	23648	A	G	270	117	25	1	1	28	0.00369004	271	0.876385	FALSE	NA	NA	NA	NA	NA	NA
2019-nCoV	23648	A	+C	270	117	25	1	0	20	0.00369004	271	0.876385	FALSE	NA	NA	NA	NA	NA	NA
2019-nCoV	23649	C	+T	270	121	25	2	0	20	0.00740741	270	0.692351	FALSE	NA	NA	NA	NA	NA	NA
2019-nCoV	23650	T	+A	267	119	25	1	0	20	0.00374532	267	0.8771	FALSE	NA	NA	NA	NA	NA	NA
2019-nCoV	23652	T	C	263	111	25	1	1	22	0.00378788	264	0.876422	FALSE	NA	NA	NA	NA	NA	NA
2019-nCoV	23652	T	+C	263	111	25	1	0	20	0.00378788	264	0.876422	FALSE	NA	NA	NA	NA	NA	NA
2019-nCoV	23654	T	C	269	117	25	3	0	26	0.0110294	272	0.501733	FALSE	NA	NA	NA	NA	NA	NA
2019-nCoV	23656	A	G	279	124	25	1	1	26	0.00357143	280	0.87634	FALSE	NA	NA	NA	NA	NA	NA
2019-nCoV	23657	C	+T	276	124	25	5	0	20	0.0181159	276	0.234041	FALSE	NA	NA	NA	NA	NA	NA
2019-nCoV	23659	T	-G	236	128	24	1	0	20	0.00423729	236	0.877375	FALSE	NA	NA	NA	NA	NA	NA
2019-nCoV	23661	G	+T	245	131	24	1	0	20	0.00408163	245	0.877288	FALSE	NA	NA	NA	NA	NA	NA
2019-nCoV	23662	T	C	277	127	25	1	1	20	0.00359712	278	0.87635	FALSE	NA	NA	NA	NA	NA	NA
2019-nCoV	23665	A	G	271	128	24	2	0	25	0.00732601	273	0.689569	FALSE	NA	NA	NA	NA	NA	NA
2019-nCoV	23665	A	+G	271	128	24	2	0	20	0.00732601	273	0.689569	FALSE	NA	NA	NA	NA	NA	NA
2019-nCoV	23666	G	-A	271	127	24	5	0	20	0.0184502	271	0.23418	FALSE	NA	NA	NA	NA	NA	NA
2019-nCoV	23666	G	+C	271	127	24	1	0	20	0.00369004	271	0.877069	FALSE	NA	NA	NA	NA	NA	NA
2019-nCoV	23666	G	+A	271	127	24	5	0	20	0.0184502	271	0.23418	FALSE	NA	NA	NA	NA	NA	NA
2019-nCoV	23668	A	G	281	127	25	1	0	27	0.0035461	282	0.876331	FALSE	NA	NA	NA	NA	NA	NA
2019-nCoV	23669	A	G	285	130	25	1	1	27	0.0034965	286	0.876312	FALSE	NA	NA	NA	NA	NA	NA
2019-nCoV	23673	C	+G	281	128	25	1	0	20	0.00355872	281	0.876996	FALSE	NA	NA	NA	NA	NA	NA
2019-nCoV	23673	C	+A	281	128	25	1	0	20	0.00355872	281	0.876996	FALSE	NA	NA	NA	NA	NA	NA
2019-nCoV	23674	A	+G	279	129	25	2	0	20	0.00716846	279	0.692195	FALSE	NA	NA	NA	NA	NA	NA
2019-nCoV	23675	G	+T	285	131	25	5	0	20	0.0175439	285	0.233803	FALSE	NA	NA	NA	NA	NA	NA
2019-nCoV	23676	T	C	252	100	24	3	0	27	0.0117647	255	0.501849	FALSE	NA	NA	NA	NA	NA	NA
2019-nCoV	23679	C	+T	273	122	25	2	0	20	0.00732601	273	0.692298	FALSE	NA	NA	NA	NA	NA	NA
2019-nCoV	23682	A	G	258	125	25	1	1	26	0.003861	259	0.876449	FALSE	NA	NA	NA	NA	NA	NA
2019-nCoV	23683	C	+T	278	131	25	1	0	20	0.00359712	278	0.877017	FALSE	NA	NA	NA	NA	NA	NA
2019-nCoV	23684	T	C	374	181	25	2	2	25	0.00531915	376	0.814166	FALSE	NA	NA	NA	NA	NA	NA
2019-nCoV	23688	A	G	312	177	24	2	1	22	0.00636943	314	0.814496	FALSE	NA	NA	NA	NA	NA	NA
2019-nCoV	23689	T	+A	356	175	25	1	0	20	0.00280899	356	0.938723	FALSE	NA	NA	NA	NA	NA	NA
2019-nCoV	23690	A	C	321	134	24	1	0	22	0.00310559	322	0.93847	FALSE	NA	NA	NA	NA	NA	NA
2019-nCoV	23691	A	+C	324	184	24	1	0	20	0.00308642	324	0.938844	FALSE	NA	NA	NA	NA	NA	NA
2019-nCoV	23693	T	C	378	183	25	1	1	28	0.00263852	379	0.938324	FALSE	NA	NA	NA	NA	NA	NA
2019-nCoV	23693	T	+C	378	183	25	3	0	20	0.00791557	379	0.660579	FALSE	NA	NA	NA	NA	NA	NA
2019-nCoV	23694	C	+G	373	182	25	1	0	20	0.00268097	373	0.938668	FALSE	NA	NA	NA	NA	NA	NA
2019-nCoV	23695	T	C	364	173	25	1	0	22	0.00273973	365	0.938356	FALSE	NA	NA	NA	NA	NA	NA
2019-nCoV	23695	T	+A	364	173	25	2	0	20	0.00547945	365	0.815067	FALSE	NA	NA	NA	NA	NA	NA
2019-nCoV	23696	A	-T	369	172	25	1	0	20	0.00271003	369	0.93868	FALSE	NA	NA	NA	NA	NA	NA
2019-nCoV	23696	A	+C	369	172	25	1	0	20	0.00271003	369	0.93868	FALSE	NA	NA	NA	NA	NA	NA
2019-nCoV	23697	T	C	316	116	24	1	1	27	0.00315457	317	0.938485	FALSE	NA	NA	NA	NA	NA	NA
2019-nCoV	23698	T	C	292	178	24	1	1	30	0.00341297	293	0.500855	FALSE	NA	NA	NA	NA	NA	NA
2019-nCoV	23698	T	+G	292	178	24	1	0	20	0.00341297	293	0.876281	FALSE	NA	NA	NA	NA	NA	NA
2019-nCoV	23700	C	G	303	119	23	1	0	23	0.00328947	304	0.938527	FALSE	NA	NA	NA	NA	NA	NA
2019-nCoV	23701	C	+CA	306	181	24	1	0	20	0.00326797	306	0.938922	FALSE	NA	NA	NA	NA	NA	NA
2019-nCoV	23702	A	T	348	169	24	1	1	23	0.002849	351	0.93768	FALSE	NA	NA	NA	NA	NA	NA
2019-nCoV	23702	A	G	348	169	24	1	1	23	0.002849	351	0.93768	FALSE	NA	NA	NA	NA	NA	NA
2019-nCoV	23702	A	C	348	169	24	1	1	25	0.002849	351	0.93768	FALSE	NA	NA	NA	NA	NA	NA
2019-nCoV	23703	T	A	350	177	24	1	1	20	0.002849	351	0.93839	FALSE	NA	NA	NA	NA	NA	NA
2019-nCoV	23704	A	T	348	181	24	1	1	20	0.00285714	350	0.938038	FALSE	NA	NA	NA	NA	NA	NA
2019-nCoV	23704	A	G	348	181	24	1	1	27	0.00285714	350	0.938038	FALSE	NA	NA	NA	NA	NA	NA
2019-nCoV	23704	A	-C	348	181	24	3	0	20	0.00857143	350	0.659606	FALSE	NA	NA	NA	NA	NA	NA
2019-nCoV	23704	A	+C	348	181	24	7	0	20	0.02	350	0.177196	FALSE	NA	NA	NA	NA	NA	NA
2019-nCoV	23705	C	T	252	73	24	1	1	20	0.00393701	254	0.875743	FALSE	NA	NA	NA	NA	NA	NA
2019-nCoV	23705	C	A	252	73	24	1	1	20	0.00393701	254	0.875743	FALSE	NA	NA	NA	NA	NA	NA
2019-nCoV	23705	C	+AC	252	73	24	1	0	20	0.00393701	254	0.875743	FALSE	NA	NA	NA	NA	NA	NA
2019-nCoV	23707	C	+CA	273	187	24	1	0	20	0.003663	273	0.877054	FALSE	NA	NA	NA	NA	NA	NA
2019-nCoV	23708	A	+C	360	180	24	1	0	20	0.00277778	360	0.93871	FALSE	NA	NA	NA	NA	NA	NA
2019-nCoV	23709	C	T	352	174	24	1	1	28	0.00282486	354	0.938032	FALSE	NA	NA	NA	NA	NA	NA
2019-nCoV	23709	C	A	352	174	24	1	1	20	0.00282486	354	0.938032	FALSE	NA	NA	NA	NA	NA	NA
2019-nCoV	23709	C	+CA	352	174	24	1	0	20	0.00282486	354	0.938032	FALSE	NA	NA	NA	NA	NA	NA
2019-nCoV	23709	C	+A	352	174	24	10	0	20	0.0282486	354	0.0491654	FALSE	NA	NA	NA	NA	NA	NA
2019-nCoV	23711	A	-AT	373	185	25	1	0	20	0.00268097	373	0.938668	FALSE	NA	NA	NA	NA	NA	NA
2019-nCoV	23712	A	-T	217	180	23	9	0	20	0.0414747	217	0.0367648	FALSE	NA	NA	NA	NA	NA	NA
2019-nCoV	23712	A	+T	217	180	23	6	0	20	0.0276498	217	0.152965	FALSE	NA	NA	NA	NA	NA	NA
2019-nCoV	23712	A	+G	217	180	23	1	0	20	0.00460829	217	0.877582	FALSE	NA	NA	NA	NA	NA	NA
2019-nCoV	23712	A	+AT	217	180	23	4	0	20	0.0184332	217	0.353505	FALSE	NA	NA	NA	NA	NA	NA
2019-nCoV	23716	T	+C	206	182	24	1	0	20	0.00483092	207	0.876814	FALSE	NA	NA	NA	NA	NA	NA
2019-nCoV	23717	A	G	354	176	24	1	1	23	0.0028169	355	0.938029	FALSE	NA	NA	NA	NA	NA	NA
2019-nCoV	23718	C	+T	359	174	25	2	0	20	0.00557103	359	0.81596900000000006	FALSE	NA	NA	NA	NA	NA	NA
2019-nCoV	23720	A	+T	362	170	25	2	0	20	0.00552486	362	0.81594	FALSE	NA	NA	NA	NA	NA	NA
2019-nCoV	23720	A	+C	362	170	25	2	0	20	0.00552486	362	0.81594	FALSE	NA	NA	NA	NA	NA	NA
2019-nCoV	23723	A	+G	353	165	25	1	0	20	0.00283286	353	0.938734	FALSE	NA	NA	NA	NA	NA	NA
2019-nCoV	23732	A	G	86	49	25	1	1	26	0.0114943	87	0.50289	FALSE	NA	NA	NA	NA	NA	NA
2019-nCoV	23735	G	+A	88	52	24	1	0	20	0.0113636	88	0.505682	FALSE	NA	NA	NA	NA	NA	NA
2019-nCoV	23742	T	-A	92	53	24	1	0	20	0.0108696	92	0.505435	FALSE	NA	NA	NA	NA	NA	NA
2019-nCoV	23745	C	+A	77	51	24	1	0	20	0.012987	77	0.506494	FALSE	NA	NA	NA	NA	NA	NA
2019-nCoV	23751	C	T	89	51	24	1	0	24	0.0111111	90	0.502793	FALSE	NA	NA	NA	NA	NA	NA
2019-nCoV	23754	T	+C	90	46	25	1	0	20	0.0111111	90	0.505556	FALSE	NA	NA	NA	NA	NA	NA
2019-nCoV	23756	A	G	85	48	25	1	1	28	0.0116279	86	0.502924	FALSE	NA	NA	NA	NA	NA	NA
2019-nCoV	23757	C	T	82	40	24	1	1	25	0.0120482	83	0.50303	FALSE	NA	NA	NA	NA	NA	NA
2019-nCoV	23767	A	G	88	51	24	1	1	21	0.011236	89	0.502825	FALSE	NA	NA	NA	NA	NA	NA
2019-nCoV	23768	G	-T	106	64	25	1	0	20	0.00943396	106	0.755879	FALSE	NA	NA	NA	NA	NA	NA
2019-nCoV	23769	T	C	101	63	25	1	1	28	0.00980392	102	0.74878	FALSE	NA	NA	NA	NA	NA	NA
2019-nCoV	23772	A	G	111	65	25	1	0	21	0.00892857	112	0.753363	FALSE	NA	NA	NA	NA	NA	NA
2019-nCoV	23778	C	+G	108	61	25	1	0	20	0.00925926	108	0.755771	FALSE	NA	NA	NA	NA	NA	NA
2019-nCoV	23778	C	+A	108	61	25	1	0	20	0.00925926	108	0.755771	FALSE	NA	NA	NA	NA	NA	NA
2019-nCoV	23780	A	+C	96	61	23	1	0	20	0.0104167	96	0.505208	FALSE	NA	NA	NA	NA	NA	NA
2019-nCoV	23785	C	+A	99	57	24	1	0	20	0.010101	99	0.505051	FALSE	NA	NA	NA	NA	NA	NA
2019-nCoV	23786	A	G	97	57	24	1	0	28	0.0102041	98	0.502564	FALSE	NA	NA	NA	NA	NA	NA
2019-nCoV	23786	A	-T	97	57	24	2	0	20	0.0204082	98	0.253846	FALSE	NA	NA	NA	NA	NA	NA
2019-nCoV	23786	A	+T	97	57	24	2	0	20	0.0204082	98	0.253846	FALSE	NA	NA	NA	NA	NA	NA
2019-nCoV	23788	T	C	105	62	25	1	0	28	0.00943396	106	0.753555	FALSE	NA	NA	NA	NA	NA	NA
2019-nCoV	23791	T	-G	103	59	25	1	0	20	0.00970874	103	0.75605	FALSE	NA	NA	NA	NA	NA	NA
2019-nCoV	23794	T	C	106	60	26	3	2	25	0.0275229	109	0.314232	FALSE	NA	NA	NA	NA	NA	NA
2019-nCoV	23795	G	+A	109	63	26	1	0	20	0.00917431	109	0.755718	FALSE	NA	NA	NA	NA	NA	NA
2019-nCoV	23796	A	+T	106	64	25	1	0	20	0.00943396	106	0.755879	FALSE	NA	NA	NA	NA	NA	NA
2019-nCoV	23796	A	+C	106	64	25	1	0	20	0.00943396	106	0.755879	FALSE	NA	NA	NA	NA	NA	NA
2019-nCoV	23799	C	+A	99	58	25	1	0	20	0.010101	99	0.505051	FALSE	NA	NA	NA	NA	NA	NA
2019-nCoV	23804	G	+A	101	59	25	1	0	20	0.00990099	101	0.75617	FALSE	NA	NA	NA	NA	NA	NA
2019-nCoV	23806	A	-T	96	65	24	1	0	20	0.0104167	96	0.505208	FALSE	NA	NA	NA	NA	NA	NA
2019-nCoV	23806	A	+T	96	65	24	1	0	20	0.0104167	96	0.505208	FALSE	NA	NA	NA	NA	NA	NA
2019-nCoV	23812	C	+G	113	64	25	1	0	20	0.00884956	113	0.755516	FALSE	NA	NA	NA	NA	NA	NA
2019-nCoV	23816	C	-T	100	54	24	3	0	20	0.03	100	0.321851	FALSE	NA	NA	NA	NA	NA	NA
2019-nCoV	23817	T	C	53	5	24	1	1	21	0.0185185	54	0.5	FALSE	NA	NA	NA	NA	NA	NA
2019-nCoV	23825	C	+A	89	43	24	2	0	20	0.0224719	89	0.257046	FALSE	NA	NA	NA	NA	NA	NA
2019-nCoV	23828	T	C	88	48	24	1	0	28	0.011236	89	0.502825	FALSE	NA	NA	NA	NA	NA	NA
2019-nCoV	23829	A	+G	84	42	24	1	0	20	0.0119048	84	0.505952	FALSE	NA	NA	NA	NA	NA	NA
2019-nCoV	23833	C	-A	92	55	23	2	0	20	0.0217391	92	0.256816	FALSE	NA	NA	NA	NA	NA	NA
2019-nCoV	23833	C	+T	92	55	23	1	0	20	0.0108696	92	0.505435	FALSE	NA	NA	NA	NA	NA	NA
2019-nCoV	23835	G	-T	94	59	23	12	0	20	0.12766	94	3.8333e-4	TRUE	NA	NA	NA	NA	NA	NA
2019-nCoV	23835	G	+T	94	59	23	9	0	20	0.0957447	94	0.00257057	TRUE	NA	NA	NA	NA	NA	NA
2019-nCoV	23838	T	C	99	59	24	1	1	29	0.01	100	0.751256	FALSE	NA	NA	NA	NA	NA	NA
2019-nCoV	23841	G	+T	86	52	23	1	0	20	0.0116279	86	0.505814	FALSE	NA	NA	NA	NA	NA	NA
2019-nCoV	23842	T	C	91	58	24	2	0	20	0.0215054	93	0.251351	FALSE	NA	NA	NA	NA	NA	NA
2019-nCoV	23843	A	G	98	58	24	1	1	29	0.010101	99	0.502538	FALSE	NA	NA	NA	NA	NA	NA
2019-nCoV	23845	A	+G	104	64	24	1	0	20	0.00961538	104	0.755992	FALSE	NA	NA	NA	NA	NA	NA
2019-nCoV	23849	T	A	77	35	23	1	1	23	0.0128205	78	0.503226	FALSE	NA	NA	NA	NA	NA	NA
2019-nCoV	23850	T	+A	86	65	23	2	0	20	0.0232558	86	0.257293	FALSE	NA	NA	NA	NA	NA	NA
2019-nCoV	23852	A	G	113	70	25	1	0	25	0.00877193	114	0.753304	FALSE	NA	NA	NA	NA	NA	NA
2019-nCoV	23853	A	-CC	114	70	25	1	0	20	0.00877193	114	0.755468	FALSE	NA	NA	NA	NA	NA	NA
2019-nCoV	23853	A	-C	114	70	25	1	0	20	0.00877193	114	0.755468	FALSE	NA	NA	NA	NA	NA	NA
2019-nCoV	23854	C	A	0	0	0	70	64	23	1	70	5.3671e-42	TRUE	NA	NA	NA	NA	NA	NA
2019-nCoV	23859	C	+T	105	60	24	3	0	20	0.0285714	105	0.325063	FALSE	NA	NA	NA	NA	NA	NA
2019-nCoV	23862	T	+A	85	67	24	1	0	20	0.0117647	85	0.505882	FALSE	NA	NA	NA	NA	NA	NA
2019-nCoV	23864	A	+C	104	69	24	1	0	20	0.00961538	104	0.755992	FALSE	NA	NA	NA	NA	NA	NA
2019-nCoV	23865	C	+G	107	65	25	1	0	20	0.00934579	107	0.755825	FALSE	NA	NA	NA	NA	NA	NA
2019-nCoV	23866	T	+G	108	66	24	1	0	20	0.00925926	108	0.755771	FALSE	NA	NA	NA	NA	NA	NA
2019-nCoV	23869	A	G	68	27	24	1	1	27	0.0144928	69	0.50365	FALSE	NA	NA	NA	NA	NA	NA
2019-nCoV	23873	G	A	110	66	25	1	1	22	0.00900901	111	0.753394	FALSE	NA	NA	NA	NA	NA	NA
2019-nCoV	23873	G	+A	110	66	25	1	0	20	0.00900901	111	0.753394	FALSE	NA	NA	NA	NA	NA	NA
2019-nCoV	23874	C	+T	110	64	25	1	0	20	0.00909091	110	0.755666	FALSE	NA	NA	NA	NA	NA	NA
2019-nCoV	23874	C	+G	110	64	25	1	0	20	0.00909091	110	0.755666	FALSE	NA	NA	NA	NA	NA	NA
2019-nCoV	23875	T	C	110	65	25	1	0	23	0.00900901	111	0.753394	FALSE	NA	NA	NA	NA	NA	NA
2019-nCoV	23876	G	+T	109	65	25	1	0	20	0.00917431	109	0.755718	FALSE	NA	NA	NA	NA	NA	NA
2019-nCoV	23877	T	C	82	39	24	1	0	24	0.0120482	83	0.50303	FALSE	NA	NA	NA	NA	NA	NA
2019-nCoV	23879	G	+A	105	63	24	1	0	20	0.00952381	105	0.755935	FALSE	NA	NA	NA	NA	NA	NA
2019-nCoV	23882	C	+A	109	66	24	3	0	20	0.0275229	109	0.3246	FALSE	NA	NA	NA	NA	NA	NA
2019-nCoV	23883	A	G	86	43	23	1	1	29	0.0114943	87	0.50289	FALSE	NA	NA	NA	NA	NA	NA
2019-nCoV	23884	A	G	97	70	23	1	0	24	0.0102041	98	0.502564	FALSE	NA	NA	NA	NA	NA	NA
2019-nCoV	23884	A	+T	97	70	23	1	0	20	0.0102041	98	0.502564	FALSE	NA	NA	NA	NA	NA	NA
2019-nCoV	23885	G	+A	106	65	23	1	0	20	0.00943396	106	0.755879	FALSE	NA	NA	NA	NA	NA	NA
2019-nCoV	23887	C	A	100	61	22	1	1	20	0.00990099	101	0.753731	FALSE	NA	NA	NA	NA	NA	NA
2019-nCoV	23887	C	-A	100	61	22	19	0	20	0.188119	101	4.76475e-5	TRUE	NA	NA	NA	NA	NA	NA
2019-nCoV	23887	C	+A	100	61	22	5	0	20	0.049505	101	0.117658	FALSE	NA	NA	NA	NA	NA	NA
2019-nCoV	23888	A	T	33	6	22	1	0	25	0.0285714	35	0.435897	FALSE	NA	NA	NA	NA	NA	NA
2019-nCoV	23888	A	C	33	6	22	1	1	20	0.0285714	35	0.435897	FALSE	NA	NA	NA	NA	NA	NA
2019-nCoV	23894	A	G	90	59	23	1	1	20	0.010989	91	0.502762	FALSE	NA	NA	NA	NA	NA	NA
2019-nCoV	23903	G	-T	17	9	23	6	0	20	0.352941	17	0.0309404	FALSE	NA	NA	NA	NA	NA	NA
2019-nCoV	23912	C	+A	18	10	23	3	0	20	0.166667	18	0.157658	FALSE	NA	NA	NA	NA	NA	NA
2019-nCoV	23917	C	A	18	12	24	1	1	21	0.0526316	19	0.513514	FALSE	NA	NA	NA	NA	NA	NA
2019-nCoV	23927	T	C	7	6	22	1	0	23	0.125	8	0.533333	FALSE	NA	NA	NA	NA	NA	NA
2019-nCoV	23927	T	+A	7	6	22	4	0	20	0.5	8	0.107843	FALSE	NA	NA	NA	NA	NA	NA
2019-nCoV	23929	C	-AA	15	8	23	1	0	20	0.0666667	15	0.533333	FALSE	NA	NA	NA	NA	NA	NA
2019-nCoV	23931	A	G	15	8	24	1	0	25	0.0625	16	0.5	FALSE	NA	NA	NA	NA	NA	NA
2019-nCoV	23939	C	T	15	8	23	1	1	27	0.0625	16	0.516129	FALSE	NA	NA	NA	NA	NA	NA
2019-nCoV	23944	T	C	19	17	24	1	0	23	0.05	20	0.512821	FALSE	NA	NA	NA	NA	NA	NA
2019-nCoV	23944	T	+A	19	17	24	2	0	20	0.1	20	0.269231	FALSE	NA	NA	NA	NA	NA	NA
2019-nCoV	23948	G	T	0	0	0	24	14	22	1	24	3.10101e-14	TRUE	NA	NA	NA	NA	NA	NA
2019-nCoV	23949	A	-T	24	16	22	1	0	20	0.0416667	24	0.520833	FALSE	NA	NA	NA	NA	NA	NA
2019-nCoV	23952	T	G	22	15	25	1	0	20	0.0416667	24	0.5	FALSE	NA	NA	NA	NA	NA	NA
2019-nCoV	23952	T	A	22	15	25	1	1	23	0.0416667	24	0.5	FALSE	NA	NA	NA	NA	NA	NA
2019-nCoV	23964	A	-T	21	19	22	9	0	20	0.428571	21	0.00571045	TRUE	NA	NA	NA	NA	NA	NA
2019-nCoV	23965	T	C	6	0	21	1	0	23	0.142857	7	0.5	FALSE	NA	NA	NA	NA	NA	NA
2019-nCoV	23972	C	+A	22	19	24	1	0	20	0.0454545	22	0.522727	FALSE	NA	NA	NA	NA	NA	NA
2019-nCoV	24026	C	-T	15	10	23	4	0	20	0.266667	15	0.0947214	FALSE	NA	NA	NA	NA	NA	NA
2019-nCoV	24026	C	+T	15	10	23	1	0	20	0.0666667	15	0.533333	FALSE	NA	NA	NA	NA	NA	NA
2019-nCoV	24040	G	+A	17	11	25	1	0	20	0.0588235	17	0.529412	FALSE	NA	NA	NA	NA	NA	NA
2019-nCoV	24045	T	+TC	14	8	23	1	0	20	0.0714286	14	0.535714	FALSE	NA	NA	NA	NA	NA	NA
2019-nCoV	24052	T	C	14	9	24	1	0	20	0.0666667	15	0.517241	FALSE	NA	NA	NA	NA	NA	NA
2019-nCoV	24054	C	T	14	9	26	1	0	23	0.0666667	15	0.517241	FALSE	NA	NA	NA	NA	NA	NA
2019-nCoV	24054	C	+A	14	9	26	1	0	20	0.0666667	15	0.517241	FALSE	NA	NA	NA	NA	NA	NA
2019-nCoV	24064	C	-A	16	11	23	2	0	20	0.125	16	0.289773	FALSE	NA	NA	NA	NA	NA	NA
2019-nCoV	24064	C	+A	16	11	23	1	0	20	0.0625	16	0.53125	FALSE	NA	NA	NA	NA	NA	NA
2019-nCoV	24067	A	C	10	9	23	1	1	22	0.0909091	11	0.52381	FALSE	NA	NA	NA	NA	NA	NA
2019-nCoV	24109	C	A	8	4	23	1	1	23	0.111111	9	0.529412	FALSE	NA	NA	NA	NA	NA	NA
2019-nCoV	24109	C	-AT	8	4	23	1	0	20	0.111111	9	0.529412	FALSE	NA	NA	NA	NA	NA	NA
2019-nCoV	24110	A	-T	7	3	23	1	0	20	0.125	8	0.533333	FALSE	NA	NA	NA	NA	NA	NA
2019-nCoV	24110	A	+T	7	3	23	1	0	20	0.125	8	0.533333	FALSE	NA	NA	NA	NA	NA	NA
2019-nCoV	24116	G	A	10	5	24	1	1	21	0.0909091	11	0.52381	FALSE	NA	NA	NA	NA	NA	NA
2019-nCoV	24119	C	-A	9	6	22	4	0	20	0.444444	9	0.119465	FALSE	NA	NA	NA	NA	NA	NA
2019-nCoV	24123	A	G	5	5	24	1	1	23	0.166667	6	0.545455	FALSE	NA	NA	NA	NA	NA	NA
2019-nCoV	24124	G	T	7	4	23	1	1	20	0.125	8	0.533333	FALSE	NA	NA	NA	NA	NA	NA
2019-nCoV	24140	G	-T	13	9	22	3	0	20	0.230769	13	0.17094	FALSE	NA	NA	NA	NA	NA	NA
2019-nCoV	24145	G	+A	13	9	22	1	0	20	0.0769231	13	0.538462	FALSE	NA	NA	NA	NA	NA	NA
2019-nCoV	24147	C	T	12	8	23	1	1	20	0.0769231	13	0.52	FALSE	NA	NA	NA	NA	NA	NA
2019-nCoV	24160	A	+AAAAAAAG	28	14	25	1	0	20	0.0357143	28	0.517857	FALSE	NA	NA	NA	NA	NA	NA
2019-nCoV	24163	T	+C	28	13	24	1	0	20	0.0357143	28	0.517857	FALSE	NA	NA	NA	NA	NA	NA
2019-nCoV	24164	G	-A	27	12	24	2	0	20	0.0740741	27	0.273401	FALSE	NA	NA	NA	NA	NA	NA
2019-nCoV	24171	T	C	27	12	23	1	0	29	0.0357143	28	0.509091	FALSE	NA	NA	NA	NA	NA	NA
2019-nCoV	24172	T	C	24	15	24	1	1	25	0.04	25	0.510204	FALSE	NA	NA	NA	NA	NA	NA
2019-nCoV	24190	A	+CCC	32	16	24	1	0	20	0.03125	32	0.515625	FALSE	NA	NA	NA	NA	NA	NA
2019-nCoV	24196	A	G	16	7	25	1	0	28	0.0588235	17	0.515152	FALSE	NA	NA	NA	NA	NA	NA
2019-nCoV	24198	C	-G	16	6	24	1	0	20	0.0625	16	0.53125	FALSE	NA	NA	NA	NA	NA	NA
2019-nCoV	24202	T	C	16	7	23	1	0	27	0.0588235	17	0.515152	FALSE	NA	NA	NA	NA	NA	NA
2019-nCoV	24215	G	A	13	3	24	1	0	25	0.0714286	14	0.518519	FALSE	NA	NA	NA	NA	NA	NA
2019-nCoV	24223	C	+CA	9	5	24	1	0	20	0.111111	9	0.555556	FALSE	NA	NA	NA	NA	NA	NA
2019-nCoV	24233	G	A	29	4	25	1	1	20	0.0333333	30	0.508475	FALSE	NA	NA	NA	NA	NA	NA
2019-nCoV	24237	C	T	30	8	24	1	0	27	0.0322581	31	0.508197	FALSE	NA	NA	NA	NA	NA	NA
2019-nCoV	24245	C	-A	24	8	23	2	0	20	0.0833333	24	0.276361	FALSE	NA	NA	NA	NA	NA	NA
2019-nCoV	24250	A	G	23	7	24	1	0	20	0.0416667	24	0.510638	FALSE	NA	NA	NA	NA	NA	NA
2019-nCoV	24250	A	+AC	23	7	24	1	0	20	0.0416667	24	0.510638	FALSE	NA	NA	NA	NA	NA	NA
2019-nCoV	24253	A	-T	18	6	23	5	0	20	0.277778	18	0.0511377	FALSE	NA	NA	NA	NA	NA	NA
2019-nCoV	24259	T	+G	34	8	24	1	0	20	0.0294118	34	0.514706	FALSE	NA	NA	NA	NA	NA	NA
2019-nCoV	24260	A	-T	32	7	24	1	0	20	0.03125	32	0.515625	FALSE	NA	NA	NA	NA	NA	NA
2019-nCoV	24263	C	-A	29	6	24	2	0	20	0.0689655	29	0.271771	FALSE	NA	NA	NA	NA	NA	NA
2019-nCoV	24267	T	-G	26	4	24	1	0	20	0.0384615	26	0.519231	FALSE	NA	NA	NA	NA	NA	NA
2019-nCoV	24279	T	C	35	11	25	1	0	21	0.0277778	36	0.507042	FALSE	NA	NA	NA	NA	NA	NA
2019-nCoV	24298	A	G	33	10	25	1	0	27	0.0294118	34	0.507463	FALSE	NA	NA	NA	NA	NA	NA
2019-nCoV	24298	A	+C	33	10	25	1	0	20	0.0294118	34	0.507463	FALSE	NA	NA	NA	NA	NA	NA
2019-nCoV	24300	A	G	28	8	24	1	1	21	0.0344828	29	0.508772	FALSE	NA	NA	NA	NA	NA	NA
2019-nCoV	24301	G	-A	32	12	24	1	0	20	0.03125	32	0.515625	FALSE	NA	NA	NA	NA	NA	NA
2019-nCoV	24301	G	+A	32	12	24	1	0	20	0.03125	32	0.515625	FALSE	NA	NA	NA	NA	NA	NA
2019-nCoV	24309	T	C	29	9	24	1	1	28	0.0333333	30	0.508475	FALSE	NA	NA	NA	NA	NA	NA
2019-nCoV	24312	A	+G	29	10	23	1	0	20	0.0344828	29	0.517241	FALSE	NA	NA	NA	NA	NA	NA
2019-nCoV	24313	T	C	27	11	24	1	0	20	0.0357143	28	0.509091	FALSE	NA	NA	NA	NA	NA	NA
2019-nCoV	24314	G	+A	28	10	23	1	0	20	0.0357143	28	0.517857	FALSE	NA	NA	NA	NA	NA	NA
2019-nCoV	24316	G	+A	29	9	23	1	0	20	0.0344828	29	0.517241	FALSE	NA	NA	NA	NA	NA	NA
2019-nCoV	24319	C	T	19	1	24	1	1	26	0.05	20	0.512821	FALSE	NA	NA	NA	NA	NA	NA
2019-nCoV	24320	C	T	18	12	22	1	1	24	0.0526316	19	0.513514	FALSE	NA	NA	NA	NA	NA	NA
2019-nCoV	24320	C	-A	18	12	22	5	0	20	0.263158	19	0.0449014	FALSE	NA	NA	NA	NA	NA	NA
2019-nCoV	24320	C	+A	18	12	22	1	0	20	0.0526316	19	0.513514	FALSE	NA	NA	NA	NA	NA	NA
2019-nCoV	24324	A	-AT	24	13	23	1	0	20	0.04	25	0.510204	FALSE	NA	NA	NA	NA	NA	NA
2019-nCoV	24325	A	+T	11	9	22	2	0	20	0.153846	13	0.26	FALSE	NA	NA	NA	NA	NA	NA
2019-nCoV	24325	A	+C	11	9	22	1	0	20	0.0769231	13	0.5	FALSE	NA	NA	NA	NA	NA	NA
2019-nCoV	24338	C	-A	17	12	23	1	0	20	0.0588235	17	0.529412	FALSE	NA	NA	NA	NA	NA	NA
2019-nCoV	24344	A	T	12	4	23	1	1	20	0.0769231	13	0.52	FALSE	NA	NA	NA	NA	NA	NA
2019-nCoV	24346	T	A	19	10	24	1	1	20	0.05	20	0.512821	FALSE	NA	NA	NA	NA	NA	NA
2019-nCoV	24346	T	+CA	19	10	24	1	0	20	0.05	20	0.512821	FALSE	NA	NA	NA	NA	NA	NA
2019-nCoV	24347	A	T	19	11	24	1	1	20	0.05	20	0.512821	FALSE	NA	NA	NA	NA	NA	NA
2019-nCoV	24350	G	+AT	19	10	22	1	0	20	0.0526316	19	0.526316	FALSE	NA	NA	NA	NA	NA	NA
2019-nCoV	24353	A	+T	16	8	22	1	0	20	0.0625	16	0.53125	FALSE	NA	NA	NA	NA	NA	NA
2019-nCoV	24355	T	C	12	9	23	1	1	26	0.0769231	13	0.52	FALSE	NA	NA	NA	NA	NA	NA
2019-nCoV	24358	C	+G	10	4	22	1	0	20	0.1	10	0.55	FALSE	NA	NA	NA	NA	NA	NA
2019-nCoV	24358	C	+A	10	4	22	1	0	20	0.1	10	0.55	FALSE	NA	NA	NA	NA	NA	NA
2019-nCoV	24377	T	-C	9	2	25	4	0	20	0.444444	9	0.119465	FALSE	NA	NA	NA	NA	NA	NA
2019-nCoV	24378	C	T	0	0	0	5	1	23	1	5	7.77001e-4	TRUE	NA	NA	NA	NA	NA	NA
2019-nCoV	24414	T	-G	215	71	24	1	0	20	0.00465116	215	0.877606	FALSE	NA	NA	NA	NA	NA	NA
2019-nCoV	24415	G	T	199	40	24	2	1	20	0.00995025	201	0.688439	FALSE	NA	NA	NA	NA	NA	NA
2019-nCoV	24416	G	A	171	77	23	2	0	23	0.0115607	173	0.50218	FALSE	NA	NA	NA	NA	NA	NA
2019-nCoV	24418	C	+A	219	85	24	1	0	20	0.00456621	219	0.877559	FALSE	NA	NA	NA	NA	NA	NA
2019-nCoV	24420	A	+AC	195	99	23	1	0	20	0.00512821	195	0.7532	FALSE	NA	NA	NA	NA	NA	NA
2019-nCoV	24422	C	-A	179	103	24	1	0	20	0.00558659	179	0.753486	FALSE	NA	NA	NA	NA	NA	NA
2019-nCoV	24423	A	+T	213	94	24	1	0	20	0.00465116	215	0.875878	FALSE	NA	NA	NA	NA	NA	NA
2019-nCoV	24424	A	T	4	1	23	211	81	24	0.981395	215	3.736069999999999e-116	TRUE	NA	NA	NA	NA	NA	NA
2019-nCoV	24425	A	T	183	43	24	1	1	22	0.00543478	184	0.752044	FALSE	NA	NA	NA	NA	NA	NA
2019-nCoV	24426	A	C	179	84	23	1	0	20	0.00555556	180	0.752089	FALSE	NA	NA	NA	NA	NA	NA
2019-nCoV	24428	G	+C	238	92	25	2	0	20	0.00840336	238	0.693002	FALSE	NA	NA	NA	NA	NA	NA
2019-nCoV	24429	C	+A	243	98	25	1	0	20	0.00411523	243	0.877307	FALSE	NA	NA	NA	NA	NA	NA
2019-nCoV	24430	A	G	240	93	24	1	1	24	0.00414938	241	0.876558	FALSE	NA	NA	NA	NA	NA	NA
2019-nCoV	24430	A	+C	240	93	24	1	0	20	0.00414938	241	0.876558	FALSE	NA	NA	NA	NA	NA	NA
2019-nCoV	24431	C	+A	245	92	24	2	0	20	0.00816327	245	0.692845	FALSE	NA	NA	NA	NA	NA	NA
2019-nCoV	24433	A	G	190	96	23	1	1	20	0.0052356	191	0.751969	FALSE	NA	NA	NA	NA	NA	NA
2019-nCoV	24434	G	+C	248	93	24	1	0	20	0.00403226	248	0.877261	FALSE	NA	NA	NA	NA	NA	NA
2019-nCoV	24435	C	-T	232	92	23	10	0	20	0.0431034	232	0.0220125	FALSE	NA	NA	NA	NA	NA	NA
2019-nCoV	24435	C	+T	232	92	23	5	0	20	0.0215517	232	0.23547	FALSE	NA	NA	NA	NA	NA	NA
2019-nCoV	24435	C	+A	232	92	23	1	0	20	0.00431034	232	0.877416	FALSE	NA	NA	NA	NA	NA	NA
2019-nCoV	24438	T	-A	120	95	24	2	0	20	0.0166667	120	0.509375	FALSE	NA	NA	NA	NA	NA	NA
2019-nCoV	24438	T	+TA	120	95	24	3	0	20	0.025	120	0.323486	FALSE	NA	NA	NA	NA	NA	NA
2019-nCoV	24439	A	G	152	35	23	1	1	29	0.00653595	153	0.75082	FALSE	NA	NA	NA	NA	NA	NA
2019-nCoV	24441	A	G	140	101	24	1	0	21	0.0070922	141	0.752669	FALSE	NA	NA	NA	NA	NA	NA
2019-nCoV	24443	A	+C	245	100	25	1	0	20	0.00408163	245	0.877288	FALSE	NA	NA	NA	NA	NA	NA
2019-nCoV	24445	G	+T	247	99	25	1	0	20	0.00404858	247	0.87727	FALSE	NA	NA	NA	NA	NA	NA
2019-nCoV	24445	G	+C	247	99	25	1	0	20	0.00404858	247	0.87727	FALSE	NA	NA	NA	NA	NA	NA
2019-nCoV	24446	C	T	248	97	25	1	0	27	0.00401606	249	0.876508	FALSE	NA	NA	NA	NA	NA	NA
2019-nCoV	24451	T	+A	172	100	24	2	0	20	0.0116279	172	0.506541	FALSE	NA	NA	NA	NA	NA	NA
2019-nCoV	24454	A	G	164	100	23	1	0	22	0.00606061	165	0.75228	FALSE	NA	NA	NA	NA	NA	NA
2019-nCoV	24455	C	+T	252	99	24	1	0	20	0.00396825	252	0.877225	FALSE	NA	NA	NA	NA	NA	NA
2019-nCoV	24455	C	+A	252	99	24	1	0	20	0.00396825	252	0.877225	FALSE	NA	NA	NA	NA	NA	NA
2019-nCoV	24456	A	G	233	75	24	1	1	24	0.0042735	234	0.876604	FALSE	NA	NA	NA	NA	NA	NA
2019-nCoV	24457	A	G	213	106	23	1	0	28	0.0046729	214	0.876754	FALSE	NA	NA	NA	NA	NA	NA
2019-nCoV	24458	C	T	246	99	24	1	1	20	0.00404858	247	0.87652	FALSE	NA	NA	NA	NA	NA	NA
2019-nCoV	24458	C	-T	246	99	24	1	0	20	0.00404858	247	0.87652	FALSE	NA	NA	NA	NA	NA	NA
2019-nCoV	24458	C	+T	246	99	24	1	0	20	0.00404858	247	0.87652	FALSE	NA	NA	NA	NA	NA	NA
2019-nCoV	24461	A	+T	232	96	24	1	0	20	0.00431034	232	0.877416	FALSE	NA	NA	NA	NA	NA	NA
2019-nCoV	24464	T	C	242	102	25	2	2	22	0.00819672	244	0.689816	FALSE	NA	NA	NA	NA	NA	NA
2019-nCoV	24465	C	T	227	82	23	1	1	22	0.00438596	228	0.876647	FALSE	NA	NA	NA	NA	NA	NA
2019-nCoV	24466	C	+A	221	122	23	11	0	20	0.0497738	221	0.0132411	FALSE	NA	NA	NA	NA	NA	NA
2019-nCoV	24468	A	-T	300	130	25	2	0	20	0.00666667	300	0.815612	FALSE	NA	NA	NA	NA	NA	NA
2019-nCoV	24468	A	+AG	300	130	25	1	0	20	0.00333333	300	0.938537	FALSE	NA	NA	NA	NA	NA	NA
2019-nCoV	24469	T	A	14	0	21	164	122	23	0.921348	178	4.724419999999999e-84	TRUE	NA	NA	NA	NA	NA	NA
2019-nCoV	24470	T	-TTG	222	42	23	1	0	20	0.0045045	222	0.877524	FALSE	NA	NA	NA	NA	NA	NA
2019-nCoV	24471	T	-TG	360	152	24	2	0	20	0.00554017	361	0.815095	FALSE	NA	NA	NA	NA	NA	NA
2019-nCoV	24472	T	G	155	114	23	1	0	22	0.00641026	156	0.747604	FALSE	NA	NA	NA	NA	NA	NA
2019-nCoV	24473	G	A	261	66	23	1	1	25	0.00381679	262	0.874286	FALSE	NA	NA	NA	NA	NA	NA
2019-nCoV	24475	T	C	345	132	24	3	0	24	0.00862069	348	0.65828	FALSE	NA	NA	NA	NA	NA	NA
2019-nCoV	24476	G	A	376	159	25	4	1	24	0.0105263	380	0.501447	FALSE	NA	NA	NA	NA	NA	NA
2019-nCoV	24476	G	+C	376	159	25	2	0	20	0.00526316	380	0.812502	FALSE	NA	NA	NA	NA	NA	NA
2019-nCoV	24476	G	+A	376	159	25	1	0	20	0.00263158	380	0.937335	FALSE	NA	NA	NA	NA	NA	NA
2019-nCoV	24477	C	T	378	160	25	1	0	24	0.00263852	379	0.938324	FALSE	NA	NA	NA	NA	NA	NA
2019-nCoV	24477	C	+G	378	160	25	1	0	20	0.00263852	379	0.938324	FALSE	NA	NA	NA	NA	NA	NA
2019-nCoV	24479	A	-T	260	156	23	2	0	20	0.00769231	260	0.692538	FALSE	NA	NA	NA	NA	NA	NA
2019-nCoV	24479	A	+T	260	156	23	1	0	20	0.00384615	260	0.877157	FALSE	NA	NA	NA	NA	NA	NA
2019-nCoV	24479	A	+AAT	260	156	23	1	0	20	0.00384615	260	0.877157	FALSE	NA	NA	NA	NA	NA	NA
2019-nCoV	24480	T	C	286	74	24	1	0	28	0.00348432	287	0.873041	FALSE	NA	NA	NA	NA	NA	NA
2019-nCoV	24482	T	C	217	158	23	1	1	21	0.00458716	218	0.876722	FALSE	NA	NA	NA	NA	NA	NA
2019-nCoV	24483	C	+A	359	155	24	4	0	20	0.0111421	359	0.507616	FALSE	NA	NA	NA	NA	NA	NA
2019-nCoV	24485	A	+G	317	169	23	1	0	20	0.00315457	317	0.938873	FALSE	NA	NA	NA	NA	NA	NA
2019-nCoV	24486	G	A	384	163	24	1	1	23	0.0025974	385	0.938311	FALSE	NA	NA	NA	NA	NA	NA
2019-nCoV	24487	T	C	387	167	24	2	0	25	0.00514139	389	0.81411	FALSE	NA	NA	NA	NA	NA	NA
2019-nCoV	24487	T	+TG	387	167	24	1	0	20	0.00257069	389	0.937984	FALSE	NA	NA	NA	NA	NA	NA
2019-nCoV	24488	G	A	353	156	23	1	0	26	0.00282486	354	0.938382	FALSE	NA	NA	NA	NA	NA	NA
2019-nCoV	24488	G	-T	353	156	23	34	0	20	0.0960452	354	1.3722e-7	TRUE	NA	NA	NA	NA	NA	NA
2019-nCoV	24488	G	+T	353	156	23	4	0	20	0.0112994	354	0.506188	FALSE	NA	NA	NA	NA	NA	NA
2019-nCoV	24489	T	C	194	18	23	2	0	21	0.0102041	196	0.620899	FALSE	NA	NA	NA	NA	NA	NA
2019-nCoV	24491	T	-TA	383	168	24	1	0	20	0.00261097	383	0.938638	FALSE	NA	NA	NA	NA	NA	NA
2019-nCoV	24492	T	-A	181	157	23	11	0	20	0.0604396	182	0.00378737	TRUE	NA	NA	NA	NA	NA	NA
2019-nCoV	24492	T	+A	181	157	23	2	0	20	0.010989	182	0.504132	FALSE	NA	NA	NA	NA	NA	NA
2019-nCoV	24495	A	+AT	214	160	23	1	0	20	0.0046729	214	0.877618	FALSE	NA	NA	NA	NA	NA	NA
2019-nCoV	24496	T	C	370	155	24	1	0	22	0.00269542	371	0.938342	FALSE	NA	NA	NA	NA	NA	NA
2019-nCoV	24497	G	A	381	163	25	1	0	22	0.0026178	382	0.938318	FALSE	NA	NA	NA	NA	NA	NA
2019-nCoV	24497	G	-A	381	163	25	1	0	20	0.0026178	382	0.938318	FALSE	NA	NA	NA	NA	NA	NA
2019-nCoV	24497	G	+A	381	163	25	1	0	20	0.0026178	382	0.938318	FALSE	NA	NA	NA	NA	NA	NA
2019-nCoV	24498	A	G	376	160	25	2	2	25	0.00529101	378	0.813329	FALSE	NA	NA	NA	NA	NA	NA
2019-nCoV	24498	A	+T	376	160	25	1	0	20	0.00263852	379	0.937667	FALSE	NA	NA	NA	NA	NA	NA
2019-nCoV	24500	A	+T	384	163	24	1	0	20	0.00260417	384	0.938635	FALSE	NA	NA	NA	NA	NA	NA
2019-nCoV	24501	T	C	387	169	24	1	0	22	0.00257732	388	0.938305	FALSE	NA	NA	NA	NA	NA	NA
2019-nCoV	24501	T	+C	387	169	24	2	0	20	0.00515464	388	0.814915	FALSE	NA	NA	NA	NA	NA	NA
2019-nCoV	24503	C	-T	243	153	23	3	0	20	0.0123457	243	0.507716	FALSE	NA	NA	NA	NA	NA	NA
2019-nCoV	24504	T	G	252	42	24	1	1	24	0.00393701	254	0.869814	FALSE	NA	NA	NA	NA	NA	NA
2019-nCoV	24504	T	C	252	42	24	1	0	22	0.00393701	254	0.869814	FALSE	NA	NA	NA	NA	NA	NA
2019-nCoV	24505	T	C	379	159	24	1	0	27	0.00263158	380	0.938322	FALSE	NA	NA	NA	NA	NA	NA
2019-nCoV	24506	T	C	215	155	23	2	0	29	0.00921659	217	0.690105	FALSE	NA	NA	NA	NA	NA	NA
2019-nCoV	24507	C	+T	354	139	23	1	0	20	0.00282486	354	0.93873	FALSE	NA	NA	NA	NA	NA	NA
2019-nCoV	24507	C	+G	354	139	23	1	0	20	0.00282486	354	0.93873	FALSE	NA	NA	NA	NA	NA	NA
2019-nCoV	24508	A	G	349	140	24	1	0	27	0.00285714	350	0.938392	FALSE	NA	NA	NA	NA	NA	NA
2019-nCoV	24510	G	+T	369	158	25	2	0	20	0.00542005	369	0.815875	FALSE	NA	NA	NA	NA	NA	NA
2019-nCoV	24512	C	+T	368	159	25	1	0	20	0.00271739	368	0.938684	FALSE	NA	NA	NA	NA	NA	NA
2019-nCoV	24513	T	G	355	133	24	2	2	20	0.00560224	357	0.814255	FALSE	NA	NA	NA	NA	NA	NA
2019-nCoV	24516	A	G	380	169	25	3	1	24	0.0078329	383	0.658094	FALSE	NA	NA	NA	NA	NA	NA
2019-nCoV	24516	A	+C	380	169	25	1	0	20	0.00261097	383	0.937665	FALSE	NA	NA	NA	NA	NA	NA
2019-nCoV	24517	C	-A	383	175	25	14	0	20	0.0365535	383	0.00736528	TRUE	NA	NA	NA	NA	NA	NA
2019-nCoV	24517	C	+A	383	175	25	5	0	20	0.0130548	383	0.371155	FALSE	NA	NA	NA	NA	NA	NA
2019-nCoV	24518	A	G	302	94	24	1	1	24	0.00330033	303	0.933971	FALSE	NA	NA	NA	NA	NA	NA
2019-nCoV	24519	A	G	398	175	26	1	1	26	0.00250627	399	0.938283	FALSE	NA	NA	NA	NA	NA	NA
2019-nCoV	24520	A	G	287	176	24	1	1	22	0.00347222	288	0.876303	FALSE	NA	NA	NA	NA	NA	NA
2019-nCoV	24521	G	+T	389	175	25	3	0	20	0.00771208	389	0.661662	FALSE	NA	NA	NA	NA	NA	NA
2019-nCoV	24523	T	C	333	177	24	1	1	32	0.00299401	334	0.50075	FALSE	NA	NA	NA	NA	NA	NA
2019-nCoV	24524	G	+T	384	174	25	1	0	20	0.0025974	385	0.938311	FALSE	NA	NA	NA	NA	NA	NA
2019-nCoV	24525	A	G	378	174	25	1	0	26	0.00263852	379	0.938324	FALSE	NA	NA	NA	NA	NA	NA
2019-nCoV	24529	T	C	384	171	25	1	0	22	0.0025974	385	0.938311	FALSE	NA	NA	NA	NA	NA	NA
2019-nCoV	24529	T	+G	384	171	25	3	0	20	0.00779221	385	0.660511	FALSE	NA	NA	NA	NA	NA	NA
2019-nCoV	24530	G	-A	385	170	25	1	0	20	0.0025974	385	0.938632	FALSE	NA	NA	NA	NA	NA	NA
2019-nCoV	24530	G	+A	385	170	25	1	0	20	0.0025974	385	0.938632	FALSE	NA	NA	NA	NA	NA	NA
2019-nCoV	24532	A	G	333	168	24	1	0	22	0.00299401	334	0.938435	FALSE	NA	NA	NA	NA	NA	NA
2019-nCoV	24533	G	T	373	162	25	1	0	22	0.0026738	374	0.938335	FALSE	NA	NA	NA	NA	NA	NA
2019-nCoV	24533	G	+T	373	162	25	1	0	20	0.0026738	374	0.938335	FALSE	NA	NA	NA	NA	NA	NA
2019-nCoV	24533	G	+A	373	162	25	2	0	20	0.00534759	374	0.815005	FALSE	NA	NA	NA	NA	NA	NA
2019-nCoV	24534	T	+G	369	158	25	1	0	20	0.00271003	369	0.93868	FALSE	NA	NA	NA	NA	NA	NA
2019-nCoV	24535	G	A	370	161	25	1	1	26	0.00269542	371	0.938342	FALSE	NA	NA	NA	NA	NA	NA
2019-nCoV	24536	C	T	352	147	24	3	1	24	0.0084507	355	0.65824	FALSE	NA	NA	NA	NA	NA	NA
2019-nCoV	24536	C	-AA	352	147	24	2	0	20	0.0056338	355	0.813386	FALSE	NA	NA	NA	NA	NA	NA
2019-nCoV	24536	C	-A	352	147	24	21	0	20	0.0591549	355	1.80444e-4	TRUE	NA	NA	NA	NA	NA	NA
2019-nCoV	24536	C	+G	352	147	24	1	0	20	0.0028169	355	0.937678	FALSE	NA	NA	NA	NA	NA	NA
2019-nCoV	24536	C	+AA	352	147	24	1	0	20	0.0028169	355	0.937678	FALSE	NA	NA	NA	NA	NA	NA
2019-nCoV	24536	C	+A	352	147	24	1	0	20	0.0028169	355	0.937678	FALSE	NA	NA	NA	NA	NA	NA
2019-nCoV	24538	A	G	359	142	25	2	2	25	0.00554017	361	0.811635	FALSE	NA	NA	NA	NA	NA	NA
2019-nCoV	24539	A	+T	233	155	23	1	0	20	0.00429185	233	0.877406	FALSE	NA	NA	NA	NA	NA	NA
2019-nCoV	24540	T	C	284	78	24	2	0	26	0.00699301	286	0.689474	FALSE	NA	NA	NA	NA	NA	NA
2019-nCoV	24541	T	A	311	167	24	1	1	22	0.00320513	312	0.938501	FALSE	NA	NA	NA	NA	NA	NA
2019-nCoV	24542	G	A	363	159	25	1	0	23	0.00274725	364	0.938358	FALSE	NA	NA	NA	NA	NA	NA
2019-nCoV	24544	T	+A	369	160	25	2	0	20	0.00542005	369	0.815875	FALSE	NA	NA	NA	NA	NA	NA
2019-nCoV	24545	A	G	360	160	25	2	0	26	0.00552486	362	0.814231	FALSE	NA	NA	NA	NA	NA	NA
2019-nCoV	24545	A	+G	360	160	25	1	0	20	0.00276243	362	0.93802	FALSE	NA	NA	NA	NA	NA	NA
2019-nCoV	24547	G	+T	330	166	24	2	0	20	0.00606061	330	0.816273	FALSE	NA	NA	NA	NA	NA	NA
2019-nCoV	24552	T	C	391	177	26	2	1	26	0.00508906	393	0.814094	FALSE	NA	NA	NA	NA	NA	NA
2019-nCoV	24552	T	+C	391	177	26	1	0	20	0.00254453	393	0.937979	FALSE	NA	NA	NA	NA	NA	NA
2019-nCoV	24554	A	T	388	171	25	1	0	28	0.00255754	391	0.937661	FALSE	NA	NA	NA	NA	NA	NA
2019-nCoV	24554	A	G	388	171	25	2	0	27	0.00511509	391	0.813304	FALSE	NA	NA	NA	NA	NA	NA
2019-nCoV	24555	C	G	384	168	25	1	0	22	0.0025974	385	0.938311	FALSE	NA	NA	NA	NA	NA	NA
2019-nCoV	24555	C	+A	384	168	25	1	0	20	0.0025974	385	0.938311	FALSE	NA	NA	NA	NA	NA	NA
2019-nCoV	24556	A	G	375	163	25	3	1	23	0.00793651	378	0.658118	FALSE	NA	NA	NA	NA	NA	NA
2019-nCoV	24556	A	-G	375	163	25	1	0	20	0.0026455	378	0.937667	FALSE	NA	NA	NA	NA	NA	NA
2019-nCoV	24556	A	+G	375	163	25	2	0	20	0.00529101	378	0.813332	FALSE	NA	NA	NA	NA	NA	NA
2019-nCoV	24557	G	A	337	123	25	1	0	23	0.00295858	338	0.938055	FALSE	NA	NA	NA	NA	NA	NA
2019-nCoV	24558	G	A	341	167	24	2	0	24	0.0058309	343	0.814327	FALSE	NA	NA	NA	NA	NA	NA
2019-nCoV	24558	G	+C	341	167	24	1	0	20	0.00291545	343	0.938049	FALSE	NA	NA	NA	NA	NA	NA
2019-nCoV	24559	C	T	375	162	25	1	0	28	0.00265957	376	0.938331	FALSE	NA	NA	NA	NA	NA	NA
2019-nCoV	24559	C	+A	375	162	25	2	0	20	0.00531915	376	0.814992	FALSE	NA	NA	NA	NA	NA	NA
2019-nCoV	24560	A	G	378	162	25	1	0	26	0.00263852	379	0.938324	FALSE	NA	NA	NA	NA	NA	NA
2019-nCoV	24560	A	+G	378	162	25	2	0	20	0.00527704	379	0.814972	FALSE	NA	NA	NA	NA	NA	NA
2019-nCoV	24561	G	+A	381	163	25	2	0	20	0.00524934	381	0.81577	FALSE	NA	NA	NA	NA	NA	NA
2019-nCoV	24562	A	G	387	167	25	1	1	27	0.00257732	388	0.938305	FALSE	NA	NA	NA	NA	NA	NA
2019-nCoV	24563	C	+T	375	166	25	1	0	20	0.00266667	375	0.938662	FALSE	NA	NA	NA	NA	NA	NA
2019-nCoV	24563	C	+G	375	166	25	1	0	20	0.00266667	375	0.938662	FALSE	NA	NA	NA	NA	NA	NA
2019-nCoV	24564	T	C	328	118	24	1	0	20	0.00303951	329	0.938449	FALSE	NA	NA	NA	NA	NA	NA
2019-nCoV	24565	T	+C	108	57	24	1	0	20	0.00925926	108	0.755771	FALSE	NA	NA	NA	NA	NA	NA
2019-nCoV	24566	C	T	117	56	24	1	1	26	0.00847458	118	0.753191	FALSE	NA	NA	NA	NA	NA	NA
2019-nCoV	24566	C	-A	117	56	24	3	0	20	0.0254237	118	0.320496	FALSE	NA	NA	NA	NA	NA	NA
2019-nCoV	24566	C	+A	117	56	24	6	0	20	0.0508475	118	0.0682034	FALSE	NA	NA	NA	NA	NA	NA
2019-nCoV	24570	G	-T	116	56	24	5	0	20	0.0431034	116	0.118649	FALSE	NA	NA	NA	NA	NA	NA
2019-nCoV	24573	T	+G	88	56	24	1	0	20	0.0113636	88	0.505682	FALSE	NA	NA	NA	NA	NA	NA
2019-nCoV	24576	A	G	125	60	26	1	1	20	0.00793651	126	0.752988	FALSE	NA	NA	NA	NA	NA	NA
2019-nCoV	24577	G	+A	126	61	26	1	0	20	0.00793651	126	0.754948	FALSE	NA	NA	NA	NA	NA	NA
2019-nCoV	24579	C	+G	125	58	26	1	0	20	0.008	125	0.754988	FALSE	NA	NA	NA	NA	NA	NA
2019-nCoV	24580	A	G	125	59	26	1	1	28	0.00793651	126	0.752988	FALSE	NA	NA	NA	NA	NA	NA
2019-nCoV	24587	A	G	122	58	25	1	0	21	0.00813008	123	0.753061	FALSE	NA	NA	NA	NA	NA	NA
2019-nCoV	24590	C	T	125	58	26	1	1	29	0.00793651	126	0.752988	FALSE	NA	NA	NA	NA	NA	NA
2019-nCoV	24592	A	+C	118	60	24	1	0	20	0.00847458	118	0.755283	FALSE	NA	NA	NA	NA	NA	NA
2019-nCoV	24593	C	+A	124	59	26	1	0	20	0.00806452	124	0.755028	FALSE	NA	NA	NA	NA	NA	NA
2019-nCoV	24596	T	G	110	44	24	1	1	21	0.00900901	111	0.753394	FALSE	NA	NA	NA	NA	NA	NA
2019-nCoV	24597	T	C	110	58	24	1	1	22	0.00900901	111	0.753394	FALSE	NA	NA	NA	NA	NA	NA
2019-nCoV	24599	A	+T	116	59	24	1	0	20	0.00862069	116	0.755374	FALSE	NA	NA	NA	NA	NA	NA
2019-nCoV	24608	G	A	127	60	26	1	1	26	0.0078125	128	0.752941	FALSE	NA	NA	NA	NA	NA	NA
2019-nCoV	24608	G	+C	127	60	26	1	0	20	0.0078125	128	0.752941	FALSE	NA	NA	NA	NA	NA	NA
2019-nCoV	24610	A	G	125	58	26	1	1	22	0.00793651	126	0.752988	FALSE	NA	NA	NA	NA	NA	NA
2019-nCoV	24611	G	+A	122	55	25	3	0	20	0.0245902	122	0.323305	FALSE	NA	NA	NA	NA	NA	NA
2019-nCoV	24616	C	T	142	68	26	1	0	23	0.00699301	143	0.752632	FALSE	NA	NA	NA	NA	NA	NA
2019-nCoV	24618	G	+C	142	68	26	1	0	20	0.00704225	142	0.754392	FALSE	NA	NA	NA	NA	NA	NA
2019-nCoV	24620	G	A	146	75	26	1	0	23	0.00680272	147	0.75256	FALSE	NA	NA	NA	NA	NA	NA
2019-nCoV	24621	C	T	142	72	25	1	0	20	0.00699301	143	0.752632	FALSE	NA	NA	NA	NA	NA	NA
2019-nCoV	24621	C	+T	142	72	25	1	0	20	0.00699301	143	0.752632	FALSE	NA	NA	NA	NA	NA	NA
2019-nCoV	24624	C	+T	151	77	25	1	0	20	0.00662252	151	0.754131	FALSE	NA	NA	NA	NA	NA	NA
2019-nCoV	24625	T	G	151	75	26	1	1	21	0.00645161	155	0.747541	FALSE	NA	NA	NA	NA	NA	NA
2019-nCoV	24625	T	C	151	75	26	3	1	23	0.0193548	155	0.311272	FALSE	NA	NA	NA	NA	NA	NA
2019-nCoV	24627	C	+T	150	71	25	1	0	20	0.00666667	150	0.754158	FALSE	NA	NA	NA	NA	NA	NA
2019-nCoV	24627	C	+G	150	71	25	1	0	20	0.00666667	150	0.754158	FALSE	NA	NA	NA	NA	NA	NA
2019-nCoV	24628	T	-A	146	68	25	1	0	20	0.00684932	146	0.754272	FALSE	NA	NA	NA	NA	NA	NA
2019-nCoV	24628	T	+A	146	68	25	2	0	20	0.0136986	146	0.507705	FALSE	NA	NA	NA	NA	NA	NA
2019-nCoV	24631	T	+C	140	67	25	1	0	20	0.00714286	140	0.754455	FALSE	NA	NA	NA	NA	NA	NA
2019-nCoV	24632	C	-T	135	63	25	1	0	20	0.00740741	135	0.754619	FALSE	NA	NA	NA	NA	NA	NA
2019-nCoV	24632	C	+T	135	63	25	1	0	20	0.00740741	135	0.754619	FALSE	NA	NA	NA	NA	NA	NA
2019-nCoV	24637	T	+A	150	73	25	1	0	20	0.00666667	150	0.754158	FALSE	NA	NA	NA	NA	NA	NA
2019-nCoV	24639	C	T	149	72	25	1	1	24	0.00666667	150	0.752508	FALSE	NA	NA	NA	NA	NA	NA
2019-nCoV	24641	A	G	155	78	25	1	1	24	0.00641026	156	0.752412	FALSE	NA	NA	NA	NA	NA	NA
2019-nCoV	24643	T	-A	153	78	25	4	0	20	0.0261438	153	0.19574	FALSE	NA	NA	NA	NA	NA	NA
2019-nCoV	24643	T	+C	153	78	25	1	0	20	0.00653595	153	0.754077	FALSE	NA	NA	NA	NA	NA	NA
2019-nCoV	24643	T	+A	153	78	25	2	0	20	0.0130719	153	0.507353	FALSE	NA	NA	NA	NA	NA	NA
2019-nCoV	24646	A	G	152	79	26	1	1	27	0.00653595	153	0.752459	FALSE	NA	NA	NA	NA	NA	NA
2019-nCoV	24647	A	G	93	75	23	1	0	25	0.0106383	94	0.502674	FALSE	NA	NA	NA	NA	NA	NA
2019-nCoV	24648	T	C	143	76	24	1	0	28	0.00694444	144	0.752613	FALSE	NA	NA	NA	NA	NA	NA
2019-nCoV	24649	G	-T	147	77	25	1	0	20	0.00680272	147	0.754243	FALSE	NA	NA	NA	NA	NA	NA
2019-nCoV	24652	A	G	150	76	26	1	0	23	0.00662252	151	0.752492	FALSE	NA	NA	NA	NA	NA	NA
2019-nCoV	24654	A	G	150	75	26	2	2	28	0.0131579	152	0.502483	FALSE	NA	NA	NA	NA	NA	NA
2019-nCoV	24656	T	C	151	76	25	2	0	27	0.0130719	153	0.502467	FALSE	NA	NA	NA	NA	NA	NA
2019-nCoV	24657	G	+T	149	72	25	1	0	20	0.00671141	149	0.754186	FALSE	NA	NA	NA	NA	NA	NA
2019-nCoV	24658	T	C	146	71	25	2	0	27	0.0135135	148	0.502551	FALSE	NA	NA	NA	NA	NA	NA
2019-nCoV	24659	G	+C	148	70	25	1	0	20	0.00675676	148	0.754214	FALSE	NA	NA	NA	NA	NA	NA
2019-nCoV	24660	T	C	141	69	25	1	1	23	0.00699301	143	0.750883	FALSE	NA	NA	NA	NA	NA	NA
2019-nCoV	24660	T	A	141	69	25	1	0	29	0.00699301	143	0.750883	FALSE	NA	NA	NA	NA	NA	NA
2019-nCoV	24660	T	+A	141	69	25	3	0	20	0.020979	143	0.316459	FALSE	NA	NA	NA	NA	NA	NA
2019-nCoV	24662	C	+A	139	70	25	1	0	20	0.00719424	139	0.754487	FALSE	NA	NA	NA	NA	NA	NA
2019-nCoV	24667	A	G	137	62	25	1	1	22	0.00724638	138	0.752727	FALSE	NA	NA	NA	NA	NA	NA
2019-nCoV	24668	C	-A	135	61	24	1	0	20	0.00740741	135	0.754619	FALSE	NA	NA	NA	NA	NA	NA
2019-nCoV	24668	C	+A	135	61	24	1	0	20	0.00740741	135	0.754619	FALSE	NA	NA	NA	NA	NA	NA
2019-nCoV	24671	T	C	135	61	25	1	0	27	0.00735294	136	0.752768	FALSE	NA	NA	NA	NA	NA	NA
2019-nCoV	24671	T	+C	135	61	25	1	0	20	0.00735294	136	0.752768	FALSE	NA	NA	NA	NA	NA	NA
2019-nCoV	24672	C	-A	135	62	24	25	0	20	0.185185	135	1.31761e-6	TRUE	NA	NA	NA	NA	NA	NA
2019-nCoV	24672	C	+A	135	62	24	1	0	20	0.00740741	135	0.754619	FALSE	NA	NA	NA	NA	NA	NA
2019-nCoV	24675	A	C	140	67	25	1	1	27	0.0070922	141	0.752669	FALSE	NA	NA	NA	NA	NA	NA
2019-nCoV	24677	A	G	71	66	24	1	0	25	0.0138889	72	0.503497	FALSE	NA	NA	NA	NA	NA	NA
2019-nCoV	24679	A	G	150	75	25	1	0	28	0.00662252	151	0.752492	FALSE	NA	NA	NA	NA	NA	NA
2019-nCoV	24680	G	A	26	16	24	1	0	24	0.037037	27	0.509434	FALSE	NA	NA	NA	NA	NA	NA
2019-nCoV	24684	A	-T	24	13	23	4	0	20	0.166667	24	0.0819328	FALSE	NA	NA	NA	NA	NA	NA
2019-nCoV	24702	A	+T	24	14	24	1	0	20	0.0416667	24	0.520833	FALSE	NA	NA	NA	NA	NA	NA
2019-nCoV	24717	T	-C	24	17	23	4	0	20	0.166667	24	0.0819328	FALSE	NA	NA	NA	NA	NA	NA
2019-nCoV	24724	G	+C	27	17	25	1	0	20	0.037037	27	0.518519	FALSE	NA	NA	NA	NA	NA	NA
2019-nCoV	24728	G	+C	40	23	25	1	0	20	0.025	40	0.5125	FALSE	NA	NA	NA	NA	NA	NA
2019-nCoV	24730	A	G	37	21	24	1	0	31	0.0263158	38	0.506667	FALSE	NA	NA	NA	NA	NA	NA
2019-nCoV	24733	T	C	38	21	24	1	1	32	0.025641	39	0.506494	FALSE	NA	NA	NA	NA	NA	NA
2019-nCoV	24734	C	+G	40	23	24	1	0	20	0.025	40	0.5125	FALSE	NA	NA	NA	NA	NA	NA
2019-nCoV	24735	A	G	39	22	25	1	0	23	0.025	40	0.506329	FALSE	NA	NA	NA	NA	NA	NA
2019-nCoV	24739	T	C	40	24	25	1	1	23	0.0243902	41	0.506173	FALSE	NA	NA	NA	NA	NA	NA
2019-nCoV	24757	G	+A	41	23	25	1	0	20	0.0243902	41	0.512195	FALSE	NA	NA	NA	NA	NA	NA
2019-nCoV	24761	T	C	36	24	24	1	0	26	0.027027	37	0.506849	FALSE	NA	NA	NA	NA	NA	NA
2019-nCoV	24769	T	G	37	21	24	1	0	25	0.0263158	38	0.506667	FALSE	NA	NA	NA	NA	NA	NA
2019-nCoV	24770	G	+C	38	22	25	1	0	20	0.0263158	38	0.513158	FALSE	NA	NA	NA	NA	NA	NA
2019-nCoV	24771	C	+A	40	22	25	1	0	20	0.025	40	0.5125	FALSE	NA	NA	NA	NA	NA	NA
2019-nCoV	24776	G	+A	40	23	24	1	0	20	0.025	40	0.5125	FALSE	NA	NA	NA	NA	NA	NA
2019-nCoV	24781	G	-A	38	22	24	1	0	20	0.0263158	38	0.513158	FALSE	NA	NA	NA	NA	NA	NA
2019-nCoV	24789	C	+G	34	22	25	1	0	20	0.0294118	34	0.514706	FALSE	NA	NA	NA	NA	NA	NA
2019-nCoV	24790	A	G	25	12	23	1	1	24	0.0384615	26	0.509804	FALSE	NA	NA	NA	NA	NA	NA
2019-nCoV	24791	A	G	30	22	24	1	1	27	0.0322581	31	0.508197	FALSE	NA	NA	NA	NA	NA	NA
2019-nCoV	24793	T	+G	39	25	25	1	0	20	0.025641	39	0.512821	FALSE	NA	NA	NA	NA	NA	NA
2019-nCoV	24816	G	-A	8	7	23	2	0	20	0.25	8	0.330882	FALSE	NA	NA	NA	NA	NA	NA
2019-nCoV	24826	C	+T	14	8	24	1	0	20	0.0714286	14	0.535714	FALSE	NA	NA	NA	NA	NA	NA
2019-nCoV	24844	C	+T	14	8	24	2	0	20	0.142857	14	0.295567	FALSE	NA	NA	NA	NA	NA	NA
2019-nCoV	24852	C	-A	81	30	24	3	0	20	0.037037	81	0.132015	FALSE	NA	NA	NA	NA	NA	NA
2019-nCoV	24852	C	+A	81	30	24	2	0	20	0.0246914	81	0.257744	FALSE	NA	NA	NA	NA	NA	NA
2019-nCoV	24853	A	G	63	8	24	1	0	27	0.015625	64	0.5	FALSE	NA	NA	NA	NA	NA	NA
2019-nCoV	24860	A	T	78	32	25	1	0	28	0.0126582	79	0.503185	FALSE	NA	NA	NA	NA	NA	NA
2019-nCoV	24864	A	G	80	31	25	1	1	22	0.0123457	81	0.503106	FALSE	NA	NA	NA	NA	NA	NA
2019-nCoV	24865	C	+T	85	32	24	1	0	20	0.0117647	85	0.505882	FALSE	NA	NA	NA	NA	NA	NA
2019-nCoV	24866	T	+G	84	32	24	1	0	20	0.0119048	84	0.505952	FALSE	NA	NA	NA	NA	NA	NA
2019-nCoV	24871	T	-G	61	25	24	19	0	20	0.311475	61	8.47798e-6	TRUE	NA	NA	NA	NA	NA	NA
2019-nCoV	24872	G	T	33	11	23	29	15	23	0.467742	62	1.46963e-11	TRUE	NA	NA	NA	NA	NA	NA
2019-nCoV	24873	T	C	53	31	24	1	0	27	0.0185185	54	0.504673	FALSE	NA	NA	NA	NA	NA	NA
2019-nCoV	24874	A	G	55	7	23	3	0	24	0.0517241	58	0.124971	FALSE	NA	NA	NA	NA	NA	NA
2019-nCoV	24876	C	+G	83	32	24	1	0	20	0.0120482	83	0.506024	FALSE	NA	NA	NA	NA	NA	NA
2019-nCoV	24878	C	G	75	29	23	1	0	24	0.0131579	76	0.503311	FALSE	NA	NA	NA	NA	NA	NA
2019-nCoV	24878	C	-A	75	29	23	1	0	20	0.0131579	76	0.503311	FALSE	NA	NA	NA	NA	NA	NA
2019-nCoV	24878	C	+A	75	29	23	3	0	20	0.0394737	76	0.129983	FALSE	NA	NA	NA	NA	NA	NA
2019-nCoV	24885	A	-T	43	29	23	5	0	20	0.116279	43	0.0389609	FALSE	NA	NA	NA	NA	NA	NA
2019-nCoV	24885	A	+T	43	29	23	2	0	20	0.0465116	43	0.264635	FALSE	NA	NA	NA	NA	NA	NA
2019-nCoV	24899	C	-A	74	32	24	3	0	20	0.0405405	74	0.132686	FALSE	NA	NA	NA	NA	NA	NA
2019-nCoV	24899	C	+A	74	32	24	1	0	20	0.0135135	74	0.506757	FALSE	NA	NA	NA	NA	NA	NA
2019-nCoV	24901	A	-AT	82	32	24	1	0	20	0.0121951	82	0.506098	FALSE	NA	NA	NA	NA	NA	NA
2019-nCoV	24905	A	-T	72	33	24	1	0	20	0.0138889	72	0.506944	FALSE	NA	NA	NA	NA	NA	NA
2019-nCoV	24913	A	+G	85	34	25	1	0	20	0.0117647	85	0.505882	FALSE	NA	NA	NA	NA	NA	NA
2019-nCoV	24915	A	G	78	32	25	1	1	27	0.0126582	79	0.503185	FALSE	NA	NA	NA	NA	NA	NA
2019-nCoV	24919	C	T	74	33	25	2	0	25	0.0263158	76	0.251656	FALSE	NA	NA	NA	NA	NA	NA
2019-nCoV	24920	A	G	75	31	24	1	1	25	0.0131579	76	0.503311	FALSE	NA	NA	NA	NA	NA	NA
2019-nCoV	24920	A	+C	75	31	24	1	0	20	0.0131579	76	0.503311	FALSE	NA	NA	NA	NA	NA	NA
2019-nCoV	24921	C	+A	72	32	25	1	0	20	0.0138889	72	0.506944	FALSE	NA	NA	NA	NA	NA	NA
2019-nCoV	24922	A	G	71	30	23	1	0	22	0.0138889	72	0.503497	FALSE	NA	NA	NA	NA	NA	NA
2019-nCoV	24922	A	-T	71	30	23	3	0	20	0.0416667	72	0.130263	FALSE	NA	NA	NA	NA	NA	NA
2019-nCoV	24922	A	+T	71	30	23	4	0	20	0.0555556	72	0.0669158	FALSE	NA	NA	NA	NA	NA	NA
2019-nCoV	24929	T	+C	66	35	23	1	0	20	0.0151515	66	0.507576	FALSE	NA	NA	NA	NA	NA	NA
2019-nCoV	24935	A	G	64	21	23	1	0	22	0.0153846	65	0.503876	FALSE	NA	NA	NA	NA	NA	NA
2019-nCoV	24944	G	+T	67	23	25	3	0	20	0.0447761	67	0.133499	FALSE	NA	NA	NA	NA	NA	NA
2019-nCoV	24946	T	C	52	24	24	1	1	28	0.0188679	53	0.504762	FALSE	NA	NA	NA	NA	NA	NA
2019-nCoV	24947	G	-T	62	25	25	1	0	20	0.016129	62	0.508065	FALSE	NA	NA	NA	NA	NA	NA
2019-nCoV	24952	A	-G	63	24	25	1	0	20	0.015873	63	0.507937	FALSE	NA	NA	NA	NA	NA	NA
2019-nCoV	24960	T	C	62	25	25	1	0	24	0.015873	63	0.504	FALSE	NA	NA	NA	NA	NA	NA
2019-nCoV	24962	A	G	60	22	24	1	1	27	0.0163934	61	0.504132	FALSE	NA	NA	NA	NA	NA	NA
2019-nCoV	24966	A	T	46	24	24	1	0	26	0.0204082	49	0.494737	FALSE	NA	NA	NA	NA	NA	NA
2019-nCoV	24966	A	G	46	24	24	2	0	22	0.0408163	49	0.247368	FALSE	NA	NA	NA	NA	NA	NA
2019-nCoV	24971	G	A	60	22	25	1	1	26	0.0163934	61	0.504132	FALSE	NA	NA	NA	NA	NA	NA
2019-nCoV	24971	G	-T	60	22	25	1	0	20	0.0163934	61	0.504132	FALSE	NA	NA	NA	NA	NA	NA
2019-nCoV	24971	G	+T	60	22	25	2	0	20	0.0327869	61	0.256198	FALSE	NA	NA	NA	NA	NA	NA
2019-nCoV	24973	T	C	65	26	26	1	0	27	0.0151515	66	0.503817	FALSE	NA	NA	NA	NA	NA	NA
2019-nCoV	24974	T	+TG	43	26	24	1	0	20	0.0232558	43	0.511628	FALSE	NA	NA	NA	NA	NA	NA
2019-nCoV	24976	T	C	62	26	25	1	0	20	0.015873	63	0.504	FALSE	NA	NA	NA	NA	NA	NA
2019-nCoV	24981	C	-T	37	25	24	6	0	20	0.162162	37	0.0219326	FALSE	NA	NA	NA	NA	NA	NA
2019-nCoV	24988	A	G	52	26	23	1	0	26	0.0188679	53	0.504762	FALSE	NA	NA	NA	NA	NA	NA
2019-nCoV	24990	C	T	1	0	23	59	17	24	0.983333	60	1.24204e-33	TRUE	NA	NA	NA	NA	NA	NA
2019-nCoV	24991	T	C	53	24	23	1	1	23	0.0185185	54	0.504673	FALSE	NA	NA	NA	NA	NA	NA
2019-nCoV	25000	C	T	0	0	0	59	17	24	1	59	8.211289999999999e-35	TRUE	NA	NA	NA	NA	NA	NA
2019-nCoV	25001	T	+C	46	23	23	1	0	20	0.0217391	46	0.51087	FALSE	NA	NA	NA	NA	NA	NA
2019-nCoV	25007	A	G	57	15	25	1	1	22	0.0172414	58	0.504348	FALSE	NA	NA	NA	NA	NA	NA
2019-nCoV	25010	G	T	53	24	23	1	0	32	0.0185185	54	0.504673	FALSE	NA	NA	NA	NA	NA	NA
2019-nCoV	25012	G	A	51	14	24	1	0	24	0.0192308	52	0.504854	FALSE	NA	NA	NA	NA	NA	NA
2019-nCoV	25014	A	+T	57	21	25	1	0	20	0.0175439	57	0.508772	FALSE	NA	NA	NA	NA	NA	NA
2019-nCoV	25018	A	G	60	23	25	2	0	26	0.0322581	62	0.252033	FALSE	NA	NA	NA	NA	NA	NA
2019-nCoV	25020	A	+T	66	26	25	1	0	20	0.0151515	66	0.507576	FALSE	NA	NA	NA	NA	NA	NA
2019-nCoV	25021	T	+A	64	26	24	1	0	20	0.015625	64	0.507813	FALSE	NA	NA	NA	NA	NA	NA
2019-nCoV	25026	A	-T	62	24	24	4	0	20	0.0645161	62	0.0697384	FALSE	NA	NA	NA	NA	NA	NA
2019-nCoV	25032	A	G	53	24	23	1	0	27	0.0185185	54	0.504673	FALSE	NA	NA	NA	NA	NA	NA
2019-nCoV	25035	A	-T	55	21	22	1	0	20	0.0181818	55	0.509091	FALSE	NA	NA	NA	NA	NA	NA
2019-nCoV	25035	A	+C	55	21	22	1	0	20	0.0181818	55	0.509091	FALSE	NA	NA	NA	NA	NA	NA
2019-nCoV	25042	A	G	63	25	25	1	1	23	0.015625	64	0.503937	FALSE	NA	NA	NA	NA	NA	NA
2019-nCoV	25042	A	+TG	63	25	25	1	0	20	0.015625	64	0.503937	FALSE	NA	NA	NA	NA	NA	NA
2019-nCoV	25051	T	C	55	16	26	1	0	26	0.0178571	56	0.504505	FALSE	NA	NA	NA	NA	NA	NA
2019-nCoV	25056	A	-T	60	20	25	1	0	20	0.0166667	60	0.508333	FALSE	NA	NA	NA	NA	NA	NA
2019-nCoV	25059	T	-A	41	22	23	1	0	20	0.0243902	41	0.512195	FALSE	NA	NA	NA	NA	NA	NA
2019-nCoV	25060	A	G	54	15	25	2	0	25	0.0357143	56	0.252252	FALSE	NA	NA	NA	NA	NA	NA
2019-nCoV	25063	T	C	61	22	25	1	0	26	0.016129	62	0.504065	FALSE	NA	NA	NA	NA	NA	NA
2019-nCoV	25064	G	+A	62	21	25	1	0	20	0.016129	62	0.508065	FALSE	NA	NA	NA	NA	NA	NA
2019-nCoV	25065	A	G	62	22	25	1	1	28	0.015873	63	0.504	FALSE	NA	NA	NA	NA	NA	NA
2019-nCoV	25067	A	C	60	21	26	1	1	20	0.0163934	61	0.504132	FALSE	NA	NA	NA	NA	NA	NA
2019-nCoV	25125	A	-G	79	57	24	1	0	20	0.0126582	79	0.506329	FALSE	NA	NA	NA	NA	NA	NA
2019-nCoV	25127	G	+T	71	58	23	4	0	20	0.056338	71	0.0688008	FALSE	NA	NA	NA	NA	NA	NA
2019-nCoV	25129	T	C	73	57	23	1	1	27	0.0135135	74	0.503401	FALSE	NA	NA	NA	NA	NA	NA
2019-nCoV	25133	A	C	63	39	23	1	1	23	0.015625	64	0.503937	FALSE	NA	NA	NA	NA	NA	NA
2019-nCoV	25135	G	+A	88	66	24	1	0	20	0.0113636	88	0.505682	FALSE	NA	NA	NA	NA	NA	NA
2019-nCoV	25136	A	G	69	47	22	1	1	27	0.0142857	70	0.503597	FALSE	NA	NA	NA	NA	NA	NA
2019-nCoV	25140	T	-A	72	62	24	1	0	20	0.0138889	72	0.506944	FALSE	NA	NA	NA	NA	NA	NA
2019-nCoV	25140	T	+TA	72	62	24	1	0	20	0.0138889	72	0.506944	FALSE	NA	NA	NA	NA	NA	NA
2019-nCoV	25152	T	C	83	64	25	1	1	25	0.0119048	84	0.502994	FALSE	NA	NA	NA	NA	NA	NA
2019-nCoV	25152	T	-C	83	64	25	1	0	20	0.0119048	84	0.502994	FALSE	NA	NA	NA	NA	NA	NA
2019-nCoV	25155	T	G	83	60	24	1	1	24	0.0119048	84	0.502994	FALSE	NA	NA	NA	NA	NA	NA
2019-nCoV	25164	A	G	62	38	23	1	1	27	0.015873	63	0.504	FALSE	NA	NA	NA	NA	NA	NA
2019-nCoV	25169	C	-T	94	71	24	1	0	20	0.0106383	94	0.505319	FALSE	NA	NA	NA	NA	NA	NA
2019-nCoV	25171	T	C	82	72	24	1	0	28	0.0120482	83	0.50303	FALSE	NA	NA	NA	NA	NA	NA
2019-nCoV	25172	G	T	62	42	22	1	0	22	0.015873	63	0.504	FALSE	NA	NA	NA	NA	NA	NA
2019-nCoV	25173	G	-A	73	61	24	1	0	20	0.0136986	73	0.506849	FALSE	NA	NA	NA	NA	NA	NA
2019-nCoV	25173	G	+C	73	61	24	1	0	20	0.0136986	73	0.506849	FALSE	NA	NA	NA	NA	NA	NA
2019-nCoV	25176	A	G	70	63	24	2	2	20	0.0277778	72	0.251748	FALSE	NA	NA	NA	NA	NA	NA
2019-nCoV	25178	T	+A	97	73	24	1	0	20	0.0103093	97	0.505155	FALSE	NA	NA	NA	NA	NA	NA
2019-nCoV	25180	T	+A	97	75	24	1	0	20	0.0103093	97	0.505155	FALSE	NA	NA	NA	NA	NA	NA
2019-nCoV	25181	G	+A	93	72	24	1	0	20	0.0107527	93	0.505376	FALSE	NA	NA	NA	NA	NA	NA
2019-nCoV	25183	G	A	90	71	25	2	1	23	0.0217391	92	0.251366	FALSE	NA	NA	NA	NA	NA	NA
2019-nCoV	25184	C	T	95	77	25	1	1	28	0.0104167	96	0.502618	FALSE	NA	NA	NA	NA	NA	NA
2019-nCoV	25188	A	G	98	79	25	1	0	27	0.010101	99	0.502538	FALSE	NA	NA	NA	NA	NA	NA
2019-nCoV	25190	A	+G	100	80	24	1	0	20	0.01	100	0.753731	FALSE	NA	NA	NA	NA	NA	NA
2019-nCoV	25191	T	-A	87	70	23	16	0	20	0.183908	87	3.40532e-5	TRUE	NA	NA	NA	NA	NA	NA
2019-nCoV	25191	T	+A	87	70	23	1	0	20	0.0114943	87	0.505747	FALSE	NA	NA	NA	NA	NA	NA
2019-nCoV	25197	G	A	40	24	22	1	1	25	0.0243902	41	0.506173	FALSE	NA	NA	NA	NA	NA	NA
2019-nCoV	25198	G	-C	73	61	22	1	0	20	0.0136986	73	0.506849	FALSE	NA	NA	NA	NA	NA	NA
2019-nCoV	25200	C	+G	74	65	23	1	0	20	0.0135135	74	0.506757	FALSE	NA	NA	NA	NA	NA	NA
2019-nCoV	25201	A	G	73	57	22	1	0	30	0.0133333	75	0.5	FALSE	NA	NA	NA	NA	NA	NA
2019-nCoV	25201	A	C	73	57	22	1	1	24	0.0133333	75	0.5	FALSE	NA	NA	NA	NA	NA	NA
2019-nCoV	25204	G	A	91	77	24	1	1	26	0.0108696	92	0.502732	FALSE	NA	NA	NA	NA	NA	NA
2019-nCoV	25207	C	T	0	0	0	91	72	24	1	91	5.52412e-54	TRUE	NA	NA	NA	NA	NA	NA
2019-nCoV	25208	A	-T	91	72	24	1	0	20	0.010989	91	0.505495	FALSE	NA	NA	NA	NA	NA	NA
2019-nCoV	25208	A	+T	91	72	24	1	0	20	0.010989	91	0.505495	FALSE	NA	NA	NA	NA	NA	NA
2019-nCoV	25209	T	C	48	29	22	1	1	28	0.0204082	49	0.5	FALSE	NA	NA	NA	NA	NA	NA
2019-nCoV	25210	T	C	101	80	24	1	1	22	0.00980392	102	0.753695	FALSE	NA	NA	NA	NA	NA	NA
2019-nCoV	25218	G	A	84	82	25	1	1	26	0.0117647	85	0.502959	FALSE	NA	NA	NA	NA	NA	NA
2019-nCoV	25218	G	-T	84	82	25	6	0	20	0.0705882	85	0.0176237	FALSE	NA	NA	NA	NA	NA	NA
2019-nCoV	25227	C	T	100	79	25	1	1	20	0.00990099	101	0.753731	FALSE	NA	NA	NA	NA	NA	NA
2019-nCoV	25227	C	-T	100	79	25	1	0	20	0.00990099	101	0.753731	FALSE	NA	NA	NA	NA	NA	NA
2019-nCoV	25231	C	+T	99	81	25	1	0	20	0.010101	99	0.505051	FALSE	NA	NA	NA	NA	NA	NA
2019-nCoV	25235	A	-T	105	84	25	1	0	20	0.00952381	105	0.755935	FALSE	NA	NA	NA	NA	NA	NA
2019-nCoV	25236	T	C	80	59	23	1	0	21	0.0123457	81	0.5	FALSE	NA	NA	NA	NA	NA	NA
2019-nCoV	25250	G	+T	94	77	24	1	0	20	0.0106383	94	0.505319	FALSE	NA	NA	NA	NA	NA	NA
2019-nCoV	25253	A	G	118	78	24	3	3	25	0.0247934	121	0.314059	FALSE	NA	NA	NA	NA	NA	NA
2019-nCoV	25254	C	+A	119	80	24	2	0	20	0.0168067	119	0.509454	FALSE	NA	NA	NA	NA	NA	NA
2019-nCoV	25255	A	G	85	45	23	1	1	22	0.0116279	86	0.502924	FALSE	NA	NA	NA	NA	NA	NA
2019-nCoV	25256	A	+T	110	89	24	3	0	20	0.0272727	110	0.324489	FALSE	NA	NA	NA	NA	NA	NA
2019-nCoV	25257	T	C	103	65	23	1	0	20	0.00961538	104	0.753623	FALSE	NA	NA	NA	NA	NA	NA
2019-nCoV	25258	T	+A	110	88	24	1	0	20	0.00909091	110	0.755666	FALSE	NA	NA	NA	NA	NA	NA
2019-nCoV	25259	A	+T	115	82	24	1	0	20	0.00869565	115	0.755421	FALSE	NA	NA	NA	NA	NA	NA
2019-nCoV	25260	T	+G	109	76	24	1	0	20	0.00917431	109	0.755718	FALSE	NA	NA	NA	NA	NA	NA
2019-nCoV	25261	G	C	114	79	24	1	0	24	0.00869565	115	0.753275	FALSE	NA	NA	NA	NA	NA	NA
2019-nCoV	25262	C	G	111	79	24	1	0	24	0.00892857	112	0.753363	FALSE	NA	NA	NA	NA	NA	NA
2019-nCoV	25262	C	-T	111	79	24	16	0	20	0.142857	112	2.43001e-4	TRUE	NA	NA	NA	NA	NA	NA
2019-nCoV	25262	C	+T	111	79	24	2	0	20	0.0178571	112	0.506726	FALSE	NA	NA	NA	NA	NA	NA
2019-nCoV	25263	T	C	48	27	22	1	0	20	0.0204082	49	0.429825	FALSE	NA	NA	NA	NA	NA	NA
2019-nCoV	25268	T	C	117	79	24	1	1	22	0.00847458	118	0.753191	FALSE	NA	NA	NA	NA	NA	NA
2019-nCoV	25268	T	+G	117	79	24	1	0	20	0.00847458	118	0.753191	FALSE	NA	NA	NA	NA	NA	NA
2019-nCoV	25268	T	+C	117	79	24	1	0	20	0.00847458	118	0.753191	FALSE	NA	NA	NA	NA	NA	NA
2019-nCoV	25269	G	-T	115	78	24	1	0	20	0.00869565	115	0.755421	FALSE	NA	NA	NA	NA	NA	NA
2019-nCoV	25270	T	C	125	84	24	1	0	26	0.00793651	126	0.749012	FALSE	NA	NA	NA	NA	NA	NA
2019-nCoV	25275	C	G	103	68	22	1	0	23	0.00961538	104	0.753623	FALSE	NA	NA	NA	NA	NA	NA
2019-nCoV	25277	A	T	123	89	24	1	1	24	0.00806452	124	0.753036	FALSE	NA	NA	NA	NA	NA	NA
2019-nCoV	25278	G	+T	125	90	24	1	0	20	0.008	125	0.754988	FALSE	NA	NA	NA	NA	NA	NA
2019-nCoV	25282	C	+G	126	94	25	1	0	20	0.00793651	126	0.754948	FALSE	NA	NA	NA	NA	NA	NA
2019-nCoV	25286	A	+G	133	95	24	2	0	20	0.0150376	133	0.508458	FALSE	NA	NA	NA	NA	NA	NA
2019-nCoV	25296	A	G	104	89	23	1	0	23	0.00952381	105	0.753589	FALSE	NA	NA	NA	NA	NA	NA
2019-nCoV	25296	A	-G	104	89	23	1	0	20	0.00952381	105	0.753589	FALSE	NA	NA	NA	NA	NA	NA
2019-nCoV	25296	A	+GGG	104	89	23	1	0	20	0.00952381	105	0.753589	FALSE	NA	NA	NA	NA	NA	NA
2019-nCoV	25296	A	+G	104	89	23	1	0	20	0.00952381	105	0.753589	FALSE	NA	NA	NA	NA	NA	NA
2019-nCoV	25299	G	-C	99	89	24	1	0	20	0.010101	99	0.505051	FALSE	NA	NA	NA	NA	NA	NA
2019-nCoV	25299	G	+C	99	89	24	1	0	20	0.010101	99	0.505051	FALSE	NA	NA	NA	NA	NA	NA
2019-nCoV	25301	T	+AGA	129	88	24	1	0	20	0.00775194	129	0.754834	FALSE	NA	NA	NA	NA	NA	NA
2019-nCoV	25302	G	+T	128	90	24	1	0	20	0.0078125	128	0.754871	FALSE	NA	NA	NA	NA	NA	NA
2019-nCoV	25302	G	+GT	128	90	24	1	0	20	0.0078125	128	0.754871	FALSE	NA	NA	NA	NA	NA	NA
2019-nCoV	25304	T	A	117	95	25	1	0	29	0.00847458	118	0.753191	FALSE	NA	NA	NA	NA	NA	NA
2019-nCoV	25306	T	C	116	77	23	1	0	27	0.00854701	117	0.753219	FALSE	NA	NA	NA	NA	NA	NA
2019-nCoV	25308	C	+T	138	99	24	4	0	20	0.0289855	138	0.196643	FALSE	NA	NA	NA	NA	NA	NA
2019-nCoV	25310	T	+G	130	100	23	1	0	20	0.00769231	130	0.754797	FALSE	NA	NA	NA	NA	NA	NA
2019-nCoV	25311	G	+C	135	97	24	1	0	20	0.00740741	135	0.754619	FALSE	NA	NA	NA	NA	NA	NA
2019-nCoV	25312	T	C	134	95	24	2	2	27	0.0147059	136	0.502778	FALSE	NA	NA	NA	NA	NA	NA
2019-nCoV	25312	T	+G	134	95	24	1	0	20	0.00735294	136	0.750929	FALSE	NA	NA	NA	NA	NA	NA
2019-nCoV	25313	G	A	110	69	23	2	2	26	0.0178571	112	0.503378	FALSE	NA	NA	NA	NA	NA	NA
2019-nCoV	25314	G	-A	125	96	25	1	0	20	0.008	125	0.754988	FALSE	NA	NA	NA	NA	NA	NA
2019-nCoV	25315	A	G	133	93	25	1	1	29	0.00746269	134	0.750936	FALSE	NA	NA	NA	NA	NA	NA
2019-nCoV	25315	A	+G	133	93	25	1	0	20	0.00740741	135	0.750936	FALSE	NA	NA	NA	NA	NA	NA
2019-nCoV	25318	C	+T	131	96	24	1	0	20	0.00763359	131	0.75476	FALSE	NA	NA	NA	NA	NA	NA
2019-nCoV	25320	G	+C	131	91	25	2	0	20	0.0152672	131	0.508588	FALSE	NA	NA	NA	NA	NA	NA
2019-nCoV	25324	C	-A	137	97	24	1	0	20	0.00729927	137	0.754552	FALSE	NA	NA	NA	NA	NA	NA
2019-nCoV	25324	C	+A	137	97	24	1	0	20	0.00729927	137	0.754552	FALSE	NA	NA	NA	NA	NA	NA
2019-nCoV	25326	A	G	20	1	25	1	0	27	0.047619	21	0.512195	FALSE	NA	NA	NA	NA	NA	NA
2019-nCoV	25327	A	+ATT	6	1	23	1	0	20	0.166667	6	0.583333	FALSE	NA	NA	NA	NA	NA	NA
2019-nCoV	25330	T	G	3	1	23	1	0	22	0.25	4	0.571429	FALSE	NA	NA	NA	NA	NA	NA
2019-nCoV	25343	T	C	17	2	24	1	0	24	0.0555556	18	0.514286	FALSE	NA	NA	NA	NA	NA	NA
2019-nCoV	25347	A	+AG	16	3	25	1	0	20	0.0625	16	0.53125	FALSE	NA	NA	NA	NA	NA	NA
2019-nCoV	25351	A	G	18	3	24	1	0	22	0.0526316	19	0.513514	FALSE	NA	NA	NA	NA	NA	NA
2019-nCoV	25351	A	+G	18	3	24	1	0	20	0.0526316	19	0.513514	FALSE	NA	NA	NA	NA	NA	NA
2019-nCoV	25357	C	+A	19	4	24	1	0	20	0.0526316	19	0.526316	FALSE	NA	NA	NA	NA	NA	NA
2019-nCoV	25366	C	+A	14	4	24	1	0	20	0.0714286	14	0.535714	FALSE	NA	NA	NA	NA	NA	NA
2019-nCoV	25371	T	+TA	9	3	23	1	0	20	0.111111	9	0.555556	FALSE	NA	NA	NA	NA	NA	NA
2019-nCoV	25374	A	G	69	25	24	1	1	21	0.0142857	70	0.503597	FALSE	NA	NA	NA	NA	NA	NA
2019-nCoV	25374	A	-T	69	25	24	1	0	20	0.0142857	70	0.503597	FALSE	NA	NA	NA	NA	NA	NA
2019-nCoV	25374	A	+T	69	25	24	1	0	20	0.0142857	70	0.503597	FALSE	NA	NA	NA	NA	NA	NA
2019-nCoV	25377	A	G	66	24	25	1	1	27	0.0149254	67	0.503759	FALSE	NA	NA	NA	NA	NA	NA
2019-nCoV	25378	C	+A	69	24	24	1	0	20	0.0144928	69	0.507246	FALSE	NA	NA	NA	NA	NA	NA
2019-nCoV	25382	T	+A	72	26	24	1	0	20	0.0138889	72	0.506944	FALSE	NA	NA	NA	NA	NA	NA
2019-nCoV	25387	G	+A	78	29	25	1	0	20	0.0128205	78	0.50641	FALSE	NA	NA	NA	NA	NA	NA
2019-nCoV	25390	C	+A	76	28	24	1	0	20	0.0131579	76	0.506579	FALSE	NA	NA	NA	NA	NA	NA
2019-nCoV	25393	A	T	73	27	24	1	0	21	0.0135135	74	0.503401	FALSE	NA	NA	NA	NA	NA	NA
2019-nCoV	25393	A	+T	73	27	24	1	0	20	0.0135135	74	0.503401	FALSE	NA	NA	NA	NA	NA	NA
2019-nCoV	25394	T	-G	74	29	24	1	0	20	0.0135135	74	0.506757	FALSE	NA	NA	NA	NA	NA	NA
2019-nCoV	25394	T	+C	74	29	24	1	0	20	0.0135135	74	0.506757	FALSE	NA	NA	NA	NA	NA	NA
2019-nCoV	25397	A	-T	72	29	24	3	0	20	0.0416667	72	0.132902	FALSE	NA	NA	NA	NA	NA	NA
2019-nCoV	25397	A	+T	72	29	24	3	0	20	0.0416667	72	0.132902	FALSE	NA	NA	NA	NA	NA	NA
2019-nCoV	25397	A	+G	72	29	24	1	0	20	0.0138889	72	0.506944	FALSE	NA	NA	NA	NA	NA	NA
2019-nCoV	25401	G	+T	75	28	24	1	0	20	0.0133333	75	0.506667	FALSE	NA	NA	NA	NA	NA	NA
2019-nCoV	25408	A	G	79	29	25	2	1	29	0.0246914	81	0.251553	FALSE	NA	NA	NA	NA	NA	NA
2019-nCoV	25408	A	+G	79	29	25	1	0	20	0.0123457	81	0.5	FALSE	NA	NA	NA	NA	NA	NA
2019-nCoV	25408	A	+C	79	29	25	1	0	20	0.0123457	81	0.5	FALSE	NA	NA	NA	NA	NA	NA
2019-nCoV	25409	G	C	75	28	25	4	1	27	0.0506329	79	0.0616807	FALSE	NA	NA	NA	NA	NA	NA
2019-nCoV	25409	G	+A	75	28	25	1	0	20	0.0126582	79	0.493506	FALSE	NA	NA	NA	NA	NA	NA
2019-nCoV	25413	C	+GA	78	26	25	1	0	20	0.0128205	78	0.50641	FALSE	NA	NA	NA	NA	NA	NA
2019-nCoV	25422	T	+TG	48	27	24	1	0	20	0.0208333	48	0.510417	FALSE	NA	NA	NA	NA	NA	NA
2019-nCoV	25422	T	+G	48	27	24	1	0	20	0.0208333	48	0.510417	FALSE	NA	NA	NA	NA	NA	NA
2019-nCoV	25430	T	C	74	30	25	1	0	27	0.0133333	75	0.503356	FALSE	NA	NA	NA	NA	NA	NA
2019-nCoV	25430	T	+A	74	30	25	1	0	20	0.0133333	75	0.503356	FALSE	NA	NA	NA	NA	NA	NA
2019-nCoV	25433	C	-T	70	30	23	2	0	20	0.0285714	70	0.258967	FALSE	NA	NA	NA	NA	NA	NA
2019-nCoV	25434	T	C	52	14	23	1	0	20	0.0188679	53	0.495327	FALSE	NA	NA	NA	NA	NA	NA
2019-nCoV	25435	T	C	74	30	24	1	0	24	0.0133333	75	0.503356	FALSE	NA	NA	NA	NA	NA	NA
2019-nCoV	25436	T	C	36	30	24	1	0	20	0.027027	37	0.506849	FALSE	NA	NA	NA	NA	NA	NA
2019-nCoV	25439	A	+G	50	29	23	1	0	20	0.02	50	0.51	FALSE	NA	NA	NA	NA	NA	NA
2019-nCoV	25441	C	+A	67	30	24	1	0	20	0.0149254	67	0.507463	FALSE	NA	NA	NA	NA	NA	NA
2019-nCoV	25446	T	C	71	30	24	1	0	26	0.0138889	72	0.503497	FALSE	NA	NA	NA	NA	NA	NA
2019-nCoV	25450	A	+T	41	29	23	1	0	20	0.0243902	41	0.512195	FALSE	NA	NA	NA	NA	NA	NA
2019-nCoV	25456	G	A	56	29	23	4	3	24	0.0666667	60	0.0614092	FALSE	NA	NA	NA	NA	NA	NA
2019-nCoV	25457	A	G	68	29	24	1	1	26	0.0144928	69	0.50365	FALSE	NA	NA	NA	NA	NA	NA
2019-nCoV	25458	T	C	68	30	25	1	0	27	0.0144928	69	0.50365	FALSE	NA	NA	NA	NA	NA	NA
2019-nCoV	25459	G	+C	68	30	25	1	0	20	0.0147059	68	0.507353	FALSE	NA	NA	NA	NA	NA	NA
2019-nCoV	25460	C	-T	69	32	25	1	0	20	0.0144928	69	0.507246	FALSE	NA	NA	NA	NA	NA	NA
2019-nCoV	25464	T	+C	72	33	25	1	0	20	0.0138889	72	0.506944	FALSE	NA	NA	NA	NA	NA	NA
2019-nCoV	25468	T	+C	55	32	24	1	0	20	0.0181818	55	0.509091	FALSE	NA	NA	NA	NA	NA	NA
2019-nCoV	25469	C	+A	67	32	25	1	0	20	0.0149254	67	0.507463	FALSE	NA	NA	NA	NA	NA	NA
2019-nCoV	25472	A	-T	58	28	23	3	0	20	0.0517241	58	0.134836	FALSE	NA	NA	NA	NA	NA	NA
2019-nCoV	25472	A	+T	58	28	23	3	0	20	0.0517241	58	0.134836	FALSE	NA	NA	NA	NA	NA	NA
2019-nCoV	25484	C	+A	53	24	25	1	0	20	0.0188679	53	0.509434	FALSE	NA	NA	NA	NA	NA	NA
2019-nCoV	25485	T	C	53	24	25	1	0	21	0.0185185	54	0.504673	FALSE	NA	NA	NA	NA	NA	NA
2019-nCoV	25485	T	+C	53	24	25	1	0	20	0.0185185	54	0.504673	FALSE	NA	NA	NA	NA	NA	NA
2019-nCoV	25494	G	-A	37	25	25	1	0	20	0.027027	37	0.513514	FALSE	NA	NA	NA	NA	NA	NA
2019-nCoV	25503	A	G	51	21	25	1	0	26	0.0192308	52	0.504854	FALSE	NA	NA	NA	NA	NA	NA
2019-nCoV	25503	A	+C	51	21	25	1	0	20	0.0192308	52	0.504854	FALSE	NA	NA	NA	NA	NA	NA
2019-nCoV	25510	T	C	53	25	25	1	0	26	0.0185185	54	0.504673	FALSE	NA	NA	NA	NA	NA	NA
2019-nCoV	25514	T	+C	327	172	24	3	0	20	0.00917431	327	0.662685	FALSE	NA	NA	NA	NA	NA	NA
2019-nCoV	25517	C	+CT	189	172	24	2	0	20	0.010582	189	0.505952	FALSE	NA	NA	NA	NA	NA	NA
2019-nCoV	25518	T	C	195	51	23	1	1	27	0.00507614	197	0.872133	FALSE	NA	NA	NA	NA	NA	NA
2019-nCoV	25518	T	A	195	51	23	1	1	25	0.00507614	197	0.872133	FALSE	NA	NA	NA	NA	NA	NA
2019-nCoV	25519	T	C	335	178	25	2	0	22	0.00593472	337	0.814359	FALSE	NA	NA	NA	NA	NA	NA
2019-nCoV	25520	T	C	199	176	24	3	1	23	0.0147783	203	0.5	FALSE	NA	NA	NA	NA	NA	NA
2019-nCoV	25520	T	A	199	176	24	1	0	20	0.00492611	203	0.874065	FALSE	NA	NA	NA	NA	NA	NA
2019-nCoV	25520	T	+C	199	176	24	2	0	20	0.00985222	203	0.686568	FALSE	NA	NA	NA	NA	NA	NA
2019-nCoV	25521	C	+G	316	172	23	3	0	20	0.00949367	316	0.662909	FALSE	NA	NA	NA	NA	NA	NA
2019-nCoV	25524	A	+T	334	173	24	1	0	20	0.00298507	335	0.938432	FALSE	NA	NA	NA	NA	NA	NA
2019-nCoV	25524	A	+C	334	173	24	1	0	20	0.00298507	335	0.938432	FALSE	NA	NA	NA	NA	NA	NA
2019-nCoV	25525	T	+G	338	171	25	2	0	20	0.00591716	338	0.816184	FALSE	NA	NA	NA	NA	NA	NA
2019-nCoV	25525	T	+C	338	171	25	3	0	20	0.00887574	338	0.662476	FALSE	NA	NA	NA	NA	NA	NA
2019-nCoV	25527	G	C	283	172	24	3	2	23	0.010453	287	0.5	FALSE	NA	NA	NA	NA	NA	NA
2019-nCoV	25527	G	A	283	172	24	1	0	25	0.00348432	287	0.874341	FALSE	NA	NA	NA	NA	NA	NA
2019-nCoV	25528	C	+T	331	173	25	2	0	20	0.0060423	331	0.816261	FALSE	NA	NA	NA	NA	NA	NA
2019-nCoV	25531	A	G	327	169	25	1	0	27	0.00304878	328	0.938452	FALSE	NA	NA	NA	NA	NA	NA
2019-nCoV	25531	A	-T	327	169	25	2	0	20	0.00609756	328	0.815356	FALSE	NA	NA	NA	NA	NA	NA
2019-nCoV	25531	A	+T	327	169	25	3	0	20	0.00914634	328	0.661252	FALSE	NA	NA	NA	NA	NA	NA
2019-nCoV	25531	A	+G	327	169	25	1	0	20	0.00304878	328	0.938452	FALSE	NA	NA	NA	NA	NA	NA
2019-nCoV	25532	T	C	302	133	23	1	0	20	0.00330033	303	0.938119	FALSE	NA	NA	NA	NA	NA	NA
2019-nCoV	25533	T	+C	288	169	24	1	0	20	0.00347222	288	0.876947	FALSE	NA	NA	NA	NA	NA	NA
2019-nCoV	25534	G	A	341	165	25	1	1	23	0.00292398	342	0.938413	FALSE	NA	NA	NA	NA	NA	NA
2019-nCoV	25534	G	+T	341	165	25	1	0	20	0.00292398	342	0.938413	FALSE	NA	NA	NA	NA	NA	NA
2019-nCoV	25535	T	C	308	134	23	2	0	25	0.00645161	310	0.814522	FALSE	NA	NA	NA	NA	NA	NA
2019-nCoV	25536	T	C	296	172	24	1	0	27	0.003367	297	0.876264	FALSE	NA	NA	NA	NA	NA	NA
2019-nCoV	25536	T	+TG	296	172	24	1	0	20	0.003367	297	0.876264	FALSE	NA	NA	NA	NA	NA	NA
2019-nCoV	25538	G	T	299	173	24	1	0	24	0.00333333	300	0.938126	FALSE	NA	NA	NA	NA	NA	NA
2019-nCoV	25538	G	+C	299	173	24	1	0	20	0.00333333	300	0.938126	FALSE	NA	NA	NA	NA	NA	NA
2019-nCoV	25539	C	+T	340	168	25	1	0	20	0.00294118	340	0.938781	FALSE	NA	NA	NA	NA	NA	NA
2019-nCoV	25539	C	+A	340	168	25	1	0	20	0.00294118	340	0.938781	FALSE	NA	NA	NA	NA	NA	NA
2019-nCoV	25540	G	-T	342	170	25	1	0	20	0.00292398	342	0.938773	FALSE	NA	NA	NA	NA	NA	NA
2019-nCoV	25540	G	+T	342	170	25	6	0	20	0.0175439	342	0.262598	FALSE	NA	NA	NA	NA	NA	NA
2019-nCoV	25541	T	C	305	133	23	1	1	22	0.00325733	307	0.937705	FALSE	NA	NA	NA	NA	NA	NA
2019-nCoV	25541	T	A	305	133	23	1	0	20	0.00325733	307	0.937705	FALSE	NA	NA	NA	NA	NA	NA
2019-nCoV	25543	G	+T	329	175	24	1	0	20	0.00303951	329	0.938823	FALSE	NA	NA	NA	NA	NA	NA
2019-nCoV	25543	G	+A	329	175	24	1	0	20	0.00303951	329	0.938823	FALSE	NA	NA	NA	NA	NA	NA
2019-nCoV	25544	C	T	314	170	24	1	1	23	0.0031746	315	0.938491	FALSE	NA	NA	NA	NA	NA	NA
2019-nCoV	25545	A	G	325	167	24	2	2	23	0.00611621	327	0.814416	FALSE	NA	NA	NA	NA	NA	NA
2019-nCoV	25546	C	+T	329	168	24	10	0	20	0.0303951	329	0.0505151	FALSE	NA	NA	NA	NA	NA	NA
2019-nCoV	25547	T	C	291	130	23	1	0	23	0.00342466	292	0.876285	FALSE	NA	NA	NA	NA	NA	NA
2019-nCoV	25548	T	C	247	172	24	2	0	21	0.00803213	249	0.689769	FALSE	NA	NA	NA	NA	NA	NA
2019-nCoV	25548	T	-C	247	172	24	1	0	20	0.00401606	249	0.875758	FALSE	NA	NA	NA	NA	NA	NA
2019-nCoV	25549	C	T	321	169	24	1	0	20	0.00310559	322	0.93847	FALSE	NA	NA	NA	NA	NA	NA
2019-nCoV	25549	C	+T	321	169	24	2	0	20	0.00621118	322	0.815409	FALSE	NA	NA	NA	NA	NA	NA
2019-nCoV	25549	C	+CT	321	169	24	2	0	20	0.00621118	322	0.815409	FALSE	NA	NA	NA	NA	NA	NA
2019-nCoV	25551	T	G	263	170	24	1	0	23	0.00373134	268	0.873581	FALSE	NA	NA	NA	NA	NA	NA
2019-nCoV	25551	T	C	263	170	24	3	1	24	0.011194	268	0.498234	FALSE	NA	NA	NA	NA	NA	NA
2019-nCoV	25551	T	A	263	170	24	1	0	20	0.00373134	268	0.873581	FALSE	NA	NA	NA	NA	NA	NA
2019-nCoV	25551	T	+TG	263	170	24	1	0	20	0.00373134	268	0.873581	FALSE	NA	NA	NA	NA	NA	NA
2019-nCoV	25552	G	T	337	171	24	1	0	24	0.00295858	338	0.938424	FALSE	NA	NA	NA	NA	NA	NA
2019-nCoV	25552	G	+T	337	171	24	1	0	20	0.00295858	338	0.938424	FALSE	NA	NA	NA	NA	NA	NA
2019-nCoV	25553	C	T	338	168	24	1	1	20	0.00294985	339	0.938421	FALSE	NA	NA	NA	NA	NA	NA
2019-nCoV	25554	T	A	340	168	24	1	1	20	0.00293255	341	0.938416	FALSE	NA	NA	NA	NA	NA	NA
2019-nCoV	25554	T	+G	340	168	24	1	0	20	0.00293255	341	0.938416	FALSE	NA	NA	NA	NA	NA	NA
2019-nCoV	25555	G	T	325	162	23	1	1	20	0.00306748	326	0.938458	FALSE	NA	NA	NA	NA	NA	NA
2019-nCoV	25555	G	-T	325	162	23	142	0	20	0.435583	326	4.4568400000000004e-33	TRUE	NA	NA	NA	NA	NA	NA
2019-nCoV	25555	G	+T	325	162	23	2	0	20	0.00613497	326	0.815374	FALSE	NA	NA	NA	NA	NA	NA
2019-nCoV	25556	T	G	101	2	22	3	3	24	0.0285714	105	0.135741	FALSE	NA	NA	NA	NA	NA	NA
2019-nCoV	25556	T	C	101	2	22	1	0	25	0.00952381	105	0.586897	FALSE	NA	NA	NA	NA	NA	NA
2019-nCoV	25557	T	C	265	100	23	1	1	20	0.0037594	266	0.876411	FALSE	NA	NA	NA	NA	NA	NA
2019-nCoV	25558	T	C	332	165	24	1	1	26	0.003003	333	0.938438	FALSE	NA	NA	NA	NA	NA	NA
2019-nCoV	25560	T	+G	173	166	24	1	0	20	0.00578035	173	0.753606	FALSE	NA	NA	NA	NA	NA	NA
2019-nCoV	25560	T	+C	173	166	24	1	0	20	0.00578035	173	0.753606	FALSE	NA	NA	NA	NA	NA	NA
2019-nCoV	25562	A	T	338	172	24	1	1	28	0.00294118	340	0.938054	FALSE	NA	NA	NA	NA	NA	NA
2019-nCoV	25562	A	G	338	172	24	1	1	21	0.00294118	340	0.938054	FALSE	NA	NA	NA	NA	NA	NA
2019-nCoV	25563	G	+T	327	168	24	1	0	20	0.0030581	327	0.938831	FALSE	NA	NA	NA	NA	NA	NA
2019-nCoV	25564	A	G	325	163	24	1	1	31	0.00306748	326	0.500768	FALSE	NA	NA	NA	NA	NA	NA
2019-nCoV	25564	A	+T	325	163	24	1	0	20	0.00306748	326	0.938458	FALSE	NA	NA	NA	NA	NA	NA
2019-nCoV	25565	G	+C	322	161	24	1	0	20	0.00310559	322	0.938852	FALSE	NA	NA	NA	NA	NA	NA
2019-nCoV	25566	C	T	320	165	25	2	0	25	0.00621118	322	0.814446	FALSE	NA	NA	NA	NA	NA	NA
2019-nCoV	25566	C	+G	320	165	25	1	0	20	0.00310559	322	0.938085	FALSE	NA	NA	NA	NA	NA	NA
2019-nCoV	25566	C	+A	320	165	25	2	0	20	0.00621118	322	0.814446	FALSE	NA	NA	NA	NA	NA	NA
2019-nCoV	25567	G	+T	274	142	24	1	0	20	0.00364964	274	0.877047	FALSE	NA	NA	NA	NA	NA	NA
2019-nCoV	25567	G	+C	274	142	24	1	0	20	0.00364964	274	0.877047	FALSE	NA	NA	NA	NA	NA	NA
2019-nCoV	25567	G	+A	274	142	24	1	0	20	0.00364964	274	0.877047	FALSE	NA	NA	NA	NA	NA	NA
2019-nCoV	25568	C	+T	273	138	24	1	0	20	0.003663	273	0.877054	FALSE	NA	NA	NA	NA	NA	NA
2019-nCoV	25570	T	C	254	147	23	1	0	25	0.00390625	256	0.875737	FALSE	NA	NA	NA	NA	NA	NA
2019-nCoV	25570	T	A	254	147	23	1	1	25	0.00390625	256	0.875737	FALSE	NA	NA	NA	NA	NA	NA
2019-nCoV	25572	C	-A	209	139	23	25	0	20	0.119617	209	6.18957e-6	TRUE	NA	NA	NA	NA	NA	NA
2019-nCoV	25572	C	+A	209	139	23	1	0	20	0.00478469	209	0.877681	FALSE	NA	NA	NA	NA	NA	NA
2019-nCoV	25573	A	G	134	19	23	1	1	25	0.00740741	135	0.730935	FALSE	NA	NA	NA	NA	NA	NA
2019-nCoV	25574	A	G	256	124	25	2	2	24	0.00775194	258	0.689689	FALSE	NA	NA	NA	NA	NA	NA
2019-nCoV	25576	A	-T	150	145	24	1	0	20	0.00666667	150	0.754158	FALSE	NA	NA	NA	NA	NA	NA
2019-nCoV	25577	T	C	254	134	23	2	0	23	0.0078125	256	0.688236	FALSE	NA	NA	NA	NA	NA	NA
2019-nCoV	25579	A	+C	266	148	24	2	0	20	0.0075188	266	0.692424	FALSE	NA	NA	NA	NA	NA	NA
2019-nCoV	25580	T	G	264	144	24	1	0	20	0.00377358	265	0.876416	FALSE	NA	NA	NA	NA	NA	NA
2019-nCoV	25580	T	+A	264	144	24	2	0	20	0.00754717	265	0.691041	FALSE	NA	NA	NA	NA	NA	NA
2019-nCoV	25582	A	G	243	145	24	2	1	28	0.00816327	245	0.689806	FALSE	NA	NA	NA	NA	NA	NA
2019-nCoV	25583	C	+T	272	140	24	5	0	20	0.0183824	272	0.234152	FALSE	NA	NA	NA	NA	NA	NA
2019-nCoV	25583	C	+A	272	140	24	1	0	20	0.00367647	272	0.877062	FALSE	NA	NA	NA	NA	NA	NA
2019-nCoV	25584	C	T	2	0	20	264	148	24	0.992481	266	5.072639999999999e-150	TRUE	NA	NA	NA	NA	NA	NA
2019-nCoV	25586	T	C	267	146	24	1	0	29	0.00373134	268	0.876401	FALSE	NA	NA	NA	NA	NA	NA
2019-nCoV	25586	T	+C	267	146	24	1	0	20	0.00373134	268	0.876401	FALSE	NA	NA	NA	NA	NA	NA
2019-nCoV	25587	C	-A	270	143	23	62	0	20	0.22963	270	3.21758e-15	TRUE	NA	NA	NA	NA	NA	NA
2019-nCoV	25587	C	+A	270	143	23	8	0	20	0.0296296	270	0.0590191	FALSE	NA	NA	NA	NA	NA	NA
2019-nCoV	25591	A	+AAGG	275	148	24	1	0	20	0.00363636	275	0.877039	FALSE	NA	NA	NA	NA	NA	NA
2019-nCoV	25592	A	G	151	146	23	3	0	21	0.0194805	154	0.313724	FALSE	NA	NA	NA	NA	NA	NA
2019-nCoV	25592	A	+G	151	146	23	1	0	20	0.00649351	154	0.74918	FALSE	NA	NA	NA	NA	NA	NA
2019-nCoV	25593	G	T	261	140	23	5	2	25	0.0186567	268	0.223473	FALSE	NA	NA	NA	NA	NA	NA
2019-nCoV	25593	G	A	261	140	23	2	0	21	0.00746269	268	0.682518	FALSE	NA	NA	NA	NA	NA	NA
2019-nCoV	25593	G	+A	261	140	23	1	0	20	0.00373134	268	0.872139	FALSE	NA	NA	NA	NA	NA	NA
2019-nCoV	25594	A	G	266	146	24	2	0	21	0.00746269	268	0.689607	FALSE	NA	NA	NA	NA	NA	NA
2019-nCoV	25594	A	+G	266	146	24	3	0	20	0.011194	268	0.503511	FALSE	NA	NA	NA	NA	NA	NA
2019-nCoV	25594	A	+AG	266	146	24	1	0	20	0.00373134	268	0.875704	FALSE	NA	NA	NA	NA	NA	NA
2019-nCoV	25595	G	+C	260	144	24	2	0	20	0.00769231	260	0.692538	FALSE	NA	NA	NA	NA	NA	NA
2019-nCoV	25596	A	T	258	140	24	2	1	23	0.00769231	260	0.689673	FALSE	NA	NA	NA	NA	NA	NA
2019-nCoV	25597	T	+G	268	138	24	5	0	20	0.0186567	268	0.234266	FALSE	NA	NA	NA	NA	NA	NA
2019-nCoV	25599	G	+GC	222	146	24	1	0	20	0.0045045	222	0.877524	FALSE	NA	NA	NA	NA	NA	NA
2019-nCoV	25600	C	T	258	144	24	1	0	20	0.003861	259	0.876449	FALSE	NA	NA	NA	NA	NA	NA
2019-nCoV	25600	C	-A	258	144	24	1	0	20	0.003861	259	0.876449	FALSE	NA	NA	NA	NA	NA	NA
2019-nCoV	25600	C	+G	258	144	24	1	0	20	0.003861	259	0.876449	FALSE	NA	NA	NA	NA	NA	NA
2019-nCoV	25601	A	G	225	109	23	2	1	22	0.00881057	227	0.688331	FALSE	NA	NA	NA	NA	NA	NA
2019-nCoV	25603	C	+A	262	150	25	2	0	20	0.00763359	262	0.692499	FALSE	NA	NA	NA	NA	NA	NA
2019-nCoV	25605	A	C	261	151	25	1	1	24	0.00381679	262	0.876433	FALSE	NA	NA	NA	NA	NA	NA
2019-nCoV	25606	G	+C	280	156	24	2	0	20	0.00714286	280	0.692178	FALSE	NA	NA	NA	NA	NA	NA
2019-nCoV	25608	A	G	276	147	25	1	0	32	0.00361011	277	0.500904	FALSE	NA	NA	NA	NA	NA	NA
2019-nCoV	25608	A	-C	276	147	25	1	0	20	0.00361011	277	0.876355	FALSE	NA	NA	NA	NA	NA	NA
2019-nCoV	25610	T	G	282	152	25	1	0	24	0.00350877	285	0.875001	FALSE	NA	NA	NA	NA	NA	NA
2019-nCoV	25610	T	C	282	152	25	2	1	25	0.00701754	285	0.688163	FALSE	NA	NA	NA	NA	NA	NA
2019-nCoV	25610	T	+G	282	152	25	1	0	20	0.00350877	285	0.875001	FALSE	NA	NA	NA	NA	NA	NA
2019-nCoV	25610	T	+C	282	152	25	1	0	20	0.00350877	285	0.875001	FALSE	NA	NA	NA	NA	NA	NA
2019-nCoV	25611	C	+T	285	153	24	1	0	20	0.00350877	285	0.876968	FALSE	NA	NA	NA	NA	NA	NA
2019-nCoV	25611	C	+G	285	153	24	1	0	20	0.00350877	285	0.876968	FALSE	NA	NA	NA	NA	NA	NA
2019-nCoV	25614	C	-A	254	154	23	21	0	20	0.0826772	254	5.29201e-5	TRUE	NA	NA	NA	NA	NA	NA
2019-nCoV	25616	A	+G	243	148	23	14	0	20	0.0576132	243	0.00263906	TRUE	NA	NA	NA	NA	NA	NA
2019-nCoV	25618	G	A	348	175	25	1	1	20	0.00286533	349	0.938395	FALSE	NA	NA	NA	NA	NA	NA
2019-nCoV	25619	G	+T	228	159	23	1	0	20	0.00438596	228	0.877458	FALSE	NA	NA	NA	NA	NA	NA
2019-nCoV	25620	T	+G	322	156	24	3	0	20	0.00931677	322	0.662785	FALSE	NA	NA	NA	NA	NA	NA
2019-nCoV	25620	T	+C	322	156	24	1	0	20	0.00310559	322	0.938852	FALSE	NA	NA	NA	NA	NA	NA
2019-nCoV	25621	G	+T	342	173	24	2	0	20	0.00584795	342	0.816141	FALSE	NA	NA	NA	NA	NA	NA
2019-nCoV	25622	T	C	310	130	24	1	0	24	0.00321543	311	0.938504	FALSE	NA	NA	NA	NA	NA	NA
2019-nCoV	25624	C	+A	77	32	25	1	0	20	0.0128205	78	0.503226	FALSE	NA	NA	NA	NA	NA	NA
2019-nCoV	25625	A	+C	77	32	25	1	0	20	0.012987	77	0.506494	FALSE	NA	NA	NA	NA	NA	NA
2019-nCoV	25626	C	-T	75	31	24	1	0	20	0.0133333	75	0.506667	FALSE	NA	NA	NA	NA	NA	NA
2019-nCoV	25626	C	+T	75	31	24	1	0	20	0.0133333	75	0.506667	FALSE	NA	NA	NA	NA	NA	NA
2019-nCoV	25630	G	+T	66	31	25	2	0	20	0.030303	66	0.259512	FALSE	NA	NA	NA	NA	NA	NA
2019-nCoV	25631	T	C	50	17	23	1	0	24	0.0196078	51	0.50495	FALSE	NA	NA	NA	NA	NA	NA
2019-nCoV	25632	T	C	72	32	26	1	1	28	0.0136986	73	0.503448	FALSE	NA	NA	NA	NA	NA	NA
2019-nCoV	25638	C	+T	66	32	25	1	0	20	0.0151515	66	0.507576	FALSE	NA	NA	NA	NA	NA	NA
2019-nCoV	25641	G	T	76	31	24	1	0	20	0.012987	77	0.503268	FALSE	NA	NA	NA	NA	NA	NA
2019-nCoV	25644	G	+T	77	32	24	6	0	20	0.0779221	77	0.0185037	FALSE	NA	NA	NA	NA	NA	NA
2019-nCoV	25647	G	+T	72	32	24	1	0	20	0.0138889	72	0.506944	FALSE	NA	NA	NA	NA	NA	NA
2019-nCoV	25650	G	-T	77	35	24	1	0	20	0.012987	77	0.506494	FALSE	NA	NA	NA	NA	NA	NA
2019-nCoV	25650	G	+T	77	35	24	2	0	20	0.025974	77	0.258148	FALSE	NA	NA	NA	NA	NA	NA
2019-nCoV	25654	G	T	71	34	24	1	1	20	0.0138889	72	0.503497	FALSE	NA	NA	NA	NA	NA	NA
2019-nCoV	25655	T	G	68	31	24	1	1	20	0.0144928	69	0.50365	FALSE	NA	NA	NA	NA	NA	NA
2019-nCoV	25657	A	G	60	33	23	1	0	23	0.0163934	61	0.504132	FALSE	NA	NA	NA	NA	NA	NA
2019-nCoV	25660	G	-T	74	34	24	1	0	20	0.0135135	74	0.506757	FALSE	NA	NA	NA	NA	NA	NA
2019-nCoV	25660	G	+T	74	34	24	1	0	20	0.0135135	74	0.506757	FALSE	NA	NA	NA	NA	NA	NA
2019-nCoV	25665	C	+G	77	35	25	1	0	20	0.012987	77	0.506494	FALSE	NA	NA	NA	NA	NA	NA
2019-nCoV	25666	T	+C	76	35	25	1	0	20	0.0131579	76	0.506579	FALSE	NA	NA	NA	NA	NA	NA
2019-nCoV	25670	A	+C	154	68	24	1	0	20	0.00649351	154	0.754051	FALSE	NA	NA	NA	NA	NA	NA
2019-nCoV	25672	C	-T	96	66	24	2	0	20	0.0208333	96	0.256531	FALSE	NA	NA	NA	NA	NA	NA
2019-nCoV	25672	C	+TT	96	66	24	1	0	20	0.0104167	96	0.505208	FALSE	NA	NA	NA	NA	NA	NA
2019-nCoV	25672	C	+T	96	66	24	2	0	20	0.0208333	96	0.256531	FALSE	NA	NA	NA	NA	NA	NA
2019-nCoV	25672	C	+CT	96	66	24	1	0	20	0.0104167	96	0.505208	FALSE	NA	NA	NA	NA	NA	NA
2019-nCoV	25677	G	A	152	66	23	1	0	20	0.00653595	153	0.752459	FALSE	NA	NA	NA	NA	NA	NA
2019-nCoV	25677	G	+C	152	66	23	3	0	20	0.0196078	153	0.318658	FALSE	NA	NA	NA	NA	NA	NA
2019-nCoV	25678	C	+T	149	65	24	2	0	20	0.0134228	149	0.50755	FALSE	NA	NA	NA	NA	NA	NA
2019-nCoV	25680	C	-G	158	67	25	1	0	20	0.00632911	158	0.753948	FALSE	NA	NA	NA	NA	NA	NA
2019-nCoV	25681	G	+T	158	68	25	3	0	20	0.0188679	159	0.318424	FALSE	NA	NA	NA	NA	NA	NA
2019-nCoV	25682	T	C	152	60	24	1	1	22	0.00653595	153	0.752459	FALSE	NA	NA	NA	NA	NA	NA
2019-nCoV	25684	G	-C	150	64	25	1	0	20	0.00666667	150	0.754158	FALSE	NA	NA	NA	NA	NA	NA
2019-nCoV	25684	G	+C	150	64	25	1	0	20	0.00666667	150	0.754158	FALSE	NA	NA	NA	NA	NA	NA
2019-nCoV	25685	C	+T	145	61	25	1	0	20	0.00684932	146	0.752577	FALSE	NA	NA	NA	NA	NA	NA
2019-nCoV	25686	T	C	145	63	25	1	1	23	0.00684932	146	0.752577	FALSE	NA	NA	NA	NA	NA	NA
2019-nCoV	25686	T	+G	145	63	25	2	0	20	0.0136986	146	0.505155	FALSE	NA	NA	NA	NA	NA	NA
2019-nCoV	25689	T	C	149	63	24	1	1	27	0.00666667	150	0.752508	FALSE	NA	NA	NA	NA	NA	NA
2019-nCoV	25689	T	+C	149	63	24	1	0	20	0.00666667	150	0.752508	FALSE	NA	NA	NA	NA	NA	NA
2019-nCoV	25696	G	+C	156	65	24	1	0	20	0.00641026	156	0.753999	FALSE	NA	NA	NA	NA	NA	NA
2019-nCoV	25699	G	-CC	158	67	24	1	0	20	0.00632911	158	0.753948	FALSE	NA	NA	NA	NA	NA	NA
2019-nCoV	25699	G	-C	158	67	24	14	0	20	0.0886076	158	6.98728e-4	TRUE	NA	NA	NA	NA	NA	NA
2019-nCoV	25699	G	+C	158	67	24	3	0	20	0.0189873	158	0.320835	FALSE	NA	NA	NA	NA	NA	NA
2019-nCoV	25700	C	T	97	7	24	1	0	27	0.0102041	98	0.5	FALSE	NA	NA	NA	NA	NA	NA
2019-nCoV	25702	C	T	161	67	24	1	1	27	0.00617284	162	0.752322	FALSE	NA	NA	NA	NA	NA	NA
2019-nCoV	25702	C	-CT	161	67	24	4	0	20	0.0246914	162	0.193332	FALSE	NA	NA	NA	NA	NA	NA
2019-nCoV	25703	C	+T	65	64	23	1	0	20	0.0153846	65	0.507692	FALSE	NA	NA	NA	NA	NA	NA
2019-nCoV	25705	T	C	160	65	24	1	1	27	0.00621118	161	0.752336	FALSE	NA	NA	NA	NA	NA	NA
2019-nCoV	25707	T	C	72	69	24	1	0	20	0.0136986	73	0.503448	FALSE	NA	NA	NA	NA	NA	NA
2019-nCoV	25707	T	+C	72	69	24	1	0	20	0.0136986	73	0.503448	FALSE	NA	NA	NA	NA	NA	NA
2019-nCoV	25711	T	+C	148	62	24	1	0	20	0.00675676	148	0.754214	FALSE	NA	NA	NA	NA	NA	NA
2019-nCoV	25714	C	-T	146	64	24	1	0	20	0.00684932	146	0.754272	FALSE	NA	NA	NA	NA	NA	NA
2019-nCoV	25714	C	+T	146	64	24	6	0	20	0.0410959	146	0.0682572	FALSE	NA	NA	NA	NA	NA	NA
2019-nCoV	25717	T	A	85	63	23	1	1	22	0.0116279	86	0.502924	FALSE	NA	NA	NA	NA	NA	NA
2019-nCoV	25719	T	+G	155	67	24	1	0	20	0.00645161	155	0.754024	FALSE	NA	NA	NA	NA	NA	NA
2019-nCoV	25721	C	A	149	64	23	1	0	20	0.00666667	150	0.752508	FALSE	NA	NA	NA	NA	NA	NA
2019-nCoV	25721	C	-T	149	64	23	5	0	20	0.0333333	150	0.114917	FALSE	NA	NA	NA	NA	NA	NA
2019-nCoV	25721	C	+T	149	64	23	4	0	20	0.0266667	150	0.193802	FALSE	NA	NA	NA	NA	NA	NA
2019-nCoV	25722	T	C	114	32	22	2	1	24	0.0172414	116	0.490385	FALSE	NA	NA	NA	NA	NA	NA
2019-nCoV	25726	G	A	146	57	24	1	0	21	0.00680272	147	0.75256	FALSE	NA	NA	NA	NA	NA	NA
2019-nCoV	25727	T	C	155	63	24	1	0	20	0.00641026	156	0.752412	FALSE	NA	NA	NA	NA	NA	NA
2019-nCoV	25727	T	+C	155	63	24	3	0	20	0.0192308	156	0.318539	FALSE	NA	NA	NA	NA	NA	NA
2019-nCoV	25729	T	C	157	66	25	1	1	25	0.00632911	158	0.752381	FALSE	NA	NA	NA	NA	NA	NA
2019-nCoV	25729	T	+G	157	66	25	1	0	20	0.00632911	158	0.752381	FALSE	NA	NA	NA	NA	NA	NA
2019-nCoV	25731	C	+T	145	59	24	2	0	20	0.0137931	145	0.507758	FALSE	NA	NA	NA	NA	NA	NA
2019-nCoV	25734	C	+T	150	60	24	1	0	20	0.00666667	150	0.754158	FALSE	NA	NA	NA	NA	NA	NA
2019-nCoV	25737	G	+A	150	60	24	1	0	20	0.00666667	150	0.754158	FALSE	NA	NA	NA	NA	NA	NA
2019-nCoV	25741	A	G	158	68	25	1	0	22	0.00628931	159	0.752366	FALSE	NA	NA	NA	NA	NA	NA
2019-nCoV	25741	A	+T	158	68	25	2	0	20	0.0125786	159	0.504732	FALSE	NA	NA	NA	NA	NA	NA
2019-nCoV	25742	G	+T	155	67	25	1	0	20	0.00645161	155	0.754024	FALSE	NA	NA	NA	NA	NA	NA
2019-nCoV	25742	G	+C	155	67	25	1	0	20	0.00645161	155	0.754024	FALSE	NA	NA	NA	NA	NA	NA
2019-nCoV	25744	A	+G	158	68	25	1	0	20	0.00632911	158	0.753948	FALSE	NA	NA	NA	NA	NA	NA
2019-nCoV	25744	A	+C	158	68	25	1	0	20	0.00632911	158	0.753948	FALSE	NA	NA	NA	NA	NA	NA
2019-nCoV	25745	T	-A	153	65	24	1	0	20	0.00653595	153	0.754077	FALSE	NA	NA	NA	NA	NA	NA
2019-nCoV	25745	T	+A	153	65	24	1	0	20	0.00653595	153	0.754077	FALSE	NA	NA	NA	NA	NA	NA
2019-nCoV	25749	C	+T	149	66	24	2	0	20	0.0133333	150	0.505017	FALSE	NA	NA	NA	NA	NA	NA
2019-nCoV	25750	T	+TCA	112	24	24	1	0	20	0.00892857	112	0.755565	FALSE	NA	NA	NA	NA	NA	NA
2019-nCoV	25753	G	T	149	69	24	1	1	20	0.00666667	150	0.752508	FALSE	NA	NA	NA	NA	NA	NA
2019-nCoV	25754	T	G	146	65	25	1	1	20	0.00680272	147	0.75256	FALSE	NA	NA	NA	NA	NA	NA
2019-nCoV	25754	T	+A	146	65	25	1	0	20	0.00680272	147	0.75256	FALSE	NA	NA	NA	NA	NA	NA
2019-nCoV	25755	A	T	133	45	24	1	1	20	0.00746269	134	0.752809	FALSE	NA	NA	NA	NA	NA	NA
2019-nCoV	25757	G	+T	146	67	24	1	0	20	0.00684932	146	0.754272	FALSE	NA	NA	NA	NA	NA	NA
2019-nCoV	25757	G	+A	146	67	24	1	0	20	0.00684932	146	0.754272	FALSE	NA	NA	NA	NA	NA	NA
2019-nCoV	25759	A	G	119	67	23	1	1	27	0.00833333	120	0.753138	FALSE	NA	NA	NA	NA	NA	NA
2019-nCoV	25762	A	G	117	67	24	1	0	26	0.00847458	118	0.753191	FALSE	NA	NA	NA	NA	NA	NA
2019-nCoV	25762	A	+T	117	67	24	1	0	20	0.00847458	118	0.753191	FALSE	NA	NA	NA	NA	NA	NA
2019-nCoV	25763	T	-A	117	55	24	3	0	20	0.025641	117	0.323769	FALSE	NA	NA	NA	NA	NA	NA
2019-nCoV	25766	T	-G	118	56	24	1	0	20	0.00847458	118	0.755283	FALSE	NA	NA	NA	NA	NA	NA
2019-nCoV	25771	C	-TT	144	71	24	4	0	20	0.0277778	144	0.196259	FALSE	NA	NA	NA	NA	NA	NA
2019-nCoV	25771	C	-T	144	71	24	1	0	20	0.00694444	144	0.754331	FALSE	NA	NA	NA	NA	NA	NA
2019-nCoV	25771	C	+T	144	71	24	4	0	20	0.0277778	144	0.196259	FALSE	NA	NA	NA	NA	NA	NA
2019-nCoV	25777	C	-T	153	72	25	1	0	20	0.00653595	153	0.754077	FALSE	NA	NA	NA	NA	NA	NA
2019-nCoV	25778	T	A	113	30	24	1	0	25	0.00877193	114	0.753304	FALSE	NA	NA	NA	NA	NA	NA
2019-nCoV	25780	T	C	103	72	24	1	1	27	0.00961538	104	0.753623	FALSE	NA	NA	NA	NA	NA	NA
2019-nCoV	25785	G	-A	119	73	23	2	0	20	0.0168067	119	0.509454	FALSE	NA	NA	NA	NA	NA	NA
2019-nCoV	25785	G	+A	119	73	23	1	0	20	0.00840336	119	0.755239	FALSE	NA	NA	NA	NA	NA	NA
2019-nCoV	25789	T	C	143	71	24	2	1	25	0.0137931	145	0.502604	FALSE	NA	NA	NA	NA	NA	NA
2019-nCoV	25793	G	T	139	63	25	1	0	26	0.00714286	140	0.752688	FALSE	NA	NA	NA	NA	NA	NA
2019-nCoV	25793	G	+T	139	63	25	1	0	20	0.00714286	140	0.752688	FALSE	NA	NA	NA	NA	NA	NA
2019-nCoV	25795	T	+C	109	61	23	1	0	20	0.00917431	109	0.755718	FALSE	NA	NA	NA	NA	NA	NA
2019-nCoV	25797	C	-A	95	61	23	7	0	20	0.0736842	95	0.00933443	TRUE	NA	NA	NA	NA	NA	NA
2019-nCoV	25797	C	+A	95	61	23	1	0	20	0.0105263	95	0.505263	FALSE	NA	NA	NA	NA	NA	NA
2019-nCoV	25799	A	G	65	27	22	1	0	21	0.0151515	66	0.503817	FALSE	NA	NA	NA	NA	NA	NA
2019-nCoV	25810	C	A	53	31	24	1	1	24	0.0185185	54	0.504673	FALSE	NA	NA	NA	NA	NA	NA
2019-nCoV	25810	C	-T	53	31	24	1	0	20	0.0185185	54	0.504673	FALSE	NA	NA	NA	NA	NA	NA
2019-nCoV	25810	C	+CT	53	31	24	1	0	20	0.0185185	54	0.504673	FALSE	NA	NA	NA	NA	NA	NA
2019-nCoV	25813	T	C	36	33	25	1	0	21	0.027027	37	0.506849	FALSE	NA	NA	NA	NA	NA	NA
2019-nCoV	25814	A	+G	47	29	24	1	0	20	0.0212766	47	0.510638	FALSE	NA	NA	NA	NA	NA	NA
2019-nCoV	25821	C	+A	40	32	24	1	0	20	0.025	40	0.5125	FALSE	NA	NA	NA	NA	NA	NA
2019-nCoV	25826	A	+T	66	33	23	1	0	20	0.0151515	66	0.507576	FALSE	NA	NA	NA	NA	NA	NA
2019-nCoV	25831	C	+T	61	29	23	3	0	20	0.0491803	61	0.134346	FALSE	NA	NA	NA	NA	NA	NA
2019-nCoV	25845	T	-A	66	33	24	1	0	20	0.0151515	66	0.507576	FALSE	NA	NA	NA	NA	NA	NA
2019-nCoV	25845	T	+A	66	33	24	1	0	20	0.0151515	66	0.507576	FALSE	NA	NA	NA	NA	NA	NA
2019-nCoV	25847	A	G	46	29	23	1	1	20	0.0212766	47	0.505376	FALSE	NA	NA	NA	NA	NA	NA
2019-nCoV	25847	A	+T	46	29	23	1	0	20	0.0212766	47	0.505376	FALSE	NA	NA	NA	NA	NA	NA
2019-nCoV	25849	T	+C	41	29	24	1	0	20	0.0243902	41	0.512195	FALSE	NA	NA	NA	NA	NA	NA
2019-nCoV	25851	T	C	53	19	23	1	0	20	0.0185185	54	0.504673	FALSE	NA	NA	NA	NA	NA	NA
2019-nCoV	25854	C	G	59	27	24	1	1	23	0.0166667	60	0.504202	FALSE	NA	NA	NA	NA	NA	NA
2019-nCoV	25856	A	G	65	30	24	1	0	21	0.0151515	66	0.503817	FALSE	NA	NA	NA	NA	NA	NA
2019-nCoV	25856	A	-C	65	30	24	1	0	20	0.0151515	66	0.503817	FALSE	NA	NA	NA	NA	NA	NA
2019-nCoV	25864	A	+C	69	34	24	1	0	20	0.0144928	69	0.507246	FALSE	NA	NA	NA	NA	NA	NA
2019-nCoV	25866	A	G	67	35	24	1	0	24	0.0147059	68	0.503704	FALSE	NA	NA	NA	NA	NA	NA
2019-nCoV	25866	A	+T	67	35	24	1	0	20	0.0147059	68	0.503704	FALSE	NA	NA	NA	NA	NA	NA
2019-nCoV	25866	A	+C	67	35	24	1	0	20	0.0147059	68	0.503704	FALSE	NA	NA	NA	NA	NA	NA
2019-nCoV	25872	C	+G	63	30	24	1	0	20	0.015873	63	0.507937	FALSE	NA	NA	NA	NA	NA	NA
2019-nCoV	25875	T	+A	58	31	24	1	0	20	0.0172414	58	0.508621	FALSE	NA	NA	NA	NA	NA	NA
2019-nCoV	25876	A	+C	55	30	24	1	0	20	0.0181818	55	0.509091	FALSE	NA	NA	NA	NA	NA	NA
2019-nCoV	25879	G	+A	62	38	24	1	0	20	0.016129	62	0.508065	FALSE	NA	NA	NA	NA	NA	NA
2019-nCoV	25880	T	A	60	37	24	1	0	26	0.0163934	61	0.504132	FALSE	NA	NA	NA	NA	NA	NA
2019-nCoV	25880	T	-A	60	37	24	2	0	20	0.0327869	61	0.256198	FALSE	NA	NA	NA	NA	NA	NA
2019-nCoV	25880	T	+A	60	37	24	1	0	20	0.0163934	61	0.504132	FALSE	NA	NA	NA	NA	NA	NA
2019-nCoV	25883	C	+T	64	35	23	1	0	20	0.015625	64	0.507813	FALSE	NA	NA	NA	NA	NA	NA
2019-nCoV	25926	T	+C	2	1	21	1	0	20	0.5	2	0.75	FALSE	NA	NA	NA	NA	NA	NA
2019-nCoV	25937	A	-T	65	41	25	1	0	20	0.0153846	65	0.507692	FALSE	NA	NA	NA	NA	NA	NA
2019-nCoV	25950	T	+TG	57	35	24	1	0	20	0.0175439	57	0.508772	FALSE	NA	NA	NA	NA	NA	NA
2019-nCoV	25953	T	+G	68	35	24	1	0	20	0.0147059	68	0.507353	FALSE	NA	NA	NA	NA	NA	NA
2019-nCoV	25957	T	C	42	24	23	2	0	26	0.0454545	44	0.252874	FALSE	NA	NA	NA	NA	NA	NA
2019-nCoV	25962	T	A	64	34	24	1	1	20	0.0153846	65	0.503876	FALSE	NA	NA	NA	NA	NA	NA
2019-nCoV	25962	T	+C	64	34	24	1	0	20	0.0153846	65	0.503876	FALSE	NA	NA	NA	NA	NA	NA
2019-nCoV	25963	G	T	61	33	23	1	1	21	0.016129	62	0.504065	FALSE	NA	NA	NA	NA	NA	NA
2019-nCoV	25963	G	-A	61	33	23	14	0	20	0.225806	62	1.3191e-4	TRUE	NA	NA	NA	NA	NA	NA
2019-nCoV	25963	G	+A	61	33	23	1	0	20	0.016129	62	0.504065	FALSE	NA	NA	NA	NA	NA	NA
2019-nCoV	25964	A	G	24	0	23	1	1	24	0.04	25	0.438596	FALSE	NA	NA	NA	NA	NA	NA
2019-nCoV	25969	T	-G	63	35	23	1	0	20	0.015873	63	0.507937	FALSE	NA	NA	NA	NA	NA	NA
2019-nCoV	25969	T	+G	63	35	23	3	0	20	0.047619	63	0.134046	FALSE	NA	NA	NA	NA	NA	NA
2019-nCoV	25974	A	C	56	38	24	1	0	22	0.0175439	57	0.504425	FALSE	NA	NA	NA	NA	NA	NA
2019-nCoV	25982	T	-A	66	39	24	26	0	20	0.393939	66	1.65034e-7	TRUE	NA	NA	NA	NA	NA	NA
2019-nCoV	25986	A	G	41	37	24	1	0	20	0.0238095	42	0.506024	FALSE	NA	NA	NA	NA	NA	NA
2019-nCoV	25993	G	+T	63	33	25	1	0	20	0.015873	63	0.507937	FALSE	NA	NA	NA	NA	NA	NA
2019-nCoV	26008	T	C	62	39	24	2	2	28	0.03125	64	0.251969	FALSE	NA	NA	NA	NA	NA	NA
2019-nCoV	26009	A	-C	67	40	25	2	0	20	0.0298507	67	0.25937	FALSE	NA	NA	NA	NA	NA	NA
2019-nCoV	26010	C	-T	62	36	24	1	0	20	0.015873	63	0.504	FALSE	NA	NA	NA	NA	NA	NA
2019-nCoV	26014	A	G	58	37	25	4	4	25	0.0645161	62	0.0614459	FALSE	NA	NA	NA	NA	NA	NA
2019-nCoV	26021	A	G	66	37	25	1	1	28	0.0149254	67	0.503759	FALSE	NA	NA	NA	NA	NA	NA
2019-nCoV	26026	T	+A	59	41	25	1	0	20	0.0169492	59	0.508475	FALSE	NA	NA	NA	NA	NA	NA
2019-nCoV	26031	G	-C	58	41	25	1	0	20	0.0172414	58	0.508621	FALSE	NA	NA	NA	NA	NA	NA
2019-nCoV	26031	G	+A	58	41	25	1	0	20	0.0172414	58	0.508621	FALSE	NA	NA	NA	NA	NA	NA
2019-nCoV	26033	T	+G	59	43	24	1	0	20	0.0169492	59	0.508475	FALSE	NA	NA	NA	NA	NA	NA
2019-nCoV	26035	T	+A	56	44	24	1	0	20	0.0178571	56	0.508929	FALSE	NA	NA	NA	NA	NA	NA
2019-nCoV	26036	A	+G	62	45	24	1	0	20	0.016129	62	0.508065	FALSE	NA	NA	NA	NA	NA	NA
2019-nCoV	26043	T	C	63	37	24	1	1	20	0.015625	64	0.503937	FALSE	NA	NA	NA	NA	NA	NA
2019-nCoV	26048	T	-G	50	39	23	1	0	20	0.02	50	0.51	FALSE	NA	NA	NA	NA	NA	NA
2019-nCoV	26050	A	+T	67	40	23	1	0	20	0.0149254	67	0.507463	FALSE	NA	NA	NA	NA	NA	NA
2019-nCoV	26058	C	T	66	40	24	1	1	20	0.0149254	67	0.503759	FALSE	NA	NA	NA	NA	NA	NA
2019-nCoV	26058	C	+CA	66	40	24	1	0	20	0.0149254	67	0.503759	FALSE	NA	NA	NA	NA	NA	NA
2019-nCoV	26060	C	T	0	0	0	51	26	23	1	51	5.00489e-30	TRUE	NA	NA	NA	NA	NA	NA
2019-nCoV	26061	T	C	54	39	23	1	0	26	0.0181818	55	0.504587	FALSE	NA	NA	NA	NA	NA	NA
2019-nCoV	26061	T	+G	54	39	23	1	0	20	0.0181818	55	0.504587	FALSE	NA	NA	NA	NA	NA	NA
2019-nCoV	26063	G	A	62	41	23	1	0	23	0.015873	63	0.504	FALSE	NA	NA	NA	NA	NA	NA
2019-nCoV	26065	G	+T	69	43	24	3	0	20	0.0434783	69	0.13325	FALSE	NA	NA	NA	NA	NA	NA
2019-nCoV	26069	A	G	55	29	23	2	1	24	0.0350877	57	0.252212	FALSE	NA	NA	NA	NA	NA	NA
2019-nCoV	26073	T	C	61	38	24	1	0	26	0.016129	62	0.504065	FALSE	NA	NA	NA	NA	NA	NA
2019-nCoV	26076	T	+A	53	34	22	1	0	20	0.0188679	53	0.509434	FALSE	NA	NA	NA	NA	NA	NA
2019-nCoV	26077	A	G	56	33	24	1	0	26	0.0175439	57	0.5	FALSE	NA	NA	NA	NA	NA	NA
2019-nCoV	26091	C	-A	142	40	23	2	0	20	0.0140845	142	0.507922	FALSE	NA	NA	NA	NA	NA	NA
2019-nCoV	26093	A	G	109	52	23	1	1	22	0.00909091	110	0.753425	FALSE	NA	NA	NA	NA	NA	NA
2019-nCoV	26093	A	+T	109	52	23	1	0	20	0.00909091	110	0.753425	FALSE	NA	NA	NA	NA	NA	NA
2019-nCoV	26094	T	-A	137	54	23	4	0	20	0.0291971	137	0.196711	FALSE	NA	NA	NA	NA	NA	NA
2019-nCoV	26094	T	+A	137	54	23	3	0	20	0.0218978	137	0.322117	FALSE	NA	NA	NA	NA	NA	NA
2019-nCoV	26101	G	-T	138	53	24	1	0	20	0.00724638	138	0.754519	FALSE	NA	NA	NA	NA	NA	NA
2019-nCoV	26101	G	+T	138	53	24	2	0	20	0.0144928	138	0.508152	FALSE	NA	NA	NA	NA	NA	NA
2019-nCoV	26101	G	+A	138	53	24	1	0	20	0.00724638	138	0.754519	FALSE	NA	NA	NA	NA	NA	NA
2019-nCoV	26103	T	+G	113	55	23	2	0	20	0.0176991	113	0.509955	FALSE	NA	NA	NA	NA	NA	NA
2019-nCoV	26105	A	+T	150	52	24	1	0	20	0.00666667	150	0.754158	FALSE	NA	NA	NA	NA	NA	NA
2019-nCoV	26106	T	A	154	51	24	1	0	22	0.00645161	155	0.752427	FALSE	NA	NA	NA	NA	NA	NA
2019-nCoV	26109	G	-C	162	50	24	2	0	20	0.0123457	162	0.506944	FALSE	NA	NA	NA	NA	NA	NA
2019-nCoV	26109	G	+C	162	50	24	2	0	20	0.0123457	162	0.506944	FALSE	NA	NA	NA	NA	NA	NA
2019-nCoV	26112	T	+G	160	55	24	1	0	20	0.00621118	161	0.752336	FALSE	NA	NA	NA	NA	NA	NA
2019-nCoV	26113	G	+A	162	54	24	2	0	20	0.0123457	162	0.506944	FALSE	NA	NA	NA	NA	NA	NA
2019-nCoV	26114	A	G	142	34	24	2	2	28	0.0138889	144	0.502622	FALSE	NA	NA	NA	NA	NA	NA
2019-nCoV	26116	G	+GA	152	48	23	1	0	20	0.00657895	152	0.754104	FALSE	NA	NA	NA	NA	NA	NA
2019-nCoV	26116	G	+A	152	48	23	4	0	20	0.0263158	152	0.195794	FALSE	NA	NA	NA	NA	NA	NA
2019-nCoV	26117	A	G	129	25	24	1	1	20	0.00769231	130	0.752896	FALSE	NA	NA	NA	NA	NA	NA
2019-nCoV	26118	A	G	115	49	22	2	0	23	0.017094	117	0.503233	FALSE	NA	NA	NA	NA	NA	NA
2019-nCoV	26120	A	G	153	47	24	1	1	23	0.00649351	154	0.752443	FALSE	NA	NA	NA	NA	NA	NA
2019-nCoV	26122	G	+A	165	54	25	1	0	20	0.00606061	165	0.753781	FALSE	NA	NA	NA	NA	NA	NA
2019-nCoV	26123	T	+G	153	54	24	1	0	20	0.00653595	153	0.754077	FALSE	NA	NA	NA	NA	NA	NA
2019-nCoV	26125	C	-A	118	56	23	2	0	20	0.0169492	118	0.509534	FALSE	NA	NA	NA	NA	NA	NA
2019-nCoV	26125	C	+A	118	56	23	1	0	20	0.00847458	118	0.755283	FALSE	NA	NA	NA	NA	NA	NA
2019-nCoV	26128	A	-T	82	54	23	1	0	20	0.0121951	82	0.506098	FALSE	NA	NA	NA	NA	NA	NA
2019-nCoV	26130	T	+C	109	55	23	1	0	20	0.00917431	109	0.755718	FALSE	NA	NA	NA	NA	NA	NA
2019-nCoV	26133	C	+A	84	9	24	1	0	20	0.0119048	84	0.505952	FALSE	NA	NA	NA	NA	NA	NA
2019-nCoV	26134	A	G	89	10	24	1	0	20	0.0111111	90	0.502793	FALSE	NA	NA	NA	NA	NA	NA
2019-nCoV	26136	A	T	82	3	25	1	0	23	0.0120482	83	0.50303	FALSE	NA	NA	NA	NA	NA	NA
2019-nCoV	26138	T	+C	85	10	24	1	0	20	0.0117647	85	0.505882	FALSE	NA	NA	NA	NA	NA	NA
2019-nCoV	26141	A	G	88	13	25	1	0	24	0.011236	89	0.502825	FALSE	NA	NA	NA	NA	NA	NA
2019-nCoV	26141	A	+C	88	13	25	1	0	20	0.011236	89	0.502825	FALSE	NA	NA	NA	NA	NA	NA
2019-nCoV	26142	C	-G	84	13	24	3	0	20	0.0357143	84	0.131762	FALSE	NA	NA	NA	NA	NA	NA
2019-nCoV	26142	C	+G	84	13	24	1	0	20	0.0119048	84	0.505952	FALSE	NA	NA	NA	NA	NA	NA
2019-nCoV	26146	T	C	67	11	22	1	0	24	0.0147059	68	0.503704	FALSE	NA	NA	NA	NA	NA	NA
2019-nCoV	26153	G	+GA	76	13	22	1	0	20	0.0131579	76	0.506579	FALSE	NA	NA	NA	NA	NA	NA
2019-nCoV	26154	A	G	84	9	24	2	0	23	0.0232558	86	0.251462	FALSE	NA	NA	NA	NA	NA	NA
2019-nCoV	26155	G	+T	81	10	24	1	0	20	0.0123457	81	0.506173	FALSE	NA	NA	NA	NA	NA	NA
2019-nCoV	26158	G	+T	83	12	24	3	0	20	0.0361446	83	0.131845	FALSE	NA	NA	NA	NA	NA	NA
2019-nCoV	26158	G	+AT	83	12	24	1	0	20	0.0120482	83	0.506024	FALSE	NA	NA	NA	NA	NA	NA
2019-nCoV	26159	T	C	73	4	24	1	0	29	0.0135135	74	0.503401	FALSE	NA	NA	NA	NA	NA	NA
2019-nCoV	26160	T	C	55	11	22	1	0	27	0.0178571	56	0.504505	FALSE	NA	NA	NA	NA	NA	NA
2019-nCoV	26163	T	+C	84	11	25	1	0	20	0.0119048	84	0.505952	FALSE	NA	NA	NA	NA	NA	NA
2019-nCoV	26166	A	G	85	13	24	1	1	20	0.0116279	86	0.502924	FALSE	NA	NA	NA	NA	NA	NA
2019-nCoV	26170	A	+T	268	159	24	1	0	20	0.00373134	268	0.877092	FALSE	NA	NA	NA	NA	NA	NA
2019-nCoV	26170	A	+C	268	159	24	1	0	20	0.00373134	268	0.877092	FALSE	NA	NA	NA	NA	NA	NA
2019-nCoV	26171	T	+G	315	156	25	5	0	20	0.015873	315	0.37286	FALSE	NA	NA	NA	NA	NA	NA
2019-nCoV	26173	G	-A	261	153	24	1	0	20	0.00383142	261	0.877148	FALSE	NA	NA	NA	NA	NA	NA
2019-nCoV	26173	G	+GA	261	153	24	1	0	20	0.00383142	261	0.877148	FALSE	NA	NA	NA	NA	NA	NA
2019-nCoV	26175	A	G	254	152	24	1	1	27	0.00392157	255	0.876472	FALSE	NA	NA	NA	NA	NA	NA
2019-nCoV	26175	A	+C	254	152	24	1	0	20	0.00392157	255	0.876472	FALSE	NA	NA	NA	NA	NA	NA
2019-nCoV	26176	C	T	262	99	24	1	0	22	0.00380228	263	0.876427	FALSE	NA	NA	NA	NA	NA	NA
2019-nCoV	26177	C	A	258	159	24	1	1	20	0.003861	259	0.876449	FALSE	NA	NA	NA	NA	NA	NA
2019-nCoV	26177	C	-AAT	258	159	24	1	0	20	0.003861	259	0.876449	FALSE	NA	NA	NA	NA	NA	NA
2019-nCoV	26177	C	-A	258	159	24	1	0	20	0.003861	259	0.876449	FALSE	NA	NA	NA	NA	NA	NA
2019-nCoV	26177	C	+CA	258	159	24	1	0	20	0.003861	259	0.876449	FALSE	NA	NA	NA	NA	NA	NA
2019-nCoV	26177	C	+A	258	159	24	2	0	20	0.00772201	259	0.691123	FALSE	NA	NA	NA	NA	NA	NA
2019-nCoV	26179	A	+T	232	160	24	2	0	20	0.00862069	232	0.693144	FALSE	NA	NA	NA	NA	NA	NA
2019-nCoV	26179	A	+GT	232	160	24	1	0	20	0.00431034	232	0.877416	FALSE	NA	NA	NA	NA	NA	NA
2019-nCoV	26179	A	+AT	232	160	24	1	0	20	0.00431034	232	0.877416	FALSE	NA	NA	NA	NA	NA	NA
2019-nCoV	26181	T	C	327	164	25	1	0	26	0.00304878	328	0.938452	FALSE	NA	NA	NA	NA	NA	NA
2019-nCoV	26182	T	C	211	158	24	1	1	22	0.00471698	212	0.876771	FALSE	NA	NA	NA	NA	NA	NA
2019-nCoV	26182	T	+TA	211	158	24	1	0	20	0.00471698	212	0.876771	FALSE	NA	NA	NA	NA	NA	NA
2019-nCoV	26183	A	+T	311	159	24	3	0	20	0.0096463	311	0.663015	FALSE	NA	NA	NA	NA	NA	NA
2019-nCoV	26184	T	A	322	168	25	1	0	22	0.00309598	323	0.938467	FALSE	NA	NA	NA	NA	NA	NA
2019-nCoV	26185	G	T	328	165	25	1	0	23	0.00303951	329	0.938449	FALSE	NA	NA	NA	NA	NA	NA
2019-nCoV	26186	A	G	322	162	25	1	0	21	0.00309598	323	0.938467	FALSE	NA	NA	NA	NA	NA	NA
2019-nCoV	26186	A	-T	322	162	25	1	0	20	0.00309598	323	0.938467	FALSE	NA	NA	NA	NA	NA	NA
2019-nCoV	26186	A	+C	322	162	25	1	0	20	0.00309598	323	0.938467	FALSE	NA	NA	NA	NA	NA	NA
2019-nCoV	26188	G	+A	325	164	25	2	0	20	0.00615385	325	0.816331	FALSE	NA	NA	NA	NA	NA	NA
2019-nCoV	26189	A	G	302	138	24	1	1	23	0.00330033	303	0.93853	FALSE	NA	NA	NA	NA	NA	NA
2019-nCoV	26190	A	-C	265	159	24	2	0	20	0.00754717	265	0.692443	FALSE	NA	NA	NA	NA	NA	NA
2019-nCoV	26190	A	+C	265	159	24	2	0	20	0.00754717	265	0.692443	FALSE	NA	NA	NA	NA	NA	NA
2019-nCoV	26191	C	T	269	112	24	1	1	28	0.0037037	270	0.875001	FALSE	NA	NA	NA	NA	NA	NA
2019-nCoV	26192	C	T	270	164	24	1	0	27	0.00369004	271	0.876385	FALSE	NA	NA	NA	NA	NA	NA
2019-nCoV	26193	G	A	311	158	25	2	1	24	0.00638978	313	0.814502	FALSE	NA	NA	NA	NA	NA	NA
2019-nCoV	26194	A	G	322	164	26	2	1	24	0.00617284	324	0.814434	FALSE	NA	NA	NA	NA	NA	NA
2019-nCoV	26195	C	A	323	168	26	1	0	21	0.00308642	324	0.938464	FALSE	NA	NA	NA	NA	NA	NA
2019-nCoV	26195	C	+G	323	168	26	3	0	20	0.00925926	324	0.661314	FALSE	NA	NA	NA	NA	NA	NA
2019-nCoV	26196	G	C	313	174	25	1	0	26	0.00318471	314	0.938494	FALSE	NA	NA	NA	NA	NA	NA
2019-nCoV	26196	G	-A	313	174	25	11	0	20	0.0350318	314	0.0317086	FALSE	NA	NA	NA	NA	NA	NA
2019-nCoV	26196	G	+A	313	174	25	1	0	20	0.00318471	314	0.938494	FALSE	NA	NA	NA	NA	NA	NA
2019-nCoV	26197	A	T	307	179	25	1	1	28	0.00323625	309	0.934028	FALSE	NA	NA	NA	NA	NA	NA
2019-nCoV	26197	A	G	307	179	25	1	0	29	0.00323625	309	0.934028	FALSE	NA	NA	NA	NA	NA	NA
2019-nCoV	26197	A	-C	307	179	25	1	0	20	0.0031348	319	0.934028	FALSE	NA	NA	NA	NA	NA	NA
2019-nCoV	26198	C	-G	322	178	25	2	0	20	0.00619195	323	0.8154	FALSE	NA	NA	NA	NA	NA	NA
2019-nCoV	26198	C	+G	322	178	25	1	0	20	0.00309598	323	0.938467	FALSE	NA	NA	NA	NA	NA	NA
2019-nCoV	26199	G	T	288	178	25	1	0	24	0.00344828	290	0.874352	FALSE	NA	NA	NA	NA	NA	NA
2019-nCoV	26199	G	A	288	178	25	1	1	21	0.00344828	290	0.874352	FALSE	NA	NA	NA	NA	NA	NA
2019-nCoV	26199	G	-A	288	178	25	1	0	20	0.00342466	292	0.874352	FALSE	NA	NA	NA	NA	NA	NA
2019-nCoV	26201	C	+A	291	178	25	1	0	20	0.00343643	291	0.876927	FALSE	NA	NA	NA	NA	NA	NA
2019-nCoV	26202	T	-A	331	176	25	1	0	20	0.00302115	331	0.938815	FALSE	NA	NA	NA	NA	NA	NA
2019-nCoV	26203	A	+C	325	173	25	2	0	20	0.00613497	326	0.815374	FALSE	NA	NA	NA	NA	NA	NA
2019-nCoV	26204	C	T	322	174	25	1	1	22	0.00309598	323	0.938467	FALSE	NA	NA	NA	NA	NA	NA
2019-nCoV	26204	C	+G	322	174	25	1	0	20	0.00309598	323	0.938467	FALSE	NA	NA	NA	NA	NA	NA
2019-nCoV	26205	T	+A	320	177	25	1	0	20	0.003125	320	0.93886	FALSE	NA	NA	NA	NA	NA	NA
2019-nCoV	26206	A	G	325	179	25	1	0	25	0.00306748	326	0.938458	FALSE	NA	NA	NA	NA	NA	NA
2019-nCoV	26206	A	-G	325	179	25	1	0	20	0.00306748	326	0.938458	FALSE	NA	NA	NA	NA	NA	NA
2019-nCoV	26208	C	T	319	169	25	1	0	22	0.003125	320	0.938476	FALSE	NA	NA	NA	NA	NA	NA
2019-nCoV	26209	G	C	315	159	25	1	1	23	0.00316456	316	0.938488	FALSE	NA	NA	NA	NA	NA	NA
2019-nCoV	26210	T	C	314	164	25	2	1	27	0.00632911	316	0.814483	FALSE	NA	NA	NA	NA	NA	NA
2019-nCoV	26211	G	A	300	156	25	1	1	23	0.00332226	301	0.938537	FALSE	NA	NA	NA	NA	NA	NA
2019-nCoV	26212	C	-CT	284	129	24	1	0	20	0.00350877	285	0.876317	FALSE	NA	NA	NA	NA	NA	NA
2019-nCoV	26213	C	+G	255	163	24	1	0	20	0.00390625	256	0.876466	FALSE	NA	NA	NA	NA	NA	NA
2019-nCoV	26217	G	T	313	171	25	1	1	23	0.0031746	315	0.938098	FALSE	NA	NA	NA	NA	NA	NA
2019-nCoV	26217	G	A	313	171	25	1	1	22	0.0031746	315	0.938098	FALSE	NA	NA	NA	NA	NA	NA
2019-nCoV	26217	G	+A	313	171	25	1	0	20	0.0031746	315	0.938098	FALSE	NA	NA	NA	NA	NA	NA
2019-nCoV	26218	T	C	315	166	25	2	2	25	0.00630915	317	0.814477	FALSE	NA	NA	NA	NA	NA	NA
2019-nCoV	26218	T	-A	315	166	25	1	0	20	0.00315457	317	0.938094	FALSE	NA	NA	NA	NA	NA	NA
2019-nCoV	26218	T	+A	315	166	25	3	0	20	0.00946372	317	0.659956	FALSE	NA	NA	NA	NA	NA	NA
2019-nCoV	26220	A	+G	279	171	24	1	0	20	0.00358423	279	0.87701	FALSE	NA	NA	NA	NA	NA	NA
2019-nCoV	26222	C	T	318	176	25	1	1	28	0.0031348	319	0.938479	FALSE	NA	NA	NA	NA	NA	NA
2019-nCoV	26222	C	+A	318	176	25	1	0	20	0.0031348	319	0.938479	FALSE	NA	NA	NA	NA	NA	NA
2019-nCoV	26224	C	T	314	174	25	1	1	26	0.0031746	315	0.938491	FALSE	NA	NA	NA	NA	NA	NA
2019-nCoV	26224	C	+T	314	174	25	1	0	20	0.0031746	315	0.938491	FALSE	NA	NA	NA	NA	NA	NA
2019-nCoV	26224	C	+A	314	174	25	4	0	20	0.0126984	315	0.506955	FALSE	NA	NA	NA	NA	NA	NA
2019-nCoV	26225	A	G	297	140	24	1	0	20	0.0033557	298	0.876259	FALSE	NA	NA	NA	NA	NA	NA
2019-nCoV	26226	A	G	280	171	24	1	0	24	0.00355872	281	0.876336	FALSE	NA	NA	NA	NA	NA	NA
2019-nCoV	26226	A	-G	280	171	24	2	0	20	0.00711744	281	0.690839	FALSE	NA	NA	NA	NA	NA	NA
2019-nCoV	26228	C	T	330	171	25	2	0	26	0.0060241	332	0.814388	FALSE	NA	NA	NA	NA	NA	NA
2019-nCoV	26228	C	+T	330	171	25	1	0	20	0.00301205	332	0.938067	FALSE	NA	NA	NA	NA	NA	NA
2019-nCoV	26228	C	+A	330	171	25	1	0	20	0.00301205	332	0.938067	FALSE	NA	NA	NA	NA	NA	NA
2019-nCoV	26230	G	+A	336	181	25	1	0	20	0.00297619	336	0.938796	FALSE	NA	NA	NA	NA	NA	NA
2019-nCoV	26231	A	T	325	175	26	1	1	21	0.00306748	326	0.938458	FALSE	NA	NA	NA	NA	NA	NA
2019-nCoV	26232	T	C	324	174	26	1	0	24	0.00307692	325	0.938461	FALSE	NA	NA	NA	NA	NA	NA
2019-nCoV	26235	G	+A	333	176	26	1	0	20	0.003003	333	0.938807	FALSE	NA	NA	NA	NA	NA	NA
2019-nCoV	26236	T	C	330	174	26	1	1	26	0.00302115	331	0.938443	FALSE	NA	NA	NA	NA	NA	NA
2019-nCoV	26238	C	T	332	178	25	1	0	27	0.003003	333	0.938438	FALSE	NA	NA	NA	NA	NA	NA
2019-nCoV	26239	G	-A	321	170	25	1	0	20	0.00311526	321	0.938856	FALSE	NA	NA	NA	NA	NA	NA
2019-nCoV	26239	G	+A	321	170	25	2	0	20	0.00623053	321	0.816378	FALSE	NA	NA	NA	NA	NA	NA
2019-nCoV	26242	C	+T	321	169	25	1	0	20	0.00311526	321	0.938856	FALSE	NA	NA	NA	NA	NA	NA
2019-nCoV	26245	A	G	328	174	25	1	1	20	0.00303951	329	0.938449	FALSE	NA	NA	NA	NA	NA	NA
2019-nCoV	26245	A	+T	328	174	25	2	0	20	0.00607903	329	0.815347	FALSE	NA	NA	NA	NA	NA	NA
2019-nCoV	26246	T	C	329	185	25	1	1	27	0.0030303	330	0.938446	FALSE	NA	NA	NA	NA	NA	NA
2019-nCoV	26246	T	+TG	329	185	25	1	0	20	0.0030303	330	0.938446	FALSE	NA	NA	NA	NA	NA	NA
2019-nCoV	26247	G	T	328	181	24	1	0	20	0.0030303	330	0.93807	FALSE	NA	NA	NA	NA	NA	NA
2019-nCoV	26247	G	A	328	181	24	1	1	27	0.0030303	330	0.93807	FALSE	NA	NA	NA	NA	NA	NA
2019-nCoV	26247	G	+T	328	181	24	1	0	20	0.0030303	330	0.93807	FALSE	NA	NA	NA	NA	NA	NA
2019-nCoV	26248	T	C	326	182	25	1	1	32	0.0030581	327	0.500766	FALSE	NA	NA	NA	NA	NA	NA
2019-nCoV	26248	T	+A	326	182	25	1	0	20	0.0030581	327	0.938455	FALSE	NA	NA	NA	NA	NA	NA
2019-nCoV	26249	A	-C	327	183	24	2	0	20	0.00611621	327	0.816307	FALSE	NA	NA	NA	NA	NA	NA
2019-nCoV	26250	C	T	320	181	24	1	1	24	0.00311526	321	0.937306	FALSE	NA	NA	NA	NA	NA	NA
2019-nCoV	26251	T	G	328	183	24	1	1	25	0.00303951	329	0.938449	FALSE	NA	NA	NA	NA	NA	NA
2019-nCoV	26253	A	G	307	176	24	1	0	27	0.00324675	308	0.938514	FALSE	NA	NA	NA	NA	NA	NA
2019-nCoV	26253	A	-T	307	176	24	1	0	20	0.00324675	308	0.938514	FALSE	NA	NA	NA	NA	NA	NA
2019-nCoV	26253	A	+T	307	176	24	2	0	20	0.00649351	308	0.815541	FALSE	NA	NA	NA	NA	NA	NA
2019-nCoV	26255	T	C	261	178	24	1	1	22	0.00381679	262	0.876433	FALSE	NA	NA	NA	NA	NA	NA
2019-nCoV	26255	T	+C	261	178	24	1	0	20	0.00381679	262	0.876433	FALSE	NA	NA	NA	NA	NA	NA
2019-nCoV	26257	G	-T	288	153	24	14	0	20	0.0486111	288	0.00254687	TRUE	NA	NA	NA	NA	NA	NA
2019-nCoV	26258	T	C	153	19	24	1	0	26	0.00649351	154	0.74596	FALSE	NA	NA	NA	NA	NA	NA
2019-nCoV	26259	T	G	297	152	24	2	1	25	0.00666667	300	0.812503	FALSE	NA	NA	NA	NA	NA	NA
2019-nCoV	26259	T	C	297	152	24	1	0	27	0.00333333	300	0.937291	FALSE	NA	NA	NA	NA	NA	NA
2019-nCoV	26260	T	C	217	160	23	1	1	22	0.00458716	218	0.876722	FALSE	NA	NA	NA	NA	NA	NA
2019-nCoV	26261	C	G	292	154	23	1	1	21	0.00341297	293	0.876281	FALSE	NA	NA	NA	NA	NA	NA
2019-nCoV	26263	G	C	267	175	24	1	1	20	0.00373134	268	0.876401	FALSE	NA	NA	NA	NA	NA	NA
2019-nCoV	26263	G	-A	267	175	24	1	0	20	0.00373134	268	0.876401	FALSE	NA	NA	NA	NA	NA	NA
2019-nCoV	26264	A	G	242	99	24	2	2	26	0.00819672	244	0.686732	FALSE	NA	NA	NA	NA	NA	NA
2019-nCoV	26265	A	+G	270	177	24	1	0	20	0.0037037	270	0.877077	FALSE	NA	NA	NA	NA	NA	NA
2019-nCoV	26269	A	G	286	146	24	1	1	28	0.00348432	287	0.876308	FALSE	NA	NA	NA	NA	NA	NA
2019-nCoV	26269	A	+T	286	146	24	7	0	20	0.0243902	287	0.094191	FALSE	NA	NA	NA	NA	NA	NA
2019-nCoV	26270	C	T	1	0	26	285	145	24	0.993031	287	2.2691499999999997e-164	TRUE	NA	NA	NA	NA	NA	NA
2019-nCoV	26270	C	A	1	0	26	1	1	27	0.00348432	287	0.0207607	FALSE	NA	NA	NA	NA	NA	NA
2019-nCoV	26270	C	+TT	1	0	26	1	0	20	0.00348432	287	0.0207607	FALSE	NA	NA	NA	NA	NA	NA
2019-nCoV	26271	A	+C	309	166	24	1	0	20	0.00323625	309	0.938908	FALSE	NA	NA	NA	NA	NA	NA
2019-nCoV	26274	T	C	318	180	25	1	0	27	0.0031348	319	0.938479	FALSE	NA	NA	NA	NA	NA	NA
2019-nCoV	26274	T	+A	318	180	25	2	0	20	0.00626959	319	0.815437	FALSE	NA	NA	NA	NA	NA	NA
2019-nCoV	26275	A	G	318	184	25	1	0	26	0.0031348	319	0.938479	FALSE	NA	NA	NA	NA	NA	NA
2019-nCoV	26277	G	-T	317	182	24	1	0	20	0.00315457	317	0.938873	FALSE	NA	NA	NA	NA	NA	NA
2019-nCoV	26277	G	+T	317	182	24	4	0	20	0.0126183	317	0.508625	FALSE	NA	NA	NA	NA	NA	NA
2019-nCoV	26278	T	C	277	137	23	1	0	28	0.00359712	278	0.875676	FALSE	NA	NA	NA	NA	NA	NA
2019-nCoV	26279	T	-A	283	184	24	1	0	20	0.00353357	283	0.876982	FALSE	NA	NA	NA	NA	NA	NA
2019-nCoV	26279	T	+A	283	184	24	2	0	20	0.00706714	283	0.692129	FALSE	NA	NA	NA	NA	NA	NA
2019-nCoV	26281	A	G	286	184	23	1	0	28	0.00348432	287	0.876308	FALSE	NA	NA	NA	NA	NA	NA
2019-nCoV	26282	T	C	301	175	24	1	1	22	0.00331126	302	0.938534	FALSE	NA	NA	NA	NA	NA	NA
2019-nCoV	26282	T	+A	301	175	24	3	0	20	0.00993377	302	0.661682	FALSE	NA	NA	NA	NA	NA	NA
2019-nCoV	26283	A	C	310	176	24	2	0	24	0.00641026	312	0.814509	FALSE	NA	NA	NA	NA	NA	NA
2019-nCoV	26283	A	-G	310	176	24	4	0	20	0.0128205	312	0.505275	FALSE	NA	NA	NA	NA	NA	NA
2019-nCoV	26283	A	+G	310	176	24	1	0	20	0.00320513	312	0.938103	FALSE	NA	NA	NA	NA	NA	NA
2019-nCoV	26284	G	+T	303	171	24	10	0	20	0.0327869	305	0.0496631	FALSE	NA	NA	NA	NA	NA	NA
2019-nCoV	26286	T	+A	256	171	24	2	0	20	0.0078125	256	0.692616	FALSE	NA	NA	NA	NA	NA	NA
2019-nCoV	26288	A	G	267	167	24	1	1	25	0.00373134	268	0.876401	FALSE	NA	NA	NA	NA	NA	NA
2019-nCoV	26289	T	C	303	162	25	2	2	26	0.00655738	305	0.814555	FALSE	NA	NA	NA	NA	NA	NA
2019-nCoV	26290	A	+G	306	160	25	1	0	20	0.00326797	306	0.938922	FALSE	NA	NA	NA	NA	NA	NA
2019-nCoV	26290	A	+AG	306	160	25	1	0	20	0.00326797	306	0.938922	FALSE	NA	NA	NA	NA	NA	NA
2019-nCoV	26291	G	T	303	166	25	1	0	20	0.00327869	305	0.938117	FALSE	NA	NA	NA	NA	NA	NA
2019-nCoV	26291	G	A	303	166	25	1	1	28	0.00327869	305	0.938117	FALSE	NA	NA	NA	NA	NA	NA
2019-nCoV	26292	C	T	305	164	25	1	0	26	0.00326797	306	0.93852	FALSE	NA	NA	NA	NA	NA	NA
2019-nCoV	26292	C	+G	305	164	25	1	0	20	0.00326797	306	0.93852	FALSE	NA	NA	NA	NA	NA	NA
2019-nCoV	26294	T	C	312	168	25	1	0	20	0.00319489	313	0.938498	FALSE	NA	NA	NA	NA	NA	NA
2019-nCoV	26294	T	-A	312	168	25	1	0	20	0.00319489	313	0.938498	FALSE	NA	NA	NA	NA	NA	NA
2019-nCoV	26295	A	+C	321	179	25	1	0	20	0.00310559	322	0.93847	FALSE	NA	NA	NA	NA	NA	NA
2019-nCoV	26296	C	+T	318	178	24	4	0	20	0.0125786	318	0.508598	FALSE	NA	NA	NA	NA	NA	NA
2019-nCoV	26296	C	+G	318	178	24	2	0	20	0.00628931	318	0.816415	FALSE	NA	NA	NA	NA	NA	NA
2019-nCoV	26298	T	C	274	184	23	1	0	26	0.00363636	275	0.876365	FALSE	NA	NA	NA	NA	NA	NA
2019-nCoV	26299	C	-T	283	165	23	69	0	20	0.243816	283	5.44534e-17	TRUE	NA	NA	NA	NA	NA	NA
2019-nCoV	26299	C	+T	283	165	23	4	0	20	0.0141343	283	0.351224	FALSE	NA	NA	NA	NA	NA	NA
2019-nCoV	26299	C	+A	283	165	23	1	0	20	0.00353357	283	0.876982	FALSE	NA	NA	NA	NA	NA	NA
2019-nCoV	26300	T	G	88	3	22	1	1	20	0.0111111	90	0.644344	FALSE	NA	NA	NA	NA	NA	NA
2019-nCoV	26300	T	C	88	3	22	1	0	20	0.0111111	90	0.644344	FALSE	NA	NA	NA	NA	NA	NA
2019-nCoV	26302	T	C	299	174	24	2	0	25	0.00664452	301	0.814582	FALSE	NA	NA	NA	NA	NA	NA
2019-nCoV	26302	T	+TTTCC	299	174	24	1	0	20	0.00332226	301	0.938126	FALSE	NA	NA	NA	NA	NA	NA
2019-nCoV	26303	T	-TC	296	170	24	1	0	20	0.00337838	296	0.876895	FALSE	NA	NA	NA	NA	NA	NA
2019-nCoV	26304	T	C	170	163	23	3	1	23	0.017341	173	0.313589	FALSE	NA	NA	NA	NA	NA	NA
2019-nCoV	26305	C	+T	283	155	23	1	0	20	0.00353357	283	0.876982	FALSE	NA	NA	NA	NA	NA	NA
2019-nCoV	26305	C	+G	283	155	23	1	0	20	0.00353357	283	0.876982	FALSE	NA	NA	NA	NA	NA	NA
2019-nCoV	26308	G	+T	225	162	24	2	0	20	0.00888889	225	0.693319	FALSE	NA	NA	NA	NA	NA	NA
2019-nCoV	26309	C	-T	223	164	23	6	0	20	0.0269058	223	0.152735	FALSE	NA	NA	NA	NA	NA	NA
2019-nCoV	26309	C	+T	223	164	23	24	0	20	0.107623	223	1.03975e-5	TRUE	NA	NA	NA	NA	NA	NA
2019-nCoV	26311	T	C	233	169	24	1	1	27	0.0042735	234	0.876604	FALSE	NA	NA	NA	NA	NA	NA
2019-nCoV	26312	T	+TG	180	165	23	1	0	20	0.00555556	180	0.753466	FALSE	NA	NA	NA	NA	NA	NA
2019-nCoV	26312	T	+TCC	180	165	23	1	0	20	0.00555556	180	0.753466	FALSE	NA	NA	NA	NA	NA	NA
2019-nCoV	26315	T	C	225	163	24	1	1	27	0.00442478	226	0.876661	FALSE	NA	NA	NA	NA	NA	NA
2019-nCoV	26318	T	C	224	158	24	1	0	22	0.00444444	225	0.876669	FALSE	NA	NA	NA	NA	NA	NA
2019-nCoV	26318	T	+A	224	158	24	1	0	20	0.00444444	225	0.876669	FALSE	NA	NA	NA	NA	NA	NA
2019-nCoV	26319	A	-T	218	147	24	1	0	20	0.00458716	218	0.87757	FALSE	NA	NA	NA	NA	NA	NA
2019-nCoV	26319	A	+T	218	147	24	2	0	20	0.00917431	218	0.693506	FALSE	NA	NA	NA	NA	NA	NA
2019-nCoV	26320	T	C	161	90	24	2	2	25	0.0122699	163	0.5	FALSE	NA	NA	NA	NA	NA	NA
2019-nCoV	26322	C	-T	208	136	25	1	0	20	0.00480769	208	0.877693	FALSE	NA	NA	NA	NA	NA	NA
2019-nCoV	26322	C	+T	208	136	25	3	0	20	0.0144231	208	0.509014	FALSE	NA	NA	NA	NA	NA	NA
2019-nCoV	26323	T	C	149	75	24	1	1	25	0.00666667	150	0.752508	FALSE	NA	NA	NA	NA	NA	NA
2019-nCoV	26324	T	+G	203	151	24	3	0	20	0.0147783	203	0.509236	FALSE	NA	NA	NA	NA	NA	NA
2019-nCoV	26325	G	+C	226	156	24	1	0	20	0.00442478	226	0.87748	FALSE	NA	NA	NA	NA	NA	NA
2019-nCoV	26328	A	+C	217	142	25	1	0	20	0.00460829	217	0.877582	FALSE	NA	NA	NA	NA	NA	NA
2019-nCoV	26329	G	+T	218	144	25	1	0	20	0.00458716	218	0.87757	FALSE	NA	NA	NA	NA	NA	NA
2019-nCoV	26331	T	C	235	166	24	1	1	28	0.00423729	236	0.876591	FALSE	NA	NA	NA	NA	NA	NA
2019-nCoV	26331	T	+A	235	166	24	1	0	20	0.00423729	236	0.876591	FALSE	NA	NA	NA	NA	NA	NA
2019-nCoV	26332	A	G	232	158	25	5	5	26	0.021097	237	0.226555	FALSE	NA	NA	NA	NA	NA	NA
2019-nCoV	26332	A	+T	232	158	25	1	0	20	0.00421941	237	0.873392	FALSE	NA	NA	NA	NA	NA	NA
2019-nCoV	26332	A	+C	232	158	25	2	0	20	0.00843882	237	0.685097	FALSE	NA	NA	NA	NA	NA	NA
2019-nCoV	26333	C	+G	234	160	25	1	0	20	0.0042735	234	0.877395	FALSE	NA	NA	NA	NA	NA	NA
2019-nCoV	26333	C	+A	234	160	25	1	0	20	0.0042735	234	0.877395	FALSE	NA	NA	NA	NA	NA	NA
2019-nCoV	26334	A	+G	225	150	25	1	0	20	0.00444444	225	0.877491	FALSE	NA	NA	NA	NA	NA	NA
2019-nCoV	26334	A	+C	225	150	25	3	0	20	0.0133333	225	0.508333	FALSE	NA	NA	NA	NA	NA	NA
2019-nCoV	26335	C	+T	226	151	25	1	0	20	0.00442478	226	0.87748	FALSE	NA	NA	NA	NA	NA	NA
2019-nCoV	26337	A	+C	236	162	25	1	0	20	0.00423729	236	0.877375	FALSE	NA	NA	NA	NA	NA	NA
2019-nCoV	26338	G	+C	239	165	26	1	0	20	0.0041841	239	0.877345	FALSE	NA	NA	NA	NA	NA	NA
2019-nCoV	26341	A	+T	245	171	25	3	0	20	0.0122449	245	0.507653	FALSE	NA	NA	NA	NA	NA	NA
2019-nCoV	26341	A	+G	245	171	25	1	0	20	0.00408163	245	0.877288	FALSE	NA	NA	NA	NA	NA	NA
2019-nCoV	26342	T	C	243	172	25	1	0	23	0.00409836	244	0.876538	FALSE	NA	NA	NA	NA	NA	NA
2019-nCoV	26342	T	+C	243	172	25	1	0	20	0.00409836	244	0.876538	FALSE	NA	NA	NA	NA	NA	NA
2019-nCoV	26344	C	+T	227	174	24	1	0	20	0.00440529	227	0.877469	FALSE	NA	NA	NA	NA	NA	NA
2019-nCoV	26346	T	+A	228	170	24	1	0	20	0.00438596	228	0.877458	FALSE	NA	NA	NA	NA	NA	NA
2019-nCoV	26347	A	G	234	162	25	1	1	25	0.00425532	235	0.876597	FALSE	NA	NA	NA	NA	NA	NA
2019-nCoV	26347	A	+C	234	162	25	1	0	20	0.00425532	235	0.876597	FALSE	NA	NA	NA	NA	NA	NA
2019-nCoV	26348	C	+A	244	170	25	1	0	20	0.00409836	244	0.877297	FALSE	NA	NA	NA	NA	NA	NA
2019-nCoV	26349	T	C	238	165	25	1	1	27	0.0041841	239	0.876571	FALSE	NA	NA	NA	NA	NA	NA
2019-nCoV	26349	T	+G	238	165	25	1	0	20	0.0041841	239	0.876571	FALSE	NA	NA	NA	NA	NA	NA
2019-nCoV	26350	G	+C	237	164	25	1	0	20	0.00421941	237	0.877365	FALSE	NA	NA	NA	NA	NA	NA
2019-nCoV	26372	G	A	7	2	24	2	1	24	0.222222	9	0.264706	FALSE	NA	NA	NA	NA	NA	NA
2019-nCoV	26395	C	-T	12	5	22	1	0	20	0.0833333	12	0.541667	FALSE	NA	NA	NA	NA	NA	NA
2019-nCoV	26395	C	+T	12	5	22	1	0	20	0.0833333	12	0.541667	FALSE	NA	NA	NA	NA	NA	NA
2019-nCoV	26397	T	+A	10	7	22	1	0	20	0.1	10	0.55	FALSE	NA	NA	NA	NA	NA	NA
2019-nCoV	26399	T	-A	13	5	22	5	0	20	0.384615	13	0.0601238	FALSE	NA	NA	NA	NA	NA	NA
2019-nCoV	26408	C	-T	13	5	22	6	0	20	0.461538	13	0.0368501	FALSE	NA	NA	NA	NA	NA	NA
2019-nCoV	26416	G	+T	11	3	24	1	0	20	0.0909091	11	0.545455	FALSE	NA	NA	NA	NA	NA	NA
2019-nCoV	26423	C	T	12	5	24	1	0	25	0.0769231	13	0.52	FALSE	NA	NA	NA	NA	NA	NA
2019-nCoV	26424	T	C	14	6	25	1	1	25	0.0666667	15	0.517241	FALSE	NA	NA	NA	NA	NA	NA
2019-nCoV	26426	G	+T	14	6	23	1	0	20	0.0714286	14	0.535714	FALSE	NA	NA	NA	NA	NA	NA
2019-nCoV	26430	T	-A	10	7	23	3	0	20	0.3	10	0.185714	FALSE	NA	NA	NA	NA	NA	NA
2019-nCoV	26430	T	+A	10	7	23	1	0	20	0.1	10	0.55	FALSE	NA	NA	NA	NA	NA	NA
2019-nCoV	26438	T	+C	14	7	23	1	0	20	0.0714286	14	0.535714	FALSE	NA	NA	NA	NA	NA	NA
2019-nCoV	26440	A	T	8	1	23	1	1	27	0.111111	9	0.529412	FALSE	NA	NA	NA	NA	NA	NA
2019-nCoV	26467	G	+A	11	6	22	1	0	20	0.0909091	11	0.545455	FALSE	NA	NA	NA	NA	NA	NA
2019-nCoV	26470	T	-A	12	7	23	1	0	20	0.0833333	12	0.541667	FALSE	NA	NA	NA	NA	NA	NA
2019-nCoV	26475	G	-A	11	6	25	1	0	20	0.0909091	11	0.545455	FALSE	NA	NA	NA	NA	NA	NA
2019-nCoV	26477	A	G	8	5	24	1	1	24	0.111111	9	0.529412	FALSE	NA	NA	NA	NA	NA	NA
2019-nCoV	26483	T	C	12	5	24	1	1	23	0.0769231	13	0.52	FALSE	NA	NA	NA	NA	NA	NA
2019-nCoV	26493	G	-T	13	6	21	6	0	20	0.461538	13	0.0368501	FALSE	NA	NA	NA	NA	NA	NA
2019-nCoV	26501	G	-T	13	6	22	1	0	20	0.0769231	13	0.538462	FALSE	NA	NA	NA	NA	NA	NA
2019-nCoV	26514	A	G	7	6	20	1	1	20	0.125	8	0.533333	FALSE	NA	NA	NA	NA	NA	NA
2019-nCoV	26518	T	+CA	8	8	22	1	0	20	0.125	8	0.5625	FALSE	NA	NA	NA	NA	NA	NA
2019-nCoV	26520	G	+T	13	7	23	1	0	20	0.0769231	13	0.538462	FALSE	NA	NA	NA	NA	NA	NA
2019-nCoV	26526	G	A	10	6	24	1	1	24	0.0909091	11	0.52381	FALSE	NA	NA	NA	NA	NA	NA
2019-nCoV	26529	G	C	0	0	0	11	7	23	1	11	2.83514e-6	TRUE	NA	NA	NA	NA	NA	NA
2019-nCoV	26561	T	+A	6	4	21	1	0	20	0.166667	6	0.583333	FALSE	NA	NA	NA	NA	NA	NA
2019-nCoV	26577	C	G	0	0	0	6	4	24	1	6	0.0021645	TRUE	NA	NA	NA	NA	NA	NA
2019-nCoV	26590	T	+A	33	10	24	1	0	20	0.030303	33	0.515152	FALSE	NA	NA	NA	NA	NA	NA
2019-nCoV	26596	G	+T	22	15	23	1	0	20	0.0454545	22	0.522727	FALSE	NA	NA	NA	NA	NA	NA
2019-nCoV	26610	A	G	1	0	26	29	7	25	0.966667	30	5.07337e-16	TRUE	NA	NA	NA	NA	NA	NA
2019-nCoV	26619	T	C	18	16	24	1	0	21	0.0526316	19	0.513514	FALSE	NA	NA	NA	NA	NA	NA
2019-nCoV	26625	C	+TG	33	13	24	1	0	20	0.030303	33	0.515152	FALSE	NA	NA	NA	NA	NA	NA
2019-nCoV	26625	C	+T	33	13	24	1	0	20	0.030303	33	0.515152	FALSE	NA	NA	NA	NA	NA	NA
2019-nCoV	26631	T	C	21	3	23	2	2	22	0.0869565	23	0.255556	FALSE	NA	NA	NA	NA	NA	NA
2019-nCoV	26632	T	C	34	13	24	1	1	24	0.0285714	35	0.507246	FALSE	NA	NA	NA	NA	NA	NA
2019-nCoV	26637	T	C	34	13	24	1	0	20	0.0285714	35	0.507246	FALSE	NA	NA	NA	NA	NA	NA
2019-nCoV	26638	A	+T	35	12	24	1	0	20	0.0285714	35	0.514286	FALSE	NA	NA	NA	NA	NA	NA
2019-nCoV	26651	T	+A	36	15	23	1	0	20	0.0277778	36	0.513889	FALSE	NA	NA	NA	NA	NA	NA
2019-nCoV	26654	G	-T	22	14	22	9	0	20	0.409091	22	0.00547966	TRUE	NA	NA	NA	NA	NA	NA
2019-nCoV	26654	G	+GT	22	14	22	1	0	20	0.0454545	22	0.522727	FALSE	NA	NA	NA	NA	NA	NA
2019-nCoV	26660	G	A	33	11	22	1	1	20	0.0294118	34	0.507463	FALSE	NA	NA	NA	NA	NA	NA
2019-nCoV	26664	A	+T	35	16	23	4	0	20	0.114286	35	0.0755685	FALSE	NA	NA	NA	NA	NA	NA
2019-nCoV	26665	T	+A	35	18	24	1	0	20	0.0285714	35	0.514286	FALSE	NA	NA	NA	NA	NA	NA
2019-nCoV	26680	T	-C	28	17	23	4	0	20	0.142857	28	0.0790111	FALSE	NA	NA	NA	NA	NA	NA
2019-nCoV	26681	C	T	1	0	21	13	13	23	0.928571	14	1.16345e-9	TRUE	NA	NA	NA	NA	NA	NA
2019-nCoV	26682	C	T	38	17	23	1	0	21	0.025641	39	0.506494	FALSE	NA	NA	NA	NA	NA	NA
2019-nCoV	26689	T	+G	44	19	25	1	0	20	0.0227273	44	0.511364	FALSE	NA	NA	NA	NA	NA	NA
2019-nCoV	26707	T	+A	26	18	24	1	0	20	0.0384615	26	0.519231	FALSE	NA	NA	NA	NA	NA	NA
2019-nCoV	26709	G	A	0	0	0	36	22	24	1	36	4.51965e-21	TRUE	NA	NA	NA	NA	NA	NA
2019-nCoV	26713	G	-T	43	21	23	3	0	20	0.0697674	43	0.138332	FALSE	NA	NA	NA	NA	NA	NA
2019-nCoV	26717	T	C	19	19	24	1	0	23	0.05	20	0.512821	FALSE	NA	NA	NA	NA	NA	NA
2019-nCoV	26717	T	+C	19	19	24	1	0	20	0.05	20	0.512821	FALSE	NA	NA	NA	NA	NA	NA
2019-nCoV	26718	G	+A	41	18	23	1	0	20	0.0243902	41	0.512195	FALSE	NA	NA	NA	NA	NA	NA
2019-nCoV	26721	C	+T	43	20	24	1	0	20	0.0232558	43	0.511628	FALSE	NA	NA	NA	NA	NA	NA
2019-nCoV	26722	T	C	39	13	23	1	1	28	0.025	40	0.506329	FALSE	NA	NA	NA	NA	NA	NA
2019-nCoV	26726	T	C	43	18	25	1	1	27	0.0227273	44	0.505747	FALSE	NA	NA	NA	NA	NA	NA
2019-nCoV	26730	G	+T	40	17	23	1	0	20	0.025	40	0.5125	FALSE	NA	NA	NA	NA	NA	NA
2019-nCoV	26740	T	-A	42	17	24	1	0	20	0.0238095	42	0.511905	FALSE	NA	NA	NA	NA	NA	NA
2019-nCoV	26740	T	+A	42	17	24	1	0	20	0.0238095	42	0.511905	FALSE	NA	NA	NA	NA	NA	NA
2019-nCoV	26745	T	+G	38	22	24	1	0	20	0.0263158	38	0.513158	FALSE	NA	NA	NA	NA	NA	NA
2019-nCoV	26747	G	-A	32	21	24	1	0	20	0.03125	32	0.515625	FALSE	NA	NA	NA	NA	NA	NA
2019-nCoV	26755	G	A	40	21	24	1	1	27	0.0243902	41	0.506173	FALSE	NA	NA	NA	NA	NA	NA
2019-nCoV	26758	G	-A	30	18	23	2	0	20	0.0666667	30	0.271038	FALSE	NA	NA	NA	NA	NA	NA
2019-nCoV	26780	T	+A	45	23	26	1	0	20	0.0222222	45	0.511111	FALSE	NA	NA	NA	NA	NA	NA
2019-nCoV	26781	C	+T	43	21	25	1	0	20	0.0232558	43	0.511628	FALSE	NA	NA	NA	NA	NA	NA
2019-nCoV	26783	T	+G	39	21	24	1	0	20	0.025641	39	0.512821	FALSE	NA	NA	NA	NA	NA	NA
2019-nCoV	26784	G	A	44	21	25	1	0	20	0.0222222	45	0.505618	FALSE	NA	NA	NA	NA	NA	NA
2019-nCoV	26796	T	A	38	19	25	1	0	23	0.025641	39	0.506494	FALSE	NA	NA	NA	NA	NA	NA
2019-nCoV	26814	G	A	7	3	23	1	1	27	0.125	8	0.533333	FALSE	NA	NA	NA	NA	NA	NA
2019-nCoV	26828	G	+T	8	5	23	2	0	20	0.25	8	0.330882	FALSE	NA	NA	NA	NA	NA	NA
2019-nCoV	26833	C	T	0	0	0	7	4	24	1	7	5.82751e-4	TRUE	NA	NA	NA	NA	NA	NA
2019-nCoV	26833	C	+G	0	0	0	1	0	20	0.142857	7	0.142857	FALSE	NA	NA	NA	NA	NA	NA
2019-nCoV	26897	T	+G	19	6	24	1	0	20	0.0526316	19	0.526316	FALSE	NA	NA	NA	NA	NA	NA
2019-nCoV	26904	A	T	19	6	24	1	0	20	0.05	20	0.512821	FALSE	NA	NA	NA	NA	NA	NA
2019-nCoV	26904	A	+AT	19	6	24	1	0	20	0.05	20	0.512821	FALSE	NA	NA	NA	NA	NA	NA
2019-nCoV	26921	T	C	10	6	24	1	0	27	0.0909091	11	0.52381	FALSE	NA	NA	NA	NA	NA	NA
2019-nCoV	26925	G	-A	19	5	24	1	0	20	0.0526316	19	0.526316	FALSE	NA	NA	NA	NA	NA	NA
2019-nCoV	26932	A	C	17	4	24	1	0	25	0.0555556	18	0.514286	FALSE	NA	NA	NA	NA	NA	NA
2019-nCoV	26938	T	C	17	5	26	1	1	24	0.0555556	18	0.514286	FALSE	NA	NA	NA	NA	NA	NA
2019-nCoV	26950	T	C	16	5	26	1	1	28	0.0588235	17	0.515152	FALSE	NA	NA	NA	NA	NA	NA
2019-nCoV	26954	C	T	16	4	24	1	1	25	0.0588235	17	0.515152	FALSE	NA	NA	NA	NA	NA	NA
2019-nCoV	26961	G	+A	14	3	24	1	0	20	0.0714286	14	0.535714	FALSE	NA	NA	NA	NA	NA	NA
2019-nCoV	26962	G	A	12	6	23	1	0	23	0.0769231	13	0.52	FALSE	NA	NA	NA	NA	NA	NA
2019-nCoV	26987	T	C	17	6	25	2	1	23	0.105263	19	0.256757	FALSE	NA	NA	NA	NA	NA	NA
2019-nCoV	26998	G	+A	19	7	25	1	0	20	0.0526316	19	0.526316	FALSE	NA	NA	NA	NA	NA	NA
2019-nCoV	27014	G	T	16	5	25	2	1	21	0.111111	18	0.257143	FALSE	NA	NA	NA	NA	NA	NA
2019-nCoV	27021	G	-A	20	8	24	1	0	20	0.05	20	0.525	FALSE	NA	NA	NA	NA	NA	NA
2019-nCoV	27030	G	+T	18	7	24	1	0	20	0.0555556	18	0.527778	FALSE	NA	NA	NA	NA	NA	NA
2019-nCoV	27032	T	+G	16	7	22	1	0	20	0.0625	16	0.53125	FALSE	NA	NA	NA	NA	NA	NA
2019-nCoV	27048	C	-T	18	7	23	1	0	20	0.0555556	18	0.527778	FALSE	NA	NA	NA	NA	NA	NA
2019-nCoV	27048	C	+T	18	7	23	1	0	20	0.0555556	18	0.527778	FALSE	NA	NA	NA	NA	NA	NA
2019-nCoV	27080	T	C	44	19	25	1	0	25	0.0222222	45	0.505618	FALSE	NA	NA	NA	NA	NA	NA
2019-nCoV	27086	A	G	39	16	25	1	1	22	0.025	40	0.506329	FALSE	NA	NA	NA	NA	NA	NA
2019-nCoV	27097	G	-T	17	8	22	8	0	20	0.470588	17	0.0113197	FALSE	NA	NA	NA	NA	NA	NA
2019-nCoV	27098	T	C	6	2	22	1	0	26	0.142857	7	0.333333	FALSE	NA	NA	NA	NA	NA	NA
2019-nCoV	27099	T	C	21	7	24	1	1	25	0.0454545	22	0.511628	FALSE	NA	NA	NA	NA	NA	NA
2019-nCoV	27113	T	-CG	21	11	24	2	0	20	0.0952381	21	0.280177	FALSE	NA	NA	NA	NA	NA	NA
2019-nCoV	27114	C	+G	12	11	24	1	0	20	0.0714286	14	0.5	FALSE	NA	NA	NA	NA	NA	NA
2019-nCoV	27117	T	+C	23	12	23	1	0	20	0.0434783	23	0.521739	FALSE	NA	NA	NA	NA	NA	NA
2019-nCoV	27120	A	+G	24	10	24	1	0	20	0.0416667	24	0.520833	FALSE	NA	NA	NA	NA	NA	NA
2019-nCoV	27123	A	+T	24	9	23	1	0	20	0.0416667	24	0.520833	FALSE	NA	NA	NA	NA	NA	NA
2019-nCoV	27134	T	-A	52	23	23	1	0	20	0.0192308	52	0.509615	FALSE	NA	NA	NA	NA	NA	NA
2019-nCoV	27134	T	+A	52	23	23	2	0	20	0.0384615	52	0.262088	FALSE	NA	NA	NA	NA	NA	NA
2019-nCoV	27137	A	+T	32	25	23	1	0	20	0.03125	32	0.515625	FALSE	NA	NA	NA	NA	NA	NA
2019-nCoV	27137	A	+AAT	32	25	23	1	0	20	0.03125	32	0.515625	FALSE	NA	NA	NA	NA	NA	NA
2019-nCoV	27139	T	A	34	22	23	1	0	22	0.0285714	35	0.507246	FALSE	NA	NA	NA	NA	NA	NA
2019-nCoV	27139	T	-A	34	22	23	3	0	20	0.0857143	35	0.135946	FALSE	NA	NA	NA	NA	NA	NA
2019-nCoV	27143	C	+A	55	23	24	1	0	20	0.0181818	55	0.509091	FALSE	NA	NA	NA	NA	NA	NA
2019-nCoV	27145	C	+A	64	25	24	1	0	20	0.015625	64	0.507813	FALSE	NA	NA	NA	NA	NA	NA
2019-nCoV	27146	A	G	61	25	25	1	0	24	0.016129	62	0.504065	FALSE	NA	NA	NA	NA	NA	NA
2019-nCoV	27146	A	+C	61	25	25	1	0	20	0.016129	62	0.504065	FALSE	NA	NA	NA	NA	NA	NA
2019-nCoV	27147	G	A	64	25	24	1	1	23	0.0153846	65	0.503876	FALSE	NA	NA	NA	NA	NA	NA
2019-nCoV	27148	A	G	63	25	24	1	1	26	0.015625	64	0.503937	FALSE	NA	NA	NA	NA	NA	NA
2019-nCoV	27148	A	+C	63	25	24	1	0	20	0.015625	64	0.503937	FALSE	NA	NA	NA	NA	NA	NA
2019-nCoV	27151	A	-T	55	25	24	1	0	20	0.0181818	55	0.509091	FALSE	NA	NA	NA	NA	NA	NA
2019-nCoV	27160	G	+C	60	23	25	1	0	20	0.0166667	60	0.508333	FALSE	NA	NA	NA	NA	NA	NA
2019-nCoV	27166	A	T	60	24	24	2	2	24	0.0322581	62	0.252033	FALSE	NA	NA	NA	NA	NA	NA
2019-nCoV	27166	A	+C	60	24	24	1	0	20	0.016129	62	0.5	FALSE	NA	NA	NA	NA	NA	NA
2019-nCoV	27167	C	+A	63	26	24	2	0	20	0.031746	63	0.259968	FALSE	NA	NA	NA	NA	NA	NA
2019-nCoV	27171	A	+T	56	22	24	1	0	20	0.0178571	56	0.508929	FALSE	NA	NA	NA	NA	NA	NA
2019-nCoV	27175	C	-T	58	24	24	4	0	20	0.0689655	58	0.0702509	FALSE	NA	NA	NA	NA	NA	NA
2019-nCoV	27180	C	+T	53	21	25	1	0	20	0.0188679	53	0.509434	FALSE	NA	NA	NA	NA	NA	NA
2019-nCoV	27182	T	C	45	22	23	1	0	27	0.0217391	46	0.505495	FALSE	NA	NA	NA	NA	NA	NA
2019-nCoV	27183	G	+T	52	20	24	1	0	20	0.0192308	52	0.509615	FALSE	NA	NA	NA	NA	NA	NA
2019-nCoV	27185	A	G	32	14	24	1	0	22	0.030303	33	0.507692	FALSE	NA	NA	NA	NA	NA	NA
2019-nCoV	27188	G	+T	33	13	24	1	0	20	0.030303	33	0.515152	FALSE	NA	NA	NA	NA	NA	NA
2019-nCoV	27204	G	+T	31	15	24	1	0	20	0.0322581	31	0.516129	FALSE	NA	NA	NA	NA	NA	NA
2019-nCoV	27205	T	G	20	3	24	1	1	23	0.047619	21	0.512195	FALSE	NA	NA	NA	NA	NA	NA
2019-nCoV	27207	T	-C	17	16	24	1	0	20	0.0588235	17	0.529412	FALSE	NA	NA	NA	NA	NA	NA
2019-nCoV	27218	A	G	35	15	23	2	2	25	0.0540541	37	0.253425	FALSE	NA	NA	NA	NA	NA	NA
2019-nCoV	27219	C	-T	28	12	23	2	0	20	0.0714286	28	0.272556	FALSE	NA	NA	NA	NA	NA	NA
2019-nCoV	27221	T	C	26	10	24	1	0	23	0.037037	27	0.509434	FALSE	NA	NA	NA	NA	NA	NA
2019-nCoV	27234	A	+G	43	17	24	1	0	20	0.0232558	43	0.511628	FALSE	NA	NA	NA	NA	NA	NA
2019-nCoV	27235	G	+C	42	17	24	1	0	20	0.0238095	42	0.511905	FALSE	NA	NA	NA	NA	NA	NA
2019-nCoV	27236	C	T	40	17	24	1	1	23	0.0243902	41	0.506173	FALSE	NA	NA	NA	NA	NA	NA
2019-nCoV	27237	A	C	41	18	24	1	1	23	0.0238095	42	0.506024	FALSE	NA	NA	NA	NA	NA	NA
2019-nCoV	27243	A	+T	38	18	24	3	0	20	0.0789474	38	0.140123	FALSE	NA	NA	NA	NA	NA	NA
2019-nCoV	27253	A	+T	34	17	23	3	0	20	0.0882353	34	0.141944	FALSE	NA	NA	NA	NA	NA	NA
2019-nCoV	27259	A	C	0	0	0	38	16	23	1	38	2.90165e-22	TRUE	NA	NA	NA	NA	NA	NA
2019-nCoV	27263	C	-T	34	13	23	1	0	20	0.0294118	34	0.514706	FALSE	NA	NA	NA	NA	NA	NA
2019-nCoV	27271	G	-T	31	13	23	1	0	20	0.0322581	31	0.516129	FALSE	NA	NA	NA	NA	NA	NA
2019-nCoV	27281	G	T	34	13	23	3	3	23	0.0810811	37	0.124928	FALSE	NA	NA	NA	NA	NA	NA
2019-nCoV	27282	G	T	40	24	23	1	0	26	0.0243902	41	0.506173	FALSE	NA	NA	NA	NA	NA	NA
2019-nCoV	27288	T	C	41	24	23	1	0	25	0.0238095	42	0.506024	FALSE	NA	NA	NA	NA	NA	NA
2019-nCoV	27295	A	G	33	11	25	1	1	25	0.0294118	34	0.507463	FALSE	NA	NA	NA	NA	NA	NA
2019-nCoV	27299	T	+A	41	19	24	5	0	20	0.121951	41	0.0393597	FALSE	NA	NA	NA	NA	NA	NA
2019-nCoV	27305	T	C	40	20	23	1	1	21	0.0243902	41	0.506173	FALSE	NA	NA	NA	NA	NA	NA
2019-nCoV	27307	A	+T	40	22	23	1	0	20	0.025	40	0.5125	FALSE	NA	NA	NA	NA	NA	NA
2019-nCoV	27311	T	C	31	10	23	1	1	24	0.03125	32	0.507937	FALSE	NA	NA	NA	NA	NA	NA
2019-nCoV	27312	T	-A	29	25	22	5	0	20	0.172414	29	0.0430005	FALSE	NA	NA	NA	NA	NA	NA
2019-nCoV	27312	T	+A	29	25	22	2	0	20	0.0689655	29	0.271771	FALSE	NA	NA	NA	NA	NA	NA
2019-nCoV	27317	A	-T	24	24	22	1	0	20	0.0416667	24	0.520833	FALSE	NA	NA	NA	NA	NA	NA
2019-nCoV	27317	A	+T	24	24	22	1	0	20	0.0416667	24	0.520833	FALSE	NA	NA	NA	NA	NA	NA
2019-nCoV	27323	C	+T	48	26	24	1	0	20	0.0208333	48	0.510417	FALSE	NA	NA	NA	NA	NA	NA
2019-nCoV	27324	T	+A	46	24	24	2	0	20	0.0434783	46	0.263675	FALSE	NA	NA	NA	NA	NA	NA
2019-nCoV	27326	A	-G	40	27	23	1	0	20	0.025	40	0.5125	FALSE	NA	NA	NA	NA	NA	NA
2019-nCoV	27331	C	+G	46	25	24	1	0	20	0.0217391	46	0.51087	FALSE	NA	NA	NA	NA	NA	NA
2019-nCoV	27332	T	+A	43	26	24	1	0	20	0.0232558	43	0.511628	FALSE	NA	NA	NA	NA	NA	NA
2019-nCoV	27335	C	T	40	24	24	1	0	20	0.0243902	41	0.506173	FALSE	NA	NA	NA	NA	NA	NA
2019-nCoV	27336	T	C	42	25	24	1	0	20	0.0232558	43	0.505882	FALSE	NA	NA	NA	NA	NA	NA
2019-nCoV	27336	T	+G	42	25	24	2	0	20	0.0465116	43	0.258824	FALSE	NA	NA	NA	NA	NA	NA
2019-nCoV	27337	G	A	39	21	23	1	1	21	0.025	40	0.506329	FALSE	NA	NA	NA	NA	NA	NA
2019-nCoV	27337	G	+A	39	21	23	2	0	20	0.05	40	0.259494	FALSE	NA	NA	NA	NA	NA	NA
2019-nCoV	27338	A	G	41	22	24	1	1	28	0.0238095	42	0.506024	FALSE	NA	NA	NA	NA	NA	NA
2019-nCoV	27341	A	T	38	25	22	1	1	22	0.025641	39	0.506494	FALSE	NA	NA	NA	NA	NA	NA
2019-nCoV	27341	A	-TA	38	25	22	1	0	20	0.025641	39	0.506494	FALSE	NA	NA	NA	NA	NA	NA
2019-nCoV	27341	A	+T	38	25	22	1	0	20	0.025641	39	0.506494	FALSE	NA	NA	NA	NA	NA	NA
2019-nCoV	27342	T	+TA	37	22	24	1	0	20	0.0263158	38	0.506667	FALSE	NA	NA	NA	NA	NA	NA
2019-nCoV	27354	A	-T	7	3	22	1	0	20	0.142857	7	0.571429	FALSE	NA	NA	NA	NA	NA	NA
2019-nCoV	27362	A	G	8	2	24	1	1	28	0.111111	9	0.529412	FALSE	NA	NA	NA	NA	NA	NA
2019-nCoV	27371	C	-A	17	11	23	1	0	20	0.0588235	17	0.529412	FALSE	NA	NA	NA	NA	NA	NA
2019-nCoV	27382	G	C	0	0	0	12	7	24	1	12	7.39602e-7	TRUE	NA	NA	NA	NA	NA	NA
2019-nCoV	27383	A	T	0	0	0	16	11	24	1	16	3.32734e-9	TRUE	NA	NA	NA	NA	NA	NA
2019-nCoV	27384	T	C	0	0	0	16	11	24	1	16	3.32734e-9	TRUE	NA	NA	NA	NA	NA	NA
2019-nCoV	27390	G	+A	15	10	23	1	0	20	0.0666667	15	0.533333	FALSE	NA	NA	NA	NA	NA	NA
2019-nCoV	27396	G	-A	15	11	23	1	0	20	0.0666667	15	0.533333	FALSE	NA	NA	NA	NA	NA	NA
2019-nCoV	27396	G	+A	15	11	23	2	0	20	0.133333	15	0.292473	FALSE	NA	NA	NA	NA	NA	NA
2019-nCoV	27401	T	A	8	4	22	1	1	20	0.111111	9	0.529412	FALSE	NA	NA	NA	NA	NA	NA
2019-nCoV	27403	A	+T	13	9	22	2	0	20	0.153846	13	0.299145	FALSE	NA	NA	NA	NA	NA	NA
2019-nCoV	27406	C	-T	14	10	22	1	0	20	0.0714286	14	0.535714	FALSE	NA	NA	NA	NA	NA	NA
2019-nCoV	27410	T	+A	14	14	23	1	0	20	0.0714286	14	0.535714	FALSE	NA	NA	NA	NA	NA	NA
2019-nCoV	27411	C	+T	19	14	22	1	0	20	0.0526316	19	0.526316	FALSE	NA	NA	NA	NA	NA	NA
2019-nCoV	27427	C	+T	18	13	25	1	0	20	0.0555556	18	0.527778	FALSE	NA	NA	NA	NA	NA	NA
2019-nCoV	27431	C	A	14	9	24	1	1	23	0.0666667	15	0.517241	FALSE	NA	NA	NA	NA	NA	NA
2019-nCoV	27442	C	+T	17	12	23	1	0	20	0.0588235	17	0.529412	FALSE	NA	NA	NA	NA	NA	NA
2019-nCoV	27500	C	+T	23	9	24	1	0	20	0.0434783	23	0.521739	FALSE	NA	NA	NA	NA	NA	NA
2019-nCoV	27504	T	A	21	8	24	1	0	27	0.0454545	22	0.511628	FALSE	NA	NA	NA	NA	NA	NA
2019-nCoV	27512	A	G	22	8	24	1	1	21	0.0434783	23	0.511111	FALSE	NA	NA	NA	NA	NA	NA
2019-nCoV	27513	C	T	19	8	24	4	1	26	0.173913	23	0.0594315	FALSE	NA	NA	NA	NA	NA	NA
2019-nCoV	27515	A	+G	20	6	23	2	0	20	0.1	20	0.281707	FALSE	NA	NA	NA	NA	NA	NA
2019-nCoV	27519	C	G	20	7	23	1	1	21	0.047619	21	0.512195	FALSE	NA	NA	NA	NA	NA	NA
2019-nCoV	27528	A	-T	18	7	23	1	0	20	0.0555556	18	0.527778	FALSE	NA	NA	NA	NA	NA	NA
2019-nCoV	27528	A	+T	18	7	23	1	0	20	0.0555556	18	0.527778	FALSE	NA	NA	NA	NA	NA	NA
2019-nCoV	27534	T	+C	16	6	24	1	0	20	0.0625	16	0.53125	FALSE	NA	NA	NA	NA	NA	NA
2019-nCoV	27539	T	C	22	9	24	1	1	24	0.0434783	23	0.511111	FALSE	NA	NA	NA	NA	NA	NA
2019-nCoV	27540	A	-G	19	6	25	2	0	20	0.105263	19	0.283401	FALSE	NA	NA	NA	NA	NA	NA
2019-nCoV	27549	C	+A	21	8	24	1	0	20	0.047619	21	0.52381	FALSE	NA	NA	NA	NA	NA	NA
2019-nCoV	27552	A	+ATT	12	9	24	1	0	20	0.0833333	12	0.541667	FALSE	NA	NA	NA	NA	NA	NA
2019-nCoV	27568	T	C	15	2	24	1	1	20	0.0625	16	0.516129	FALSE	NA	NA	NA	NA	NA	NA
2019-nCoV	27571	A	+T	20	8	24	2	0	20	0.1	20	0.281707	FALSE	NA	NA	NA	NA	NA	NA
2019-nCoV	27573	C	T	21	9	25	1	0	24	0.0454545	22	0.511628	FALSE	NA	NA	NA	NA	NA	NA
2019-nCoV	27577	C	+A	22	10	25	1	0	20	0.0454545	22	0.522727	FALSE	NA	NA	NA	NA	NA	NA
2019-nCoV	27582	T	+G	18	10	23	1	0	20	0.0555556	18	0.527778	FALSE	NA	NA	NA	NA	NA	NA
2019-nCoV	27584	C	+T	23	10	24	1	0	20	0.0434783	23	0.521739	FALSE	NA	NA	NA	NA	NA	NA
2019-nCoV	27603	C	T	21	8	24	1	1	26	0.0454545	22	0.511628	FALSE	NA	NA	NA	NA	NA	NA
2019-nCoV	27621	G	-T	20	10	23	4	0	20	0.2	20	0.0861032	FALSE	NA	NA	NA	NA	NA	NA
2019-nCoV	27628	G	+C	23	10	24	1	0	20	0.0434783	23	0.521739	FALSE	NA	NA	NA	NA	NA	NA
2019-nCoV	27634	T	C	19	8	24	1	0	27	0.05	20	0.512821	FALSE	NA	NA	NA	NA	NA	NA
2019-nCoV	27637	G	-T	38	12	24	1	0	20	0.0263158	38	0.513158	FALSE	NA	NA	NA	NA	NA	NA
2019-nCoV	27637	G	+T	38	12	24	3	0	20	0.0789474	38	0.140123	FALSE	NA	NA	NA	NA	NA	NA
2019-nCoV	27640	T	G	25	12	23	1	0	25	0.0384615	26	0.509804	FALSE	NA	NA	NA	NA	NA	NA
2019-nCoV	27651	G	A	33	12	24	1	0	22	0.0294118	34	0.507463	FALSE	NA	NA	NA	NA	NA	NA
2019-nCoV	27655	A	+GT	38	12	24	1	0	20	0.0263158	38	0.513158	FALSE	NA	NA	NA	NA	NA	NA
2019-nCoV	27657	C	+A	38	12	25	1	0	20	0.0263158	38	0.513158	FALSE	NA	NA	NA	NA	NA	NA
2019-nCoV	27662	A	G	33	6	24	1	1	26	0.0294118	34	0.507463	FALSE	NA	NA	NA	NA	NA	NA
2019-nCoV	27669	A	+G	29	13	23	1	0	20	0.0344828	29	0.517241	FALSE	NA	NA	NA	NA	NA	NA
2019-nCoV	27676	G	+A	34	11	24	1	0	20	0.0294118	34	0.514706	FALSE	NA	NA	NA	NA	NA	NA
2019-nCoV	27678	A	+T	30	13	23	1	0	20	0.0333333	30	0.516667	FALSE	NA	NA	NA	NA	NA	NA
2019-nCoV	27679	C	+T	36	12	24	2	0	20	0.0555556	36	0.267504	FALSE	NA	NA	NA	NA	NA	NA
2019-nCoV	27685	T	A	38	13	25	1	0	26	0.025641	39	0.506494	FALSE	NA	NA	NA	NA	NA	NA
2019-nCoV	27687	T	+C	39	14	24	2	0	20	0.0512821	39	0.266147	FALSE	NA	NA	NA	NA	NA	NA
2019-nCoV	27691	A	-T	17	10	23	2	0	20	0.117647	17	0.287395	FALSE	NA	NA	NA	NA	NA	NA
2019-nCoV	27692	T	C	21	0	22	1	0	26	0.0454545	22	0.5	FALSE	NA	NA	NA	NA	NA	NA
2019-nCoV	27697	C	+T	35	13	23	1	0	20	0.0285714	35	0.514286	FALSE	NA	NA	NA	NA	NA	NA
2019-nCoV	27717	G	-T	16	3	25	1	0	20	0.0625	16	0.53125	FALSE	NA	NA	NA	NA	NA	NA
2019-nCoV	27724	A	T	14	5	24	1	1	23	0.0666667	15	0.517241	FALSE	NA	NA	NA	NA	NA	NA
2019-nCoV	27736	A	+T	20	6	25	1	0	20	0.05	20	0.525	FALSE	NA	NA	NA	NA	NA	NA
2019-nCoV	27741	C	-A	19	6	24	4	0	20	0.210526	19	0.0874395	FALSE	NA	NA	NA	NA	NA	NA
2019-nCoV	27747	A	G	13	1	24	1	1	27	0.0714286	14	0.518519	FALSE	NA	NA	NA	NA	NA	NA
2019-nCoV	27750	G	+A	62	17	23	1	0	20	0.016129	62	0.508065	FALSE	NA	NA	NA	NA	NA	NA
2019-nCoV	27756	A	-T	47	15	22	1	0	20	0.0212766	47	0.510638	FALSE	NA	NA	NA	NA	NA	NA
2019-nCoV	27757	T	+G	65	15	25	1	0	20	0.0151515	66	0.503817	FALSE	NA	NA	NA	NA	NA	NA
2019-nCoV	27759	A	G	66	13	24	1	1	21	0.0149254	67	0.503759	FALSE	NA	NA	NA	NA	NA	NA
2019-nCoV	27759	A	-T	66	13	24	1	0	20	0.0149254	67	0.503759	FALSE	NA	NA	NA	NA	NA	NA
2019-nCoV	27759	A	+T	66	13	24	1	0	20	0.0149254	67	0.503759	FALSE	NA	NA	NA	NA	NA	NA
2019-nCoV	27765	C	T	67	15	24	1	0	25	0.0147059	68	0.503704	FALSE	NA	NA	NA	NA	NA	NA
2019-nCoV	27765	C	-T	67	15	24	1	0	20	0.0147059	68	0.503704	FALSE	NA	NA	NA	NA	NA	NA
2019-nCoV	27766	T	G	58	4	24	1	0	26	0.0169492	59	0.5	FALSE	NA	NA	NA	NA	NA	NA
2019-nCoV	27768	T	C	35	17	22	1	0	28	0.0277778	36	0.507042	FALSE	NA	NA	NA	NA	NA	NA
2019-nCoV	27770	A	+T	76	18	24	1	0	20	0.0131579	76	0.506579	FALSE	NA	NA	NA	NA	NA	NA
2019-nCoV	27770	A	+C	76	18	24	2	0	20	0.0263158	76	0.258256	FALSE	NA	NA	NA	NA	NA	NA
2019-nCoV	27771	T	A	71	12	25	1	0	20	0.0138889	72	0.503497	FALSE	NA	NA	NA	NA	NA	NA
2019-nCoV	27774	A	+T	63	18	22	1	0	20	0.015873	63	0.507937	FALSE	NA	NA	NA	NA	NA	NA
2019-nCoV	27778	A	+T	71	17	24	2	0	20	0.028169	71	0.25884	FALSE	NA	NA	NA	NA	NA	NA
2019-nCoV	27782	C	+T	72	17	24	1	0	20	0.0138889	72	0.506944	FALSE	NA	NA	NA	NA	NA	NA
2019-nCoV	27784	A	+C	67	15	24	1	0	20	0.0149254	67	0.507463	FALSE	NA	NA	NA	NA	NA	NA
2019-nCoV	27786	T	C	72	16	25	2	0	24	0.027027	74	0.251701	FALSE	NA	NA	NA	NA	NA	NA
2019-nCoV	27790	G	+C	66	14	24	1	0	20	0.0151515	66	0.507576	FALSE	NA	NA	NA	NA	NA	NA
2019-nCoV	27791	C	T	67	15	23	1	0	22	0.0147059	68	0.503704	FALSE	NA	NA	NA	NA	NA	NA
2019-nCoV	27791	C	-T	67	15	23	17	0	20	0.25	68	2.09923e-5	TRUE	NA	NA	NA	NA	NA	NA
2019-nCoV	27791	C	+T	67	15	23	3	0	20	0.0441176	68	0.130576	FALSE	NA	NA	NA	NA	NA	NA
2019-nCoV	27792	T	C	42	1	23	3	1	21	0.0666667	45	0.0826441	FALSE	NA	NA	NA	NA	NA	NA
2019-nCoV	27797	A	T	70	16	23	1	1	25	0.0140845	71	0.503546	FALSE	NA	NA	NA	NA	NA	NA
2019-nCoV	27800	C	-T	51	15	22	1	0	20	0.0196078	51	0.509804	FALSE	NA	NA	NA	NA	NA	NA
2019-nCoV	27802	T	C	74	17	26	1	0	22	0.0133333	75	0.503356	FALSE	NA	NA	NA	NA	NA	NA
2019-nCoV	27802	T	-TC	74	17	26	1	0	20	0.0133333	75	0.503356	FALSE	NA	NA	NA	NA	NA	NA
2019-nCoV	27805	T	+G	73	18	25	1	0	20	0.0136986	73	0.506849	FALSE	NA	NA	NA	NA	NA	NA
2019-nCoV	27806	G	A	69	17	25	1	0	27	0.0142857	70	0.503597	FALSE	NA	NA	NA	NA	NA	NA
2019-nCoV	27806	G	-C	69	17	25	1	0	20	0.0142857	70	0.503597	FALSE	NA	NA	NA	NA	NA	NA
2019-nCoV	27806	G	+T	69	17	25	2	0	20	0.0285714	70	0.255396	FALSE	NA	NA	NA	NA	NA	NA
2019-nCoV	27807	C	T	0	0	0	62	8	25	1	62	6.57547e-37	TRUE	NA	NA	NA	NA	NA	NA
2019-nCoV	27809	A	+C	67	14	24	2	0	20	0.0298507	67	0.25937	FALSE	NA	NA	NA	NA	NA	NA
2019-nCoV	27810	T	C	1	0	20	67	15	24	0.985294	68	2.28606e-38	TRUE	NA	NA	NA	NA	NA	NA
2019-nCoV	27813	C	+T	59	17	22	1	0	20	0.0169492	59	0.508475	FALSE	NA	NA	NA	NA	NA	NA
2019-nCoV	27814	T	C	66	11	24	1	0	20	0.0149254	67	0.503759	FALSE	NA	NA	NA	NA	NA	NA
2019-nCoV	27816	G	-T	70	16	23	2	0	20	0.0285714	70	0.258967	FALSE	NA	NA	NA	NA	NA	NA
2019-nCoV	27816	G	+T	70	16	23	2	0	20	0.0285714	70	0.258967	FALSE	NA	NA	NA	NA	NA	NA
2019-nCoV	27817	T	G	54	2	23	1	1	22	0.0181818	55	0.491071	FALSE	NA	NA	NA	NA	NA	NA
2019-nCoV	27822	A	+T	49	20	22	1	0	20	0.0204082	49	0.510204	FALSE	NA	NA	NA	NA	NA	NA
2019-nCoV	27825	A	+T	70	18	23	4	0	20	0.0571429	70	0.0688928	FALSE	NA	NA	NA	NA	NA	NA
2019-nCoV	27826	T	+CG	64	17	23	1	0	20	0.015625	64	0.507813	FALSE	NA	NA	NA	NA	NA	NA
2019-nCoV	27827	G	T	68	17	24	1	0	22	0.0144928	69	0.50365	FALSE	NA	NA	NA	NA	NA	NA
2019-nCoV	27827	G	+T	68	17	24	2	0	20	0.0289855	69	0.255474	FALSE	NA	NA	NA	NA	NA	NA
2019-nCoV	27834	A	+T	69	16	24	1	0	20	0.0144928	69	0.507246	FALSE	NA	NA	NA	NA	NA	NA
2019-nCoV	27836	C	T	68	15	24	1	1	23	0.0144928	69	0.50365	FALSE	NA	NA	NA	NA	NA	NA
2019-nCoV	27836	C	-T	68	15	24	4	0	20	0.057971	69	0.0671113	FALSE	NA	NA	NA	NA	NA	NA
2019-nCoV	27837	T	C	50	1	24	2	2	24	0.0384615	52	0.233821	FALSE	NA	NA	NA	NA	NA	NA
2019-nCoV	27842	G	+T	48	18	23	1	0	20	0.0208333	48	0.510417	FALSE	NA	NA	NA	NA	NA	NA
2019-nCoV	27847	C	+T	67	16	25	1	0	20	0.0149254	67	0.507463	FALSE	NA	NA	NA	NA	NA	NA
2019-nCoV	27848	A	-C	69	16	25	1	0	20	0.0144928	69	0.507246	FALSE	NA	NA	NA	NA	NA	NA
2019-nCoV	27849	C	+T	65	16	25	1	0	20	0.0151515	66	0.503817	FALSE	NA	NA	NA	NA	NA	NA
2019-nCoV	27853	A	G	56	11	24	1	0	20	0.0175439	57	0.504425	FALSE	NA	NA	NA	NA	NA	NA
2019-nCoV	27863	T	C	56	16	26	1	0	27	0.0175439	57	0.504425	FALSE	NA	NA	NA	NA	NA	NA
2019-nCoV	27866	T	+A	53	16	25	1	0	20	0.0188679	53	0.509434	FALSE	NA	NA	NA	NA	NA	NA
2019-nCoV	27868	A	+T	36	15	23	1	0	20	0.0277778	36	0.513889	FALSE	NA	NA	NA	NA	NA	NA
2019-nCoV	27869	T	-G	53	15	24	2	0	20	0.0377358	53	0.261859	FALSE	NA	NA	NA	NA	NA	NA
2019-nCoV	27872	A	G	56	17	25	1	0	23	0.0175439	57	0.504425	FALSE	NA	NA	NA	NA	NA	NA
2019-nCoV	27874	C	+A	55	15	24	1	0	20	0.0181818	55	0.509091	FALSE	NA	NA	NA	NA	NA	NA
2019-nCoV	27878	T	+A	52	16	24	1	0	20	0.0192308	52	0.509615	FALSE	NA	NA	NA	NA	NA	NA
2019-nCoV	27880	A	G	54	17	24	1	0	21	0.0181818	55	0.504587	FALSE	NA	NA	NA	NA	NA	NA
2019-nCoV	27882	G	-C	56	18	25	1	0	20	0.0178571	56	0.508929	FALSE	NA	NA	NA	NA	NA	NA
2019-nCoV	27885	T	-A	53	18	24	2	0	20	0.0377358	53	0.261859	FALSE	NA	NA	NA	NA	NA	NA
2019-nCoV	27885	T	+A	53	18	24	1	0	20	0.0188679	53	0.509434	FALSE	NA	NA	NA	NA	NA	NA
2019-nCoV	27889	C	+G	55	18	24	1	0	20	0.0181818	55	0.509091	FALSE	NA	NA	NA	NA	NA	NA
2019-nCoV	27892	A	G	38	16	23	2	2	22	0.05	40	0.253165	FALSE	NA	NA	NA	NA	NA	NA
2019-nCoV	27893	C	-A	54	18	24	1	0	20	0.0185185	54	0.509259	FALSE	NA	NA	NA	NA	NA	NA
2019-nCoV	27896	G	A	49	16	24	1	0	23	0.02	50	0.505051	FALSE	NA	NA	NA	NA	NA	NA
2019-nCoV	27899	A	+T	148	127	24	2	0	20	0.0135135	148	0.507601	FALSE	NA	NA	NA	NA	NA	NA
2019-nCoV	27902	T	+C	145	126	25	1	0	20	0.00689655	145	0.754301	FALSE	NA	NA	NA	NA	NA	NA
2019-nCoV	27903	C	-T	213	121	24	1	0	20	0.00469484	213	0.87763	FALSE	NA	NA	NA	NA	NA	NA
2019-nCoV	27903	C	+T	213	121	24	1	0	20	0.00469484	213	0.87763	FALSE	NA	NA	NA	NA	NA	NA
2019-nCoV	27904	T	A	174	79	23	1	0	25	0.00571429	175	0.750716	FALSE	NA	NA	NA	NA	NA	NA
2019-nCoV	27906	G	-T	208	122	23	12	0	20	0.0576923	208	0.00793867	TRUE	NA	NA	NA	NA	NA	NA
2019-nCoV	27906	G	+T	208	122	23	2	0	20	0.00961538	208	0.693794	FALSE	NA	NA	NA	NA	NA	NA
2019-nCoV	27907	T	G	93	15	22	2	0	22	0.0210526	95	0.473225	FALSE	NA	NA	NA	NA	NA	NA
2019-nCoV	27910	T	C	134	125	24	2	1	21	0.0147059	136	0.502778	FALSE	NA	NA	NA	NA	NA	NA
2019-nCoV	27911	C	+T	211	123	23	3	0	20	0.014218	211	0.508886	FALSE	NA	NA	NA	NA	NA	NA
2019-nCoV	27912	T	C	194	102	23	2	1	21	0.0102041	196	0.501923	FALSE	NA	NA	NA	NA	NA	NA
2019-nCoV	27914	A	+G	223	129	25	1	0	20	0.0044843	223	0.877513	FALSE	NA	NA	NA	NA	NA	NA
2019-nCoV	27925	C	-A	164	112	25	1	0	20	0.00609756	164	0.753804	FALSE	NA	NA	NA	NA	NA	NA
2019-nCoV	27925	C	+CA	164	112	25	1	0	20	0.00609756	164	0.753804	FALSE	NA	NA	NA	NA	NA	NA
2019-nCoV	27925	C	+A	164	112	25	7	0	20	0.0426829	164	0.0389392	FALSE	NA	NA	NA	NA	NA	NA
2019-nCoV	27927	A	G	142	114	25	1	0	29	0.00699301	143	0.752632	FALSE	NA	NA	NA	NA	NA	NA
2019-nCoV	27928	C	T	160	112	25	1	1	20	0.00621118	161	0.752336	FALSE	NA	NA	NA	NA	NA	NA
2019-nCoV	27931	T	C	162	113	25	1	0	26	0.00613497	163	0.752308	FALSE	NA	NA	NA	NA	NA	NA
2019-nCoV	27932	A	G	164	111	25	1	1	21	0.00606061	165	0.75228	FALSE	NA	NA	NA	NA	NA	NA
2019-nCoV	27934	C	A	164	104	25	1	1	23	0.00606061	165	0.75228	FALSE	NA	NA	NA	NA	NA	NA
2019-nCoV	27936	G	A	166	109	24	1	0	27	0.00598802	167	0.752252	FALSE	NA	NA	NA	NA	NA	NA
2019-nCoV	27936	G	+T	166	109	24	1	0	20	0.00598802	167	0.752252	FALSE	NA	NA	NA	NA	NA	NA
2019-nCoV	27936	G	+C	166	109	24	1	0	20	0.00598802	167	0.752252	FALSE	NA	NA	NA	NA	NA	NA
2019-nCoV	27937	C	T	161	104	25	1	1	23	0.00617284	162	0.752322	FALSE	NA	NA	NA	NA	NA	NA
2019-nCoV	27938	A	C	158	101	24	1	1	23	0.00628931	159	0.752366	FALSE	NA	NA	NA	NA	NA	NA
2019-nCoV	27939	T	A	102	45	23	1	1	23	0.00970874	103	0.753659	FALSE	NA	NA	NA	NA	NA	NA
2019-nCoV	27945	C	G	148	109	24	1	0	23	0.00671141	149	0.752525	FALSE	NA	NA	NA	NA	NA	NA
2019-nCoV	27945	C	+T	148	109	24	1	0	20	0.00671141	149	0.752525	FALSE	NA	NA	NA	NA	NA	NA
2019-nCoV	27945	C	+G	148	109	24	1	0	20	0.00671141	149	0.752525	FALSE	NA	NA	NA	NA	NA	NA
2019-nCoV	27945	C	+CA	148	109	24	1	0	20	0.00671141	149	0.752525	FALSE	NA	NA	NA	NA	NA	NA
2019-nCoV	27949	A	G	137	80	23	1	1	26	0.00724638	138	0.752727	FALSE	NA	NA	NA	NA	NA	NA
2019-nCoV	27951	T	C	148	97	25	3	3	24	0.0198675	151	0.313748	FALSE	NA	NA	NA	NA	NA	NA
2019-nCoV	27953	T	C	158	105	25	1	1	27	0.00628931	159	0.752366	FALSE	NA	NA	NA	NA	NA	NA
2019-nCoV	27954	A	G	164	107	25	1	0	20	0.00606061	165	0.75228	FALSE	NA	NA	NA	NA	NA	NA
2019-nCoV	27955	G	-T	152	102	24	3	0	20	0.0197368	152	0.321165	FALSE	NA	NA	NA	NA	NA	NA
2019-nCoV	27955	G	+T	152	102	24	2	0	20	0.0131579	152	0.507401	FALSE	NA	NA	NA	NA	NA	NA
2019-nCoV	27956	T	C	99	48	22	1	1	20	0.01	100	0.748756	FALSE	NA	NA	NA	NA	NA	NA
2019-nCoV	27957	T	C	157	104	25	1	1	27	0.00632911	158	0.752381	FALSE	NA	NA	NA	NA	NA	NA
2019-nCoV	27958	T	A	110	104	25	1	1	20	0.00900901	111	0.753394	FALSE	NA	NA	NA	NA	NA	NA
2019-nCoV	27959	A	T	153	105	24	1	1	20	0.00645161	155	0.750814	FALSE	NA	NA	NA	NA	NA	NA
2019-nCoV	27959	A	G	153	105	24	1	0	26	0.00645161	155	0.750814	FALSE	NA	NA	NA	NA	NA	NA
2019-nCoV	27961	A	G	164	110	25	1	1	21	0.00606061	165	0.75228	FALSE	NA	NA	NA	NA	NA	NA
2019-nCoV	27961	A	+T	164	110	25	2	0	20	0.0121212	165	0.504559	FALSE	NA	NA	NA	NA	NA	NA
2019-nCoV	27963	T	C	162	111	25	3	3	23	0.0181818	165	0.313642	FALSE	NA	NA	NA	NA	NA	NA
2019-nCoV	27964	C	+A	263	162	25	2	0	20	0.00760456	263	0.69248	FALSE	NA	NA	NA	NA	NA	NA
2019-nCoV	27965	A	+T	258	159	25	1	0	20	0.00387597	258	0.877173	FALSE	NA	NA	NA	NA	NA	NA
2019-nCoV	27966	T	C	254	158	24	1	0	26	0.00392157	255	0.876472	FALSE	NA	NA	NA	NA	NA	NA
2019-nCoV	27966	T	+G	254	158	24	1	0	20	0.00392157	255	0.876472	FALSE	NA	NA	NA	NA	NA	NA
2019-nCoV	27967	G	+T	251	154	24	1	0	20	0.00398406	251	0.877234	FALSE	NA	NA	NA	NA	NA	NA
2019-nCoV	27968	T	C	252	156	24	1	1	29	0.00395257	253	0.876484	FALSE	NA	NA	NA	NA	NA	NA
2019-nCoV	27969	A	-C	254	160	25	1	0	20	0.00393701	254	0.877207	FALSE	NA	NA	NA	NA	NA	NA
2019-nCoV	27972	C	A	245	160	25	1	1	22	0.00406504	246	0.876526	FALSE	NA	NA	NA	NA	NA	NA
2019-nCoV	27972	C	+T	245	160	25	1	0	20	0.00406504	246	0.876526	FALSE	NA	NA	NA	NA	NA	NA
2019-nCoV	27972	C	+A	245	160	25	2	0	20	0.00813008	246	0.691315	FALSE	NA	NA	NA	NA	NA	NA
2019-nCoV	27974	A	G	203	161	25	1	0	23	0.00490196	204	0.87684	FALSE	NA	NA	NA	NA	NA	NA
2019-nCoV	27983	A	G	241	156	25	3	3	25	0.0122951	244	0.5	FALSE	NA	NA	NA	NA	NA	NA
2019-nCoV	27983	A	+T	241	156	25	1	0	20	0.00408163	245	0.874227	FALSE	NA	NA	NA	NA	NA	NA
2019-nCoV	27988	T	C	258	160	25	1	1	30	0.003861	259	0.500967	FALSE	NA	NA	NA	NA	NA	NA
2019-nCoV	27989	A	-G	259	151	24	1	0	20	0.003861	259	0.877165	FALSE	NA	NA	NA	NA	NA	NA
2019-nCoV	27989	A	+G	259	151	24	1	0	20	0.003861	259	0.877165	FALSE	NA	NA	NA	NA	NA	NA
2019-nCoV	27990	G	+T	252	146	24	1	0	20	0.00395257	253	0.876484	FALSE	NA	NA	NA	NA	NA	NA
2019-nCoV	27992	T	C	224	156	24	2	1	26	0.00884956	226	0.690001	FALSE	NA	NA	NA	NA	NA	NA
2019-nCoV	27994	A	G	255	149	25	3	2	24	0.0116279	258	0.501828	FALSE	NA	NA	NA	NA	NA	NA
2019-nCoV	27995	T	+G	254	151	25	2	0	20	0.00787402	254	0.692656	FALSE	NA	NA	NA	NA	NA	NA
2019-nCoV	27997	A	-C	237	142	24	9	0	20	0.0379747	237	0.0364112	FALSE	NA	NA	NA	NA	NA	NA
2019-nCoV	27997	A	+C	237	142	24	3	0	20	0.0126582	237	0.507911	FALSE	NA	NA	NA	NA	NA	NA
2019-nCoV	28000	C	T	174	149	24	2	1	24	0.0113636	176	0.502143	FALSE	NA	NA	NA	NA	NA	NA
2019-nCoV	28001	G	+T	234	139	24	1	0	20	0.0042735	234	0.877395	FALSE	NA	NA	NA	NA	NA	NA
2019-nCoV	28003	G	C	246	150	24	1	1	22	0.00401606	249	0.875002	FALSE	NA	NA	NA	NA	NA	NA
2019-nCoV	28003	G	A	246	150	24	2	0	24	0.00803213	249	0.68826	FALSE	NA	NA	NA	NA	NA	NA
2019-nCoV	28003	G	+T	246	150	24	2	0	20	0.00803213	249	0.68826	FALSE	NA	NA	NA	NA	NA	NA
2019-nCoV	28004	T	C	236	141	24	2	2	22	0.00840336	238	0.689874	FALSE	NA	NA	NA	NA	NA	NA
2019-nCoV	28007	T	C	247	153	24	1	1	26	0.00403226	248	0.876514	FALSE	NA	NA	NA	NA	NA	NA
2019-nCoV	28007	T	+A	247	153	24	1	0	20	0.00403226	248	0.876514	FALSE	NA	NA	NA	NA	NA	NA
2019-nCoV	28008	A	+T	245	151	24	2	0	20	0.00816327	245	0.692845	FALSE	NA	NA	NA	NA	NA	NA
2019-nCoV	28009	T	C	207	109	23	2	1	23	0.00956938	209	0.690205	FALSE	NA	NA	NA	NA	NA	NA
2019-nCoV	28011	C	+T	235	141	24	1	0	20	0.00425532	235	0.877385	FALSE	NA	NA	NA	NA	NA	NA
2019-nCoV	28012	A	G	243	146	24	1	1	26	0.00409836	244	0.876538	FALSE	NA	NA	NA	NA	NA	NA
2019-nCoV	28012	A	-C	243	146	24	2	0	20	0.00819672	244	0.691346	FALSE	NA	NA	NA	NA	NA	NA
2019-nCoV	28013	C	-T	250	149	24	1	0	20	0.004	250	0.877242	FALSE	NA	NA	NA	NA	NA	NA
2019-nCoV	28013	C	+T	250	149	24	4	0	20	0.016	250	0.352213	FALSE	NA	NA	NA	NA	NA	NA
2019-nCoV	28013	C	+G	250	149	24	1	0	20	0.004	250	0.877242	FALSE	NA	NA	NA	NA	NA	NA
2019-nCoV	28013	C	+A	250	149	24	1	0	20	0.004	250	0.877242	FALSE	NA	NA	NA	NA	NA	NA
2019-nCoV	28015	T	C	227	157	24	2	1	23	0.00873362	229	0.689968	FALSE	NA	NA	NA	NA	NA	NA
2019-nCoV	28015	T	+TC	227	157	24	1	0	20	0.00436681	229	0.875824	FALSE	NA	NA	NA	NA	NA	NA
2019-nCoV	28016	C	T	246	146	24	1	0	23	0.00404858	247	0.87652	FALSE	NA	NA	NA	NA	NA	NA
2019-nCoV	28017	T	+C	255	151	25	1	0	20	0.00392157	255	0.877199	FALSE	NA	NA	NA	NA	NA	NA
2019-nCoV	28022	T	-A	237	141	23	117	0	20	0.493671	237	1.68471e-27	TRUE	NA	NA	NA	NA	NA	NA
2019-nCoV	28024	A	-AT	196	94	23	1	0	20	0.00510204	196	0.753184	FALSE	NA	NA	NA	NA	NA	NA
2019-nCoV	28025	A	G	171	140	23	1	1	26	0.00581395	172	0.752187	FALSE	NA	NA	NA	NA	NA	NA
2019-nCoV	28027	G	A	203	99	23	1	0	26	0.00490196	204	0.87684	FALSE	NA	NA	NA	NA	NA	NA
2019-nCoV	28028	G	A	228	154	24	1	1	27	0.00436681	229	0.876639	FALSE	NA	NA	NA	NA	NA	NA
2019-nCoV	28029	T	+GA	244	148	24	1	0	20	0.00409836	244	0.877297	FALSE	NA	NA	NA	NA	NA	NA
2019-nCoV	28031	T	C	233	144	24	1	0	29	0.0042735	234	0.876604	FALSE	NA	NA	NA	NA	NA	NA
2019-nCoV	28032	A	-T	238	148	24	1	0	20	0.00420168	238	0.877355	FALSE	NA	NA	NA	NA	NA	NA
2019-nCoV	28032	A	+T	238	148	24	3	0	20	0.012605	238	0.507878	FALSE	NA	NA	NA	NA	NA	NA
2019-nCoV	28032	A	+G	238	148	24	2	0	20	0.00840336	238	0.693002	FALSE	NA	NA	NA	NA	NA	NA
2019-nCoV	28032	A	+C	238	148	24	1	0	20	0.00420168	238	0.877355	FALSE	NA	NA	NA	NA	NA	NA
2019-nCoV	28035	A	+G	249	154	25	2	0	20	0.00803213	249	0.69276	FALSE	NA	NA	NA	NA	NA	NA
2019-nCoV	28037	A	G	253	155	25	2	2	25	0.00784314	255	0.689715	FALSE	NA	NA	NA	NA	NA	NA
2019-nCoV	28037	A	+G	253	155	25	1	0	20	0.00392157	255	0.87574	FALSE	NA	NA	NA	NA	NA	NA
2019-nCoV	28038	G	+T	263	164	25	1	0	20	0.00380228	263	0.877132	FALSE	NA	NA	NA	NA	NA	NA
2019-nCoV	28039	T	C	257	159	25	1	0	26	0.00387597	258	0.876455	FALSE	NA	NA	NA	NA	NA	NA
2019-nCoV	28040	A	-G	244	150	25	1	0	20	0.00409836	244	0.877297	FALSE	NA	NA	NA	NA	NA	NA
2019-nCoV	28040	A	+T	244	150	25	1	0	20	0.00409836	244	0.877297	FALSE	NA	NA	NA	NA	NA	NA
2019-nCoV	28042	G	C	217	153	23	1	1	22	0.00458716	218	0.876722	FALSE	NA	NA	NA	NA	NA	NA
2019-nCoV	28043	A	+G	245	152	24	1	0	20	0.00408163	245	0.877288	FALSE	NA	NA	NA	NA	NA	NA
2019-nCoV	28044	G	+T	248	153	24	1	0	20	0.00403226	248	0.877261	FALSE	NA	NA	NA	NA	NA	NA
2019-nCoV	28045	C	-T	241	148	24	1	0	20	0.00414938	241	0.877326	FALSE	NA	NA	NA	NA	NA	NA
2019-nCoV	28046	T	+C	234	148	24	1	0	20	0.0042735	234	0.877395	FALSE	NA	NA	NA	NA	NA	NA
2019-nCoV	28046	T	+A	234	148	24	1	0	20	0.0042735	234	0.877395	FALSE	NA	NA	NA	NA	NA	NA
2019-nCoV	28048	G	-A	231	149	23	19	0	20	0.0822511	231	1.69944e-4	TRUE	NA	NA	NA	NA	NA	NA
2019-nCoV	28048	G	+A	231	149	23	1	0	20	0.004329	231	0.877426	FALSE	NA	NA	NA	NA	NA	NA
2019-nCoV	28050	A	G	233	142	23	1	1	23	0.0042735	234	0.876604	FALSE	NA	NA	NA	NA	NA	NA
2019-nCoV	28052	A	+T	161	154	23	1	0	20	0.00621118	161	0.753875	FALSE	NA	NA	NA	NA	NA	NA
2019-nCoV	28058	A	G	254	159	24	1	1	20	0.00392157	255	0.876472	FALSE	NA	NA	NA	NA	NA	NA
2019-nCoV	28060	C	-T	215	159	23	1	0	20	0.00465116	215	0.877606	FALSE	NA	NA	NA	NA	NA	NA
2019-nCoV	28060	C	+T	215	159	23	1	0	20	0.00465116	215	0.877606	FALSE	NA	NA	NA	NA	NA	NA
2019-nCoV	28060	C	+A	215	159	23	2	0	20	0.00930233	215	0.693589	FALSE	NA	NA	NA	NA	NA	NA
2019-nCoV	28062	T	G	258	160	25	1	1	27	0.003861	259	0.876449	FALSE	NA	NA	NA	NA	NA	NA
2019-nCoV	28063	T	-A	160	136	23	7	0	20	0.04375	160	0.0390368	FALSE	NA	NA	NA	NA	NA	NA
2019-nCoV	28063	T	+TA	160	136	23	1	0	20	0.00625	160	0.753899	FALSE	NA	NA	NA	NA	NA	NA
2019-nCoV	28063	T	+A	160	136	23	1	0	20	0.00625	160	0.753899	FALSE	NA	NA	NA	NA	NA	NA
2019-nCoV	28065	A	+T	176	129	23	1	0	20	0.00568182	176	0.753545	FALSE	NA	NA	NA	NA	NA	NA
2019-nCoV	28066	T	G	157	70	23	1	1	23	0.00632911	158	0.750794	FALSE	NA	NA	NA	NA	NA	NA
2019-nCoV	28068	G	T	206	128	24	1	1	22	0.00483092	207	0.876814	FALSE	NA	NA	NA	NA	NA	NA
2019-nCoV	28069	A	G	178	84	23	1	1	23	0.00558659	179	0.752101	FALSE	NA	NA	NA	NA	NA	NA
2019-nCoV	28072	T	C	220	163	24	1	0	27	0.00452489	221	0.876699	FALSE	NA	NA	NA	NA	NA	NA
2019-nCoV	28072	T	+TG	220	163	24	1	0	20	0.00452489	221	0.876699	FALSE	NA	NA	NA	NA	NA	NA
2019-nCoV	28074	T	C	254	156	24	1	0	23	0.00392157	255	0.876472	FALSE	NA	NA	NA	NA	NA	NA
2019-nCoV	28075	G	+C	258	159	25	2	0	20	0.00775194	258	0.692577	FALSE	NA	NA	NA	NA	NA	NA
2019-nCoV	28076	C	+T	255	156	24	1	0	20	0.00392157	255	0.877199	FALSE	NA	NA	NA	NA	NA	NA
2019-nCoV	28077	G	C	254	154	24	1	0	22	0.00392157	255	0.876472	FALSE	NA	NA	NA	NA	NA	NA
2019-nCoV	28077	G	+T	254	154	24	1	0	20	0.00392157	255	0.876472	FALSE	NA	NA	NA	NA	NA	NA
2019-nCoV	28078	T	+G	258	155	24	1	0	20	0.00387597	258	0.877173	FALSE	NA	NA	NA	NA	NA	NA
2019-nCoV	28078	T	+C	258	155	24	1	0	20	0.00387597	258	0.877173	FALSE	NA	NA	NA	NA	NA	NA
2019-nCoV	28081	A	-T	262	160	25	1	0	20	0.00381679	262	0.87714	FALSE	NA	NA	NA	NA	NA	NA
2019-nCoV	28082	T	+G	260	158	25	1	0	20	0.00383142	261	0.876438	FALSE	NA	NA	NA	NA	NA	NA
2019-nCoV	28084	A	C	95	48	24	1	1	26	0.0104167	96	0.502618	FALSE	NA	NA	NA	NA	NA	NA
2019-nCoV	28091	T	C	68	26	24	5	1	25	0.0684932	73	0.03015	FALSE	NA	NA	NA	NA	NA	NA
2019-nCoV	28094	T	-A	86	41	24	6	0	20	0.0697674	86	0.0181893	FALSE	NA	NA	NA	NA	NA	NA
2019-nCoV	28094	T	+A	86	41	24	5	0	20	0.0581395	86	0.0349946	FALSE	NA	NA	NA	NA	NA	NA
2019-nCoV	28095	A	C	50	3	25	1	1	20	0.0196078	51	0.50495	FALSE	NA	NA	NA	NA	NA	NA
2019-nCoV	28099	C	+T	92	46	25	1	0	20	0.0108696	92	0.505435	FALSE	NA	NA	NA	NA	NA	NA
2019-nCoV	28100	A	+C	90	45	25	2	0	20	0.0222222	90	0.256967	FALSE	NA	NA	NA	NA	NA	NA
2019-nCoV	28117	A	+G	95	50	25	1	0	20	0.0105263	95	0.505263	FALSE	NA	NA	NA	NA	NA	NA
2019-nCoV	28119	A	G	88	42	25	1	1	28	0.011236	89	0.502825	FALSE	NA	NA	NA	NA	NA	NA
2019-nCoV	28119	A	+T	88	42	25	1	0	20	0.011236	89	0.502825	FALSE	NA	NA	NA	NA	NA	NA
2019-nCoV	28121	C	+G	95	48	24	1	0	20	0.0105263	95	0.505263	FALSE	NA	NA	NA	NA	NA	NA
2019-nCoV	28123	G	-T	82	43	23	1	0	20	0.0121951	82	0.506098	FALSE	NA	NA	NA	NA	NA	NA
2019-nCoV	28125	A	G	225	75	24	1	0	24	0.00442478	226	0.876661	FALSE	NA	NA	NA	NA	NA	NA
2019-nCoV	28126	A	+T	208	118	24	2	0	20	0.00961538	208	0.693794	FALSE	NA	NA	NA	NA	NA	NA
2019-nCoV	28127	T	C	236	87	24	1	0	24	0.00421941	237	0.876584	FALSE	NA	NA	NA	NA	NA	NA
2019-nCoV	28128	T	+A	209	125	24	1	0	20	0.00478469	209	0.877681	FALSE	NA	NA	NA	NA	NA	NA
2019-nCoV	28129	A	+T	264	121	24	1	0	20	0.00378788	264	0.877124	FALSE	NA	NA	NA	NA	NA	NA
2019-nCoV	28132	C	A	275	118	25	1	0	20	0.00362319	276	0.87636	FALSE	NA	NA	NA	NA	NA	NA
2019-nCoV	28134	G	A	262	104	24	1	1	22	0.00380228	263	0.876427	FALSE	NA	NA	NA	NA	NA	NA
2019-nCoV	28134	G	-T	262	104	24	4	0	20	0.0152091	263	0.350012	FALSE	NA	NA	NA	NA	NA	NA
2019-nCoV	28134	G	+T	262	104	24	50	0	20	0.190114	263	2.82046e-12	TRUE	NA	NA	NA	NA	NA	NA
2019-nCoV	28135	T	C	193	32	24	1	0	20	0.00515464	194	0.748072	FALSE	NA	NA	NA	NA	NA	NA
2019-nCoV	28140	T	G	268	107	25	1	1	21	0.0037037	270	0.875698	FALSE	NA	NA	NA	NA	NA	NA
2019-nCoV	28140	T	C	268	107	25	1	1	26	0.0037037	270	0.875698	FALSE	NA	NA	NA	NA	NA	NA
2019-nCoV	28140	T	+C	268	107	25	1	0	20	0.0037037	270	0.875698	FALSE	NA	NA	NA	NA	NA	NA
2019-nCoV	28141	G	-T	264	108	24	6	0	20	0.0227273	264	0.151446	FALSE	NA	NA	NA	NA	NA	NA
2019-nCoV	28141	G	+T	264	108	24	5	0	20	0.0189394	264	0.234383	FALSE	NA	NA	NA	NA	NA	NA
2019-nCoV	28144	T	C	149	112	23	1	0	28	0.00666667	150	0.752508	FALSE	NA	NA	NA	NA	NA	NA
2019-nCoV	28145	A	+C	257	111	24	1	0	20	0.00389105	257	0.877182	FALSE	NA	NA	NA	NA	NA	NA
2019-nCoV	28147	C	-T	170	115	23	25	0	20	0.147059	170	1.0488e-6	TRUE	NA	NA	NA	NA	NA	NA
2019-nCoV	28153	C	+A	249	116	24	3	0	20	0.0120482	249	0.50753	FALSE	NA	NA	NA	NA	NA	NA
2019-nCoV	28154	A	G	218	79	23	1	1	25	0.00456621	219	0.876714	FALSE	NA	NA	NA	NA	NA	NA
2019-nCoV	28155	A	+T	191	121	23	5	0	20	0.026178	191	0.114964	FALSE	NA	NA	NA	NA	NA	NA
2019-nCoV	28156	T	C	220	88	23	2	0	25	0.00900901	222	0.690046	FALSE	NA	NA	NA	NA	NA	NA
2019-nCoV	28157	T	+TA	200	112	23	1	0	20	0.005	200	0.876868	FALSE	NA	NA	NA	NA	NA	NA
2019-nCoV	28157	T	+A	200	112	23	1	0	20	0.005	200	0.876868	FALSE	NA	NA	NA	NA	NA	NA
2019-nCoV	28160	T	+TCG	227	87	23	1	0	20	0.00436681	229	0.875824	FALSE	NA	NA	NA	NA	NA	NA
2019-nCoV	28160	T	+CT	227	87	23	1	0	20	0.00436681	229	0.875824	FALSE	NA	NA	NA	NA	NA	NA
2019-nCoV	28161	T	C	210	126	23	2	2	25	0.00943396	212	0.690167	FALSE	NA	NA	NA	NA	NA	NA
2019-nCoV	28162	G	+A	256	126	24	1	0	20	0.00390625	256	0.87719	FALSE	NA	NA	NA	NA	NA	NA
2019-nCoV	28163	C	T	226	86	23	1	1	28	0.00440529	227	0.876654	FALSE	NA	NA	NA	NA	NA	NA
2019-nCoV	28164	C	+G	223	131	24	1	0	20	0.0044843	223	0.877513	FALSE	NA	NA	NA	NA	NA	NA
2019-nCoV	28165	A	G	259	130	25	2	0	24	0.00766284	261	0.689664	FALSE	NA	NA	NA	NA	NA	NA
2019-nCoV	28165	A	+G	259	130	25	6	0	20	0.0229885	261	0.148972	FALSE	NA	NA	NA	NA	NA	NA
2019-nCoV	28167	G	-A	213	128	24	2	0	20	0.00938967	213	0.693646	FALSE	NA	NA	NA	NA	NA	NA
2019-nCoV	28168	A	G	233	91	24	1	1	26	0.0042735	234	0.875002	FALSE	NA	NA	NA	NA	NA	NA
2019-nCoV	28169	A	G	220	127	24	1	0	26	0.00452489	221	0.876699	FALSE	NA	NA	NA	NA	NA	NA
2019-nCoV	28170	C	T	227	89	24	1	0	23	0.00438596	228	0.876647	FALSE	NA	NA	NA	NA	NA	NA
2019-nCoV	28172	T	-A	263	127	24	2	0	20	0.00760456	263	0.69248	FALSE	NA	NA	NA	NA	NA	NA
2019-nCoV	28172	T	+A	263	127	24	8	0	20	0.0304183	263	0.0591371	FALSE	NA	NA	NA	NA	NA	NA
2019-nCoV	28173	A	G	194	58	24	1	1	20	0.00512821	195	0.750643	FALSE	NA	NA	NA	NA	NA	NA
2019-nCoV	28175	A	+T	167	130	24	3	0	20	0.0179641	167	0.320384	FALSE	NA	NA	NA	NA	NA	NA
2019-nCoV	28175	A	+AT	167	130	24	4	0	20	0.0239521	167	0.195044	FALSE	NA	NA	NA	NA	NA	NA
2019-nCoV	28177	T	G	181	131	24	3	0	20	0.0163043	184	0.313523	FALSE	NA	NA	NA	NA	NA	NA
2019-nCoV	28177	T	+TG	181	131	24	2	0	20	0.0108696	184	0.5	FALSE	NA	NA	NA	NA	NA	NA
2019-nCoV	28177	T	+G	181	131	24	2	0	20	0.0108696	184	0.5	FALSE	NA	NA	NA	NA	NA	NA
2019-nCoV	28177	T	+C	181	131	24	1	0	20	0.00543478	184	0.749315	FALSE	NA	NA	NA	NA	NA	NA
2019-nCoV	28179	G	A	271	134	25	1	0	20	0.00367647	272	0.87638	FALSE	NA	NA	NA	NA	NA	NA
2019-nCoV	28181	T	+G	256	128	24	1	0	20	0.00390625	256	0.87719	FALSE	NA	NA	NA	NA	NA	NA
2019-nCoV	28181	T	+C	256	128	24	1	0	20	0.00390625	256	0.87719	FALSE	NA	NA	NA	NA	NA	NA
2019-nCoV	28184	T	+A	254	127	25	1	0	20	0.00393701	254	0.877207	FALSE	NA	NA	NA	NA	NA	NA
2019-nCoV	28185	C	+T	243	124	25	1	0	20	0.00411523	243	0.877307	FALSE	NA	NA	NA	NA	NA	NA
2019-nCoV	28188	G	+T	183	91	25	1	0	20	0.00546448	183	0.75341	FALSE	NA	NA	NA	NA	NA	NA
2019-nCoV	28192	T	C	181	91	25	2	1	21	0.010929	183	0.50206	FALSE	NA	NA	NA	NA	NA	NA
2019-nCoV	28192	T	+G	181	91	25	1	0	20	0.00546448	183	0.750689	FALSE	NA	NA	NA	NA	NA	NA
2019-nCoV	28194	C	G	193	93	25	1	0	20	0.00515464	194	0.751938	FALSE	NA	NA	NA	NA	NA	NA
2019-nCoV	28195	G	+T	187	88	25	1	0	20	0.00534759	187	0.753337	FALSE	NA	NA	NA	NA	NA	NA
2019-nCoV	28196	T	C	178	76	24	1	0	25	0.00558659	179	0.752101	FALSE	NA	NA	NA	NA	NA	NA
2019-nCoV	28197	T	C	164	89	24	1	1	23	0.00606061	165	0.75228	FALSE	NA	NA	NA	NA	NA	NA
2019-nCoV	28198	G	+T	189	90	25	1	0	20	0.00529101	189	0.753302	FALSE	NA	NA	NA	NA	NA	NA
2019-nCoV	28202	G	+T	188	95	25	1	0	20	0.00531915	188	0.753319	FALSE	NA	NA	NA	NA	NA	NA
2019-nCoV	28204	T	C	157	95	24	1	0	20	0.00632911	158	0.752381	FALSE	NA	NA	NA	NA	NA	NA
2019-nCoV	28205	C	T	194	93	25	1	1	20	0.00512821	195	0.751928	FALSE	NA	NA	NA	NA	NA	NA
2019-nCoV	28206	T	+A	194	92	25	1	0	20	0.00515464	194	0.753217	FALSE	NA	NA	NA	NA	NA	NA
2019-nCoV	28210	A	C	133	49	23	1	0	26	0.00746269	134	0.752809	FALSE	NA	NA	NA	NA	NA	NA
2019-nCoV	28213	A	+C	174	81	24	1	0	20	0.00574713	174	0.753586	FALSE	NA	NA	NA	NA	NA	NA
2019-nCoV	28214	C	A	161	77	23	1	1	27	0.00617284	162	0.752322	FALSE	NA	NA	NA	NA	NA	NA
2019-nCoV	28214	C	-T	161	77	23	48	0	20	0.296296	162	2.14265e-12	TRUE	NA	NA	NA	NA	NA	NA
2019-nCoV	28222	A	G	172	77	25	1	0	20	0.00578035	173	0.752174	FALSE	NA	NA	NA	NA	NA	NA
2019-nCoV	28223	G	+AC	170	77	25	1	0	20	0.00588235	170	0.75367	FALSE	NA	NA	NA	NA	NA	NA
2019-nCoV	28227	C	T	169	75	25	1	1	24	0.00588235	170	0.752212	FALSE	NA	NA	NA	NA	NA	NA
2019-nCoV	28228	A	+T	169	72	25	1	0	20	0.00591716	169	0.753692	FALSE	NA	NA	NA	NA	NA	NA
2019-nCoV	28229	T	-G	169	75	25	1	0	20	0.00591716	169	0.753692	FALSE	NA	NA	NA	NA	NA	NA
2019-nCoV	28229	T	+G	169	75	25	1	0	20	0.00591716	169	0.753692	FALSE	NA	NA	NA	NA	NA	NA
2019-nCoV	28231	A	-C	158	63	25	4	0	20	0.0253165	158	0.195477	FALSE	NA	NA	NA	NA	NA	NA
2019-nCoV	28232	C	G	150	55	25	2	2	22	0.0131579	152	0.495082	FALSE	NA	NA	NA	NA	NA	NA
2019-nCoV	28233	G	-T	148	58	25	1	0	20	0.00675676	148	0.754214	FALSE	NA	NA	NA	NA	NA	NA
2019-nCoV	28233	G	+T	148	58	25	4	0	20	0.027027	148	0.19602	FALSE	NA	NA	NA	NA	NA	NA
2019-nCoV	28233	G	+A	148	58	25	1	0	20	0.00675676	148	0.754214	FALSE	NA	NA	NA	NA	NA	NA
2019-nCoV	28235	T	C	133	70	23	1	0	22	0.00746269	134	0.752809	FALSE	NA	NA	NA	NA	NA	NA
2019-nCoV	28237	G	+T	159	70	25	1	0	20	0.00628931	159	0.753923	FALSE	NA	NA	NA	NA	NA	NA
2019-nCoV	28238	T	C	165	72	25	1	1	22	0.0060241	166	0.752266	FALSE	NA	NA	NA	NA	NA	NA
2019-nCoV	28239	G	+T	169	74	25	1	0	20	0.00591716	169	0.753692	FALSE	NA	NA	NA	NA	NA	NA
2019-nCoV	28242	G	-T	205	93	24	21	0	20	0.102439	205	5.89181e-5	TRUE	NA	NA	NA	NA	NA	NA
2019-nCoV	28242	G	+T	205	93	24	1	0	20	0.00487805	205	0.877733	FALSE	NA	NA	NA	NA	NA	NA
2019-nCoV	28246	T	+A	116	102	24	1	0	20	0.00862069	116	0.755374	FALSE	NA	NA	NA	NA	NA	NA
2019-nCoV	28249	A	G	203	97	23	1	1	23	0.00490196	204	0.87684	FALSE	NA	NA	NA	NA	NA	NA
2019-nCoV	28249	A	-T	203	97	23	4	0	20	0.0196078	204	0.351832	FALSE	NA	NA	NA	NA	NA	NA
2019-nCoV	28249	A	+T	203	97	23	5	0	20	0.0245098	204	0.234674	FALSE	NA	NA	NA	NA	NA	NA
2019-nCoV	28251	T	C	211	102	24	2	2	25	0.00938967	213	0.690154	FALSE	NA	NA	NA	NA	NA	NA
2019-nCoV	28255	T	C	223	105	25	1	0	25	0.00446429	224	0.876676	FALSE	NA	NA	NA	NA	NA	NA
2019-nCoV	28256	C	+T	220	102	25	1	0	20	0.00454545	220	0.877547	FALSE	NA	NA	NA	NA	NA	NA
2019-nCoV	28257	T	+A	217	101	25	6	0	20	0.0276498	217	0.152965	FALSE	NA	NA	NA	NA	NA	NA
2019-nCoV	28264	A	G	202	112	24	1	1	21	0.00492611	203	0.87685	FALSE	NA	NA	NA	NA	NA	NA
2019-nCoV	28264	A	+C	202	112	24	1	0	20	0.00492611	203	0.87685	FALSE	NA	NA	NA	NA	NA	NA
2019-nCoV	28265	C	+A	215	101	24	17	0	20	0.0790698	215	5.29913e-4	TRUE	NA	NA	NA	NA	NA	NA
2019-nCoV	28266	A	G	177	59	24	1	1	24	0.00561798	178	0.752113	FALSE	NA	NA	NA	NA	NA	NA
2019-nCoV	28268	A	+AC	167	102	23	3	0	20	0.0179641	167	0.320384	FALSE	NA	NA	NA	NA	NA	NA
2019-nCoV	28269	C	T	206	98	25	1	1	21	0.00483092	207	0.876814	FALSE	NA	NA	NA	NA	NA	NA
2019-nCoV	28269	C	+T	206	98	25	14	0	20	0.0676329	207	0.00266913	TRUE	NA	NA	NA	NA	NA	NA
2019-nCoV	28270	T	-A	196	83	24	2	0	20	0.0102041	196	0.50574	FALSE	NA	NA	NA	NA	NA	NA
2019-nCoV	28271	A	T	1	0	20	156	89	24	0.993631	157	1.64161e-89	TRUE	NA	NA	NA	NA	NA	NA
2019-nCoV	28272	A	T	169	55	24	1	1	20	0.00588235	170	0.752212	FALSE	NA	NA	NA	NA	NA	NA
2019-nCoV	28275	T	C	213	102	24	1	0	27	0.0046729	214	0.876754	FALSE	NA	NA	NA	NA	NA	NA
2019-nCoV	28276	G	+T	220	108	25	2	0	20	0.00909091	220	0.693451	FALSE	NA	NA	NA	NA	NA	NA
2019-nCoV	28277	T	C	225	111	25	1	1	21	0.00442478	226	0.876661	FALSE	NA	NA	NA	NA	NA	NA
2019-nCoV	28277	T	+C	225	111	25	1	0	20	0.00442478	226	0.876661	FALSE	NA	NA	NA	NA	NA	NA
2019-nCoV	28280	G	+A	221	110	25	1	0	20	0.00452489	221	0.877536	FALSE	NA	NA	NA	NA	NA	NA
2019-nCoV	28282	T	-A	226	116	24	1	0	20	0.00442478	226	0.87748	FALSE	NA	NA	NA	NA	NA	NA
2019-nCoV	28282	T	+G	226	116	24	1	0	20	0.00442478	226	0.87748	FALSE	NA	NA	NA	NA	NA	NA
2019-nCoV	28282	T	+A	226	116	24	3	0	20	0.0132743	226	0.508296	FALSE	NA	NA	NA	NA	NA	NA
2019-nCoV	28284	A	-T	196	112	23	2	0	20	0.0102041	196	0.50574	FALSE	NA	NA	NA	NA	NA	NA
2019-nCoV	28285	T	+G	220	109	24	4	0	20	0.0180995	221	0.351207	FALSE	NA	NA	NA	NA	NA	NA
2019-nCoV	28285	T	+C	220	109	24	1	0	20	0.00452489	221	0.876699	FALSE	NA	NA	NA	NA	NA	NA
2019-nCoV	28286	G	T	173	60	24	2	1	24	0.0114286	175	0.502155	FALSE	NA	NA	NA	NA	NA	NA
2019-nCoV	28288	A	-C	225	110	23	9	0	20	0.04	225	0.0366155	FALSE	NA	NA	NA	NA	NA	NA
2019-nCoV	28288	A	+C	225	110	23	1	0	20	0.00444444	225	0.877491	FALSE	NA	NA	NA	NA	NA	NA
2019-nCoV	28291	C	-CA	237	119	24	5	0	20	0.021097	237	0.235281	FALSE	NA	NA	NA	NA	NA	NA
2019-nCoV	28292	C	-A	119	112	23	6	0	20	0.0504202	119	0.069602	FALSE	NA	NA	NA	NA	NA	NA
2019-nCoV	28292	C	+G	119	112	23	1	0	20	0.00840336	119	0.755239	FALSE	NA	NA	NA	NA	NA	NA
2019-nCoV	28292	C	+CA	119	112	23	1	0	20	0.00840336	119	0.755239	FALSE	NA	NA	NA	NA	NA	NA
2019-nCoV	28293	A	G	120	13	23	1	1	20	0.00826446	121	0.738768	FALSE	NA	NA	NA	NA	NA	NA
2019-nCoV	28294	A	G	224	110	24	1	1	27	0.00444444	225	0.876669	FALSE	NA	NA	NA	NA	NA	NA
2019-nCoV	28296	A	T	130	123	23	1	1	24	0.00763359	131	0.752874	FALSE	NA	NA	NA	NA	NA	NA
2019-nCoV	28296	A	+G	130	123	23	1	0	20	0.00763359	131	0.752874	FALSE	NA	NA	NA	NA	NA	NA
2019-nCoV	28297	T	C	225	117	23	1	1	20	0.00442478	226	0.876661	FALSE	NA	NA	NA	NA	NA	NA
2019-nCoV	28298	C	+T	234	118	24	1	0	20	0.0042735	234	0.877395	FALSE	NA	NA	NA	NA	NA	NA
2019-nCoV	28299	A	G	221	114	24	2	0	25	0.00896861	223	0.690035	FALSE	NA	NA	NA	NA	NA	NA
2019-nCoV	28300	G	+C	222	115	24	1	0	20	0.0045045	222	0.877524	FALSE	NA	NA	NA	NA	NA	NA
2019-nCoV	28301	C	+G	225	113	25	2	0	20	0.00888889	225	0.693319	FALSE	NA	NA	NA	NA	NA	NA
2019-nCoV	28302	G	-A	227	114	24	1	0	20	0.00440529	227	0.877469	FALSE	NA	NA	NA	NA	NA	NA
2019-nCoV	28302	G	+A	227	114	24	4	0	20	0.0176211	227	0.353074	FALSE	NA	NA	NA	NA	NA	NA
2019-nCoV	28304	A	+G	234	118	26	1	0	20	0.0042735	234	0.877395	FALSE	NA	NA	NA	NA	NA	NA
2019-nCoV	28305	A	G	175	113	24	1	1	26	0.00568182	176	0.75213699999999994	FALSE	NA	NA	NA	NA	NA	NA
2019-nCoV	28305	A	-T	175	113	24	1	0	20	0.00568182	176	0.75213699999999994	FALSE	NA	NA	NA	NA	NA	NA
2019-nCoV	28309	A	G	220	113	25	3	1	27	0.0134529	223	0.502116	FALSE	NA	NA	NA	NA	NA	NA
2019-nCoV	28309	A	-C	220	113	25	1	0	20	0.0044843	223	0.875002	FALSE	NA	NA	NA	NA	NA	NA
2019-nCoV	28309	A	+C	220	113	25	1	0	20	0.0044843	223	0.875002	FALSE	NA	NA	NA	NA	NA	NA
2019-nCoV	28310	C	+T	223	112	25	2	0	20	0.00896861	223	0.693371	FALSE	NA	NA	NA	NA	NA	NA
2019-nCoV	28311	C	T	1	1	20	220	113	25	0.995475	221	2.4944e-125	TRUE	NA	NA	NA	NA	NA	NA
2019-nCoV	28314	G	A	220	112	25	1	0	24	0.00452489	221	0.876699	FALSE	NA	NA	NA	NA	NA	NA
2019-nCoV	28314	G	-C	220	112	25	1	0	20	0.00452489	221	0.876699	FALSE	NA	NA	NA	NA	NA	NA
2019-nCoV	28315	C	T	220	113	25	1	0	22	0.00452489	221	0.87585	FALSE	NA	NA	NA	NA	NA	NA
2019-nCoV	28316	A	G	230	122	25	1	1	27	0.004329	231	0.876625	FALSE	NA	NA	NA	NA	NA	NA
2019-nCoV	28316	A	+T	230	122	25	2	0	20	0.00865801	231	0.691563	FALSE	NA	NA	NA	NA	NA	NA
2019-nCoV	28318	T	-A	211	123	23	1	0	20	0.00473934	211	0.877655	FALSE	NA	NA	NA	NA	NA	NA
2019-nCoV	28318	T	+G	211	123	23	1	0	20	0.00473934	211	0.877655	FALSE	NA	NA	NA	NA	NA	NA
2019-nCoV	28319	A	-C	225	117	24	1	0	20	0.00442478	226	0.876661	FALSE	NA	NA	NA	NA	NA	NA
2019-nCoV	28319	A	+G	225	117	24	2	0	20	0.00884956	226	0.691653	FALSE	NA	NA	NA	NA	NA	NA
2019-nCoV	28320	C	+T	230	122	24	1	0	20	0.004329	231	0.876625	FALSE	NA	NA	NA	NA	NA	NA
2019-nCoV	28321	G	-T	225	118	24	3	0	20	0.0133333	225	0.508333	FALSE	NA	NA	NA	NA	NA	NA
2019-nCoV	28321	G	+T	225	118	24	9	0	20	0.04	225	0.0366155	FALSE	NA	NA	NA	NA	NA	NA
2019-nCoV	28324	T	+TG	161	113	23	1	0	20	0.00621118	161	0.753875	FALSE	NA	NA	NA	NA	NA	NA
2019-nCoV	28327	T	+G	214	113	24	2	0	20	0.00934579	214	0.693618	FALSE	NA	NA	NA	NA	NA	NA
2019-nCoV	28327	T	+C	214	113	24	1	0	20	0.0046729	214	0.877618	FALSE	NA	NA	NA	NA	NA	NA
2019-nCoV	28329	G	A	175	113	23	2	0	27	0.0112994	177	0.502131	FALSE	NA	NA	NA	NA	NA	NA
2019-nCoV	28330	A	G	198	93	24	3	2	22	0.0149254	201	0.50235	FALSE	NA	NA	NA	NA	NA	NA
2019-nCoV	28330	A	-C	198	93	24	6	0	20	0.0298507	201	0.148652	FALSE	NA	NA	NA	NA	NA	NA
2019-nCoV	28330	A	+C	198	93	24	3	0	20	0.0149254	201	0.50235	FALSE	NA	NA	NA	NA	NA	NA
2019-nCoV	28331	C	A	136	28	24	2	2	24	0.0144928	138	0.489248	FALSE	NA	NA	NA	NA	NA	NA
2019-nCoV	28343	A	G	37	24	24	1	1	23	0.0263158	38	0.506667	FALSE	NA	NA	NA	NA	NA	NA
2019-nCoV	28344	C	T	44	24	24	1	0	26	0.0222222	45	0.505618	FALSE	NA	NA	NA	NA	NA	NA
2019-nCoV	28356	A	G	44	24	24	1	0	28	0.0222222	45	0.505618	FALSE	NA	NA	NA	NA	NA	NA
2019-nCoV	28359	A	-TGGAGAACGC	37	24	24	1	0	20	0.027027	37	0.513514	FALSE	NA	NA	NA	NA	NA	NA
2019-nCoV	28361	G	-GAGAACGCA	36	15	24	29	0	20	0.805556	36	2.02048e-7	TRUE	NA	NA	NA	NA	NA	NA
2019-nCoV	28363	A	T	0	0	0	4	1	22	0.8	5	9.87459e-6	TRUE	NA	NA	NA	NA	NA	NA
2019-nCoV	28363	A	C	0	0	0	1	0	23	0.2	5	0.0263158	FALSE	NA	NA	NA	NA	NA	NA
2019-nCoV	28364	G	-AACGCAGTGG	5	0	23	4	0	20	0.105263	38	7.7213e-4	TRUE	NA	NA	NA	NA	NA	NA
2019-nCoV	28364	G	-AACGCAGTG	5	0	23	1	0	20	0.0263158	38	0.139535	FALSE	NA	NA	NA	NA	NA	NA
2019-nCoV	28376	G	A	34	34	24	1	1	25	0.0285714	35	0.507246	FALSE	NA	NA	NA	NA	NA	NA
2019-nCoV	28377	C	+G	72	35	23	1	0	20	0.0138889	72	0.506944	FALSE	NA	NA	NA	NA	NA	NA
2019-nCoV	28380	G	-A	71	35	24	4	0	20	0.056338	71	0.0688008	FALSE	NA	NA	NA	NA	NA	NA
2019-nCoV	28383	C	-A	69	34	23	3	0	20	0.0434783	69	0.13325	FALSE	NA	NA	NA	NA	NA	NA
2019-nCoV	28388	C	-A	70	35	23	1	0	20	0.0142857	70	0.507143	FALSE	NA	NA	NA	NA	NA	NA
2019-nCoV	28395	G	T	63	27	23	1	1	21	0.015625	64	0.503937	FALSE	NA	NA	NA	NA	NA	NA
2019-nCoV	28396	G	-C	55	37	22	3	0	20	0.0545455	55	0.135381	FALSE	NA	NA	NA	NA	NA	NA
2019-nCoV	28397	C	T	34	3	24	1	1	20	0.0285714	35	0.507246	FALSE	NA	NA	NA	NA	NA	NA
2019-nCoV	28404	G	+A	54	42	23	1	0	20	0.0185185	54	0.509259	FALSE	NA	NA	NA	NA	NA	NA
2019-nCoV	28411	C	-A	51	35	23	1	0	20	0.0196078	51	0.509804	FALSE	NA	NA	NA	NA	NA	NA
2019-nCoV	28411	C	+A	51	35	23	1	0	20	0.0196078	51	0.509804	FALSE	NA	NA	NA	NA	NA	NA
2019-nCoV	28412	A	C	56	18	24	1	1	20	0.0175439	57	0.5	FALSE	NA	NA	NA	NA	NA	NA
2019-nCoV	28419	C	-T	70	33	25	1	0	20	0.0142857	70	0.507143	FALSE	NA	NA	NA	NA	NA	NA
2019-nCoV	28419	C	+G	70	33	25	1	0	20	0.0142857	70	0.507143	FALSE	NA	NA	NA	NA	NA	NA
2019-nCoV	28420	T	+G	72	36	24	2	0	20	0.0273973	73	0.255172	FALSE	NA	NA	NA	NA	NA	NA
2019-nCoV	28426	T	C	57	21	24	1	0	21	0.0172414	58	0.504348	FALSE	NA	NA	NA	NA	NA	NA
2019-nCoV	28429	G	+T	69	39	23	1	0	20	0.0144928	69	0.507246	FALSE	NA	NA	NA	NA	NA	NA
2019-nCoV	28436	G	A	81	41	24	1	1	26	0.0121951	82	0.503067	FALSE	NA	NA	NA	NA	NA	NA
2019-nCoV	28438	T	C	79	40	25	1	0	28	0.0125	80	0.503145	FALSE	NA	NA	NA	NA	NA	NA
2019-nCoV	28441	C	+G	73	36	24	1	0	20	0.0136986	73	0.506849	FALSE	NA	NA	NA	NA	NA	NA
2019-nCoV	28447	A	G	62	38	23	1	1	25	0.015873	63	0.504	FALSE	NA	NA	NA	NA	NA	NA
2019-nCoV	28452	G	+C	63	38	24	1	0	20	0.015873	63	0.507937	FALSE	NA	NA	NA	NA	NA	NA
2019-nCoV	28453	C	+A	72	37	25	1	0	20	0.0138889	72	0.506944	FALSE	NA	NA	NA	NA	NA	NA
2019-nCoV	28455	A	G	62	38	24	1	1	21	0.015873	63	0.504	FALSE	NA	NA	NA	NA	NA	NA
2019-nCoV	28460	G	-A	72	34	24	1	0	20	0.0138889	72	0.506944	FALSE	NA	NA	NA	NA	NA	NA
2019-nCoV	28481	C	+A	33	13	24	1	0	20	0.030303	33	0.515152	FALSE	NA	NA	NA	NA	NA	NA
2019-nCoV	28487	G	-T	28	12	24	1	0	20	0.0357143	28	0.517857	FALSE	NA	NA	NA	NA	NA	NA
2019-nCoV	28507	C	+A	28	11	24	1	0	20	0.0357143	28	0.517857	FALSE	NA	NA	NA	NA	NA	NA
2019-nCoV	28515	A	T	107	46	25	1	0	31	0.00925926	108	0.502326	FALSE	NA	NA	NA	NA	NA	NA
2019-nCoV	28517	G	-A	96	38	24	5	0	20	0.0520833	96	0.0345942	FALSE	NA	NA	NA	NA	NA	NA
2019-nCoV	28520	C	-A	92	53	24	1	0	20	0.0108696	92	0.505435	FALSE	NA	NA	NA	NA	NA	NA
2019-nCoV	28520	C	+A	92	53	24	1	0	20	0.0108696	92	0.505435	FALSE	NA	NA	NA	NA	NA	NA
2019-nCoV	28530	A	+C	120	62	25	1	0	20	0.00833333	120	0.755195	FALSE	NA	NA	NA	NA	NA	NA
2019-nCoV	28532	T	C	129	65	25	1	1	24	0.00769231	130	0.752896	FALSE	NA	NA	NA	NA	NA	NA
2019-nCoV	28540	A	G	122	64	25	2	2	28	0.016129	124	0.503049	FALSE	NA	NA	NA	NA	NA	NA
2019-nCoV	28542	C	+T	123	64	25	1	0	20	0.00813008	123	0.755069	FALSE	NA	NA	NA	NA	NA	NA
2019-nCoV	28544	A	-C	103	63	25	1	0	20	0.00970874	103	0.75605	FALSE	NA	NA	NA	NA	NA	NA
2019-nCoV	28547	A	T	101	65	25	1	0	20	0.00980392	102	0.753695	FALSE	NA	NA	NA	NA	NA	NA
2019-nCoV	28548	G	-A	78	64	25	2	0	20	0.025641	78	0.258043	FALSE	NA	NA	NA	NA	NA	NA
2019-nCoV	28550	C	T	70	66	25	1	1	28	0.0140845	71	0.503546	FALSE	NA	NA	NA	NA	NA	NA
2019-nCoV	28551	G	A	69	66	25	2	0	23	0.028169	71	0.248227	FALSE	NA	NA	NA	NA	NA	NA
2019-nCoV	28551	G	-AAT	69	66	25	2	0	20	0.0277778	72	0.248227	FALSE	NA	NA	NA	NA	NA	NA
2019-nCoV	28557	G	A	66	65	25	1	0	22	0.0149254	67	0.503759	FALSE	NA	NA	NA	NA	NA	NA
2019-nCoV	28564	T	+G	73	68	25	1	0	20	0.0136986	73	0.506849	FALSE	NA	NA	NA	NA	NA	NA
2019-nCoV	28566	A	-C	66	62	24	2	0	20	0.030303	66	0.259512	FALSE	NA	NA	NA	NA	NA	NA
2019-nCoV	28567	C	A	63	59	24	1	0	20	0.015625	64	0.496124	FALSE	NA	NA	NA	NA	NA	NA
2019-nCoV	28569	G	-T	68	66	25	1	0	20	0.0147059	68	0.507353	FALSE	NA	NA	NA	NA	NA	NA
2019-nCoV	28570	T	C	71	63	23	1	1	27	0.0138889	72	0.5	FALSE	NA	NA	NA	NA	NA	NA
2019-nCoV	28570	T	-A	71	63	23	5	0	20	0.0684932	73	0.0334272	FALSE	NA	NA	NA	NA	NA	NA
2019-nCoV	28570	T	+A	71	63	23	1	0	20	0.0136986	73	0.5	FALSE	NA	NA	NA	NA	NA	NA
2019-nCoV	28574	A	T	67	67	24	3	0	22	0.0416667	72	0.1197	FALSE	NA	NA	NA	NA	NA	NA
2019-nCoV	28574	A	G	67	67	24	2	0	21	0.0277778	72	0.24111	FALSE	NA	NA	NA	NA	NA	NA
2019-nCoV	28575	T	A	71	66	24	3	0	23	0.0405405	74	0.124982	FALSE	NA	NA	NA	NA	NA	NA
2019-nCoV	28575	T	+A	71	66	24	1	0	20	0.0135135	74	0.496552	FALSE	NA	NA	NA	NA	NA	NA
2019-nCoV	28576	G	+A	75	67	24	3	0	20	0.04	75	0.132583	FALSE	NA	NA	NA	NA	NA	NA
2019-nCoV	28580	G	+A	73	68	25	1	0	20	0.0136986	73	0.506849	FALSE	NA	NA	NA	NA	NA	NA
2019-nCoV	28581	A	G	72	67	25	2	0	20	0.027027	74	0.251701	FALSE	NA	NA	NA	NA	NA	NA
2019-nCoV	28584	T	C	69	61	25	1	1	20	0.0140845	71	0.5	FALSE	NA	NA	NA	NA	NA	NA
2019-nCoV	28584	T	A	69	61	25	1	1	24	0.0140845	71	0.5	FALSE	NA	NA	NA	NA	NA	NA
2019-nCoV	28586	A	G	72	64	24	1	1	21	0.0136986	73	0.503448	FALSE	NA	NA	NA	NA	NA	NA
2019-nCoV	28588	T	+C	70	63	24	1	0	20	0.0142857	70	0.507143	FALSE	NA	NA	NA	NA	NA	NA
2019-nCoV	28590	C	+A	67	65	24	1	0	20	0.0149254	67	0.507463	FALSE	NA	NA	NA	NA	NA	NA
2019-nCoV	28598	T	C	61	57	24	1	1	28	0.016129	62	0.504065	FALSE	NA	NA	NA	NA	NA	NA
2019-nCoV	28599	A	-T	61	57	23	1	0	20	0.0163934	61	0.508197	FALSE	NA	NA	NA	NA	NA	NA
2019-nCoV	28604	T	C	67	60	25	2	2	24	0.0289855	69	0.251825	FALSE	NA	NA	NA	NA	NA	NA
2019-nCoV	28606	C	T	70	63	25	2	2	22	0.0277778	72	0.251748	FALSE	NA	NA	NA	NA	NA	NA
2019-nCoV	28606	C	+T	70	63	25	1	0	20	0.0138889	72	0.5	FALSE	NA	NA	NA	NA	NA	NA
2019-nCoV	28608	A	G	61	54	25	1	1	28	0.016129	62	0.504065	FALSE	NA	NA	NA	NA	NA	NA
2019-nCoV	28612	A	-G	57	53	25	1	0	20	0.0175439	57	0.508772	FALSE	NA	NA	NA	NA	NA	NA
2019-nCoV	28623	C	+G	55	52	26	1	0	20	0.0181818	55	0.509091	FALSE	NA	NA	NA	NA	NA	NA
2019-nCoV	28625	G	-A	54	49	25	1	0	20	0.0185185	54	0.509259	FALSE	NA	NA	NA	NA	NA	NA
2019-nCoV	28626	A	G	45	39	22	1	1	29	0.0217391	46	0.5	FALSE	NA	NA	NA	NA	NA	NA
2019-nCoV	28628	G	-C	56	51	25	1	0	20	0.0178571	56	0.508929	FALSE	NA	NA	NA	NA	NA	NA
2019-nCoV	28630	T	C	55	50	26	1	1	27	0.0178571	56	0.504505	FALSE	NA	NA	NA	NA	NA	NA
2019-nCoV	28640	T	C	57	52	25	1	1	21	0.0172414	58	0.504348	FALSE	NA	NA	NA	NA	NA	NA
2019-nCoV	28642	T	+G	153	79	24	3	0	20	0.0196078	153	0.321108	FALSE	NA	NA	NA	NA	NA	NA
2019-nCoV	28642	T	+C	153	79	24	1	0	20	0.00653595	153	0.754077	FALSE	NA	NA	NA	NA	NA	NA
2019-nCoV	28647	C	T	156	79	25	1	0	25	0.00636943	157	0.752396	FALSE	NA	NA	NA	NA	NA	NA
2019-nCoV	28648	T	+A	149	79	25	1	0	20	0.00671141	149	0.754186	FALSE	NA	NA	NA	NA	NA	NA
2019-nCoV	28649	A	G	139	64	23	2	1	22	0.0141844	141	0.502679	FALSE	NA	NA	NA	NA	NA	NA
2019-nCoV	28651	C	-A	145	73	24	12	0	20	0.0827586	145	0.00229653	TRUE	NA	NA	NA	NA	NA	NA
2019-nCoV	28651	C	+T	145	73	24	1	0	20	0.00689655	145	0.754301	FALSE	NA	NA	NA	NA	NA	NA
2019-nCoV	28651	C	+A	145	73	24	2	0	20	0.0137931	145	0.507758	FALSE	NA	NA	NA	NA	NA	NA
2019-nCoV	28654	A	G	90	75	24	2	2	23	0.0215054	93	0.248634	FALSE	NA	NA	NA	NA	NA	NA
2019-nCoV	28654	A	C	90	75	24	1	0	24	0.0107527	93	0.497268	FALSE	NA	NA	NA	NA	NA	NA
2019-nCoV	28655	G	+C	143	72	23	2	0	20	0.013986	143	0.507867	FALSE	NA	NA	NA	NA	NA	NA
2019-nCoV	28659	G	A	133	83	24	1	1	28	0.00746269	134	0.752809	FALSE	NA	NA	NA	NA	NA	NA
2019-nCoV	28661	A	+G	155	75	24	1	0	20	0.00645161	155	0.754024	FALSE	NA	NA	NA	NA	NA	NA
2019-nCoV	28662	T	+G	155	73	24	1	0	20	0.00645161	155	0.754024	FALSE	NA	NA	NA	NA	NA	NA
2019-nCoV	28663	C	+G	151	73	24	1	0	20	0.00662252	151	0.754131	FALSE	NA	NA	NA	NA	NA	NA
2019-nCoV	28663	C	+A	151	73	24	1	0	20	0.00662252	151	0.754131	FALSE	NA	NA	NA	NA	NA	NA
2019-nCoV	28665	T	+A	156	76	24	1	0	20	0.00641026	156	0.753999	FALSE	NA	NA	NA	NA	NA	NA
2019-nCoV	28666	A	C	151	72	24	1	0	20	0.00657895	152	0.752475	FALSE	NA	NA	NA	NA	NA	NA
2019-nCoV	28666	A	-T	151	72	24	1	0	20	0.00657895	152	0.752475	FALSE	NA	NA	NA	NA	NA	NA
2019-nCoV	28667	T	+G	153	72	24	3	0	20	0.0194805	154	0.318617	FALSE	NA	NA	NA	NA	NA	NA
2019-nCoV	28669	G	T	165	84	25	1	1	22	0.0060241	166	0.752266	FALSE	NA	NA	NA	NA	NA	NA
2019-nCoV	28670	G	+GT	105	81	24	1	0	20	0.00952381	105	0.755935	FALSE	NA	NA	NA	NA	NA	NA
2019-nCoV	28672	T	+G	129	81	23	2	0	20	0.0155039	129	0.508721	FALSE	NA	NA	NA	NA	NA	NA
2019-nCoV	28673	G	+C	156	76	24	1	0	20	0.00641026	156	0.753999	FALSE	NA	NA	NA	NA	NA	NA
2019-nCoV	28674	C	+G	147	72	24	1	0	20	0.00680272	147	0.754243	FALSE	NA	NA	NA	NA	NA	NA
2019-nCoV	28674	C	+CA	147	72	24	1	0	20	0.00680272	147	0.754243	FALSE	NA	NA	NA	NA	NA	NA
2019-nCoV	28674	C	+A	147	72	24	2	0	20	0.0136054	147	0.507653	FALSE	NA	NA	NA	NA	NA	NA
2019-nCoV	28675	A	G	122	46	23	1	0	23	0.00813008	123	0.753061	FALSE	NA	NA	NA	NA	NA	NA
2019-nCoV	28676	A	+AC	132	83	24	1	0	20	0.00757576	132	0.754724	FALSE	NA	NA	NA	NA	NA	NA
2019-nCoV	28678	T	+C	150	80	24	1	0	20	0.00666667	150	0.754158	FALSE	NA	NA	NA	NA	NA	NA
2019-nCoV	28680	A	-G	157	88	24	1	0	20	0.00636943	157	0.753973	FALSE	NA	NA	NA	NA	NA	NA
2019-nCoV	28680	A	+G	157	88	24	2	0	20	0.0127389	157	0.507165	FALSE	NA	NA	NA	NA	NA	NA
2019-nCoV	28684	A	+G	166	88	24	1	0	20	0.0060241	166	0.753758	FALSE	NA	NA	NA	NA	NA	NA
2019-nCoV	28684	A	+C	166	88	24	1	0	20	0.0060241	166	0.753758	FALSE	NA	NA	NA	NA	NA	NA
2019-nCoV	28687	C	+T	137	88	23	1	0	20	0.00729927	137	0.754552	FALSE	NA	NA	NA	NA	NA	NA
2019-nCoV	28690	G	-A	151	87	24	1	0	20	0.00662252	151	0.754131	FALSE	NA	NA	NA	NA	NA	NA
2019-nCoV	28692	A	+T	130	89	24	1	0	20	0.00769231	130	0.754797	FALSE	NA	NA	NA	NA	NA	NA
2019-nCoV	28693	T	+A	149	86	24	1	0	20	0.00671141	149	0.754186	FALSE	NA	NA	NA	NA	NA	NA
2019-nCoV	28694	A	G	154	89	24	1	1	23	0.00645161	155	0.752427	FALSE	NA	NA	NA	NA	NA	NA
2019-nCoV	28694	A	+C	154	89	24	3	0	20	0.0193548	155	0.318578	FALSE	NA	NA	NA	NA	NA	NA
2019-nCoV	28695	C	+A	153	89	24	1	0	20	0.00653595	153	0.754077	FALSE	NA	NA	NA	NA	NA	NA
2019-nCoV	28696	A	G	162	90	24	1	1	20	0.00613497	163	0.752308	FALSE	NA	NA	NA	NA	NA	NA
2019-nCoV	28698	C	-A	120	89	23	10	0	20	0.0833333	120	0.00757608	TRUE	NA	NA	NA	NA	NA	NA
2019-nCoV	28702	A	+G	96	87	23	1	0	20	0.0104167	96	0.505208	FALSE	NA	NA	NA	NA	NA	NA
2019-nCoV	28704	A	+T	159	92	24	1	0	20	0.00628931	159	0.753923	FALSE	NA	NA	NA	NA	NA	NA
2019-nCoV	28704	A	+C	159	92	24	1	0	20	0.00628931	159	0.753923	FALSE	NA	NA	NA	NA	NA	NA
2019-nCoV	28705	T	+C	154	89	24	2	0	20	0.012987	154	0.507305	FALSE	NA	NA	NA	NA	NA	NA
2019-nCoV	28707	A	+C	147	83	24	1	0	20	0.00680272	147	0.754243	FALSE	NA	NA	NA	NA	NA	NA
2019-nCoV	28709	A	+T	144	83	24	4	0	20	0.0277778	144	0.196259	FALSE	NA	NA	NA	NA	NA	NA
2019-nCoV	28713	G	-C	136	91	24	1	0	20	0.00735294	136	0.754585	FALSE	NA	NA	NA	NA	NA	NA
2019-nCoV	28714	C	T	145	86	25	3	3	29	0.0202703	148	0.311222	FALSE	NA	NA	NA	NA	NA	NA
2019-nCoV	28714	C	+G	145	86	25	1	0	20	0.00671141	149	0.74744	FALSE	NA	NA	NA	NA	NA	NA
2019-nCoV	28714	C	+A	145	86	25	1	0	20	0.00671141	149	0.74744	FALSE	NA	NA	NA	NA	NA	NA
2019-nCoV	28715	A	G	145	83	24	2	2	22	0.0136054	147	0.502569	FALSE	NA	NA	NA	NA	NA	NA
2019-nCoV	28715	A	+G	145	83	24	1	0	20	0.00680272	147	0.750859	FALSE	NA	NA	NA	NA	NA	NA
2019-nCoV	28715	A	+C	145	83	24	3	0	20	0.0204082	147	0.316351	FALSE	NA	NA	NA	NA	NA	NA
2019-nCoV	28716	C	T	100	38	23	1	0	27	0.00990099	101	0.753731	FALSE	NA	NA	NA	NA	NA	NA
2019-nCoV	28718	C	+G	114	91	24	2	0	20	0.0175439	114	0.509868	FALSE	NA	NA	NA	NA	NA	NA
2019-nCoV	28720	C	+A	146	87	25	2	0	20	0.0136986	146	0.507705	FALSE	NA	NA	NA	NA	NA	NA
2019-nCoV	28722	A	G	140	93	24	1	0	25	0.0070922	141	0.752669	FALSE	NA	NA	NA	NA	NA	NA
2019-nCoV	28722	A	+T	140	93	24	1	0	20	0.0070922	141	0.752669	FALSE	NA	NA	NA	NA	NA	NA
2019-nCoV	28723	T	C	156	93	25	1	0	28	0.00636943	157	0.752396	FALSE	NA	NA	NA	NA	NA	NA
2019-nCoV	28723	T	+C	156	93	25	1	0	20	0.00636943	157	0.752396	FALSE	NA	NA	NA	NA	NA	NA
2019-nCoV	28723	T	+A	156	93	25	1	0	20	0.00636943	157	0.752396	FALSE	NA	NA	NA	NA	NA	NA
2019-nCoV	28728	C	T	153	90	25	1	0	25	0.00649351	154	0.752443	FALSE	NA	NA	NA	NA	NA	NA
2019-nCoV	28729	T	-A	149	87	24	1	0	20	0.00671141	149	0.754186	FALSE	NA	NA	NA	NA	NA	NA
2019-nCoV	28729	T	+C	149	87	24	1	0	20	0.00671141	149	0.754186	FALSE	NA	NA	NA	NA	NA	NA
2019-nCoV	28729	T	+A	149	87	24	2	0	20	0.0134228	149	0.50755	FALSE	NA	NA	NA	NA	NA	NA
2019-nCoV	28730	A	G	133	71	23	1	1	26	0.00746269	134	0.750936	FALSE	NA	NA	NA	NA	NA	NA
2019-nCoV	28732	C	-A	142	83	25	1	0	20	0.00704225	142	0.754392	FALSE	NA	NA	NA	NA	NA	NA
2019-nCoV	28732	C	+A	142	83	25	3	0	20	0.0211268	142	0.321777	FALSE	NA	NA	NA	NA	NA	NA
2019-nCoV	28740	C	+A	92	32	25	1	0	20	0.0108696	92	0.505435	FALSE	NA	NA	NA	NA	NA	NA
2019-nCoV	28743	T	C	89	31	25	1	0	26	0.0111111	90	0.502793	FALSE	NA	NA	NA	NA	NA	NA
2019-nCoV	28749	T	-A	91	31	24	1	0	20	0.010989	91	0.505495	FALSE	NA	NA	NA	NA	NA	NA
2019-nCoV	28751	C	+A	88	30	24	1	0	20	0.0113636	88	0.505682	FALSE	NA	NA	NA	NA	NA	NA
2019-nCoV	28759	T	C	79	24	24	1	0	23	0.0125	80	0.503145	FALSE	NA	NA	NA	NA	NA	NA
2019-nCoV	28760	C	+AA	82	28	24	1	0	20	0.0121951	82	0.506098	FALSE	NA	NA	NA	NA	NA	NA
2019-nCoV	28766	A	G	57	31	22	1	0	21	0.0172414	58	0.504348	FALSE	NA	NA	NA	NA	NA	NA
2019-nCoV	28767	C	+A	73	30	23	1	0	20	0.0136986	73	0.506849	FALSE	NA	NA	NA	NA	NA	NA
2019-nCoV	28771	A	+T	68	28	24	1	0	20	0.0147059	68	0.507353	FALSE	NA	NA	NA	NA	NA	NA
2019-nCoV	28773	T	G	43	23	22	1	0	22	0.0227273	44	0.505747	FALSE	NA	NA	NA	NA	NA	NA
2019-nCoV	28774	G	C	66	25	24	1	0	26	0.0149254	67	0.503759	FALSE	NA	NA	NA	NA	NA	NA
2019-nCoV	28775	C	T	65	14	23	1	0	25	0.0151515	66	0.503817	FALSE	NA	NA	NA	NA	NA	NA
2019-nCoV	28776	C	A	45	27	23	1	0	26	0.0217391	46	0.505495	FALSE	NA	NA	NA	NA	NA	NA
2019-nCoV	28776	C	-A	45	27	23	2	0	20	0.0434783	46	0.258242	FALSE	NA	NA	NA	NA	NA	NA
2019-nCoV	28779	A	T	128	54	24	1	0	23	0.00763359	131	0.749035	FALSE	NA	NA	NA	NA	NA	NA
2019-nCoV	28779	A	C	128	54	24	2	2	24	0.0152672	131	0.5	FALSE	NA	NA	NA	NA	NA	NA
2019-nCoV	28780	A	+G	61	56	23	1	0	20	0.0163934	61	0.508197	FALSE	NA	NA	NA	NA	NA	NA
2019-nCoV	28783	C	T	118	57	23	1	0	27	0.00840336	119	0.753165	FALSE	NA	NA	NA	NA	NA	NA
2019-nCoV	28783	C	-T	118	57	23	1	0	20	0.00840336	119	0.753165	FALSE	NA	NA	NA	NA	NA	NA
2019-nCoV	28783	C	+T	118	57	23	1	0	20	0.00840336	119	0.753165	FALSE	NA	NA	NA	NA	NA	NA
2019-nCoV	28783	C	+AG	118	57	23	1	0	20	0.00840336	119	0.753165	FALSE	NA	NA	NA	NA	NA	NA
2019-nCoV	28783	C	+A	118	57	23	1	0	20	0.00840336	119	0.753165	FALSE	NA	NA	NA	NA	NA	NA
2019-nCoV	28785	T	C	91	59	24	1	0	25	0.0108696	92	0.502732	FALSE	NA	NA	NA	NA	NA	NA
2019-nCoV	28786	C	T	123	59	24	1	0	22	0.00806452	124	0.753036	FALSE	NA	NA	NA	NA	NA	NA
2019-nCoV	28786	C	+A	123	59	24	1	0	20	0.00806452	124	0.753036	FALSE	NA	NA	NA	NA	NA	NA
2019-nCoV	28787	T	A	131	62	24	1	0	21	0.00757576	132	0.752852	FALSE	NA	NA	NA	NA	NA	NA
2019-nCoV	28788	A	+C	130	62	24	1	0	20	0.00769231	130	0.754797	FALSE	NA	NA	NA	NA	NA	NA
2019-nCoV	28789	C	T	127	59	24	1	1	31	0.0078125	128	0.501961	FALSE	NA	NA	NA	NA	NA	NA
2019-nCoV	28790	G	A	129	62	25	2	0	26	0.0152672	131	0.502885	FALSE	NA	NA	NA	NA	NA	NA
2019-nCoV	28791	C	-A	128	59	24	1	0	20	0.0078125	128	0.754871	FALSE	NA	NA	NA	NA	NA	NA
2019-nCoV	28793	G	+A	128	63	24	1	0	20	0.0078125	128	0.754871	FALSE	NA	NA	NA	NA	NA	NA
2019-nCoV	28795	A	+G	92	64	23	1	0	20	0.0108696	92	0.505435	FALSE	NA	NA	NA	NA	NA	NA
2019-nCoV	28797	G	A	136	66	25	1	1	29	0.00729927	137	0.752747	FALSE	NA	NA	NA	NA	NA	NA
2019-nCoV	28799	A	+G	131	65	24	2	0	20	0.0152672	131	0.508588	FALSE	NA	NA	NA	NA	NA	NA
2019-nCoV	28800	G	-C	134	64	25	1	0	20	0.00746269	134	0.754654	FALSE	NA	NA	NA	NA	NA	NA
2019-nCoV	28802	A	+G	136	63	25	1	0	20	0.00735294	136	0.754585	FALSE	NA	NA	NA	NA	NA	NA
2019-nCoV	28803	G	+A	135	65	25	1	0	20	0.00740741	135	0.754619	FALSE	NA	NA	NA	NA	NA	NA
2019-nCoV	28804	A	T	132	68	24	1	0	28	0.0075188	133	0.75283	FALSE	NA	NA	NA	NA	NA	NA
2019-nCoV	28804	A	+G	132	68	24	2	0	20	0.0150376	133	0.50566	FALSE	NA	NA	NA	NA	NA	NA
2019-nCoV	28808	G	T	113	52	23	1	1	29	0.00869565	115	0.748908	FALSE	NA	NA	NA	NA	NA	NA
2019-nCoV	28808	G	A	113	52	23	1	1	26	0.00869565	115	0.748908	FALSE	NA	NA	NA	NA	NA	NA
2019-nCoV	28810	C	T	127	65	25	1	0	26	0.0078125	128	0.752941	FALSE	NA	NA	NA	NA	NA	NA
2019-nCoV	28812	G	-T	133	69	25	1	0	20	0.0075188	133	0.754689	FALSE	NA	NA	NA	NA	NA	NA
2019-nCoV	28814	C	+A	132	67	25	2	0	20	0.0151515	132	0.508523	FALSE	NA	NA	NA	NA	NA	NA
2019-nCoV	28816	A	G	109	67	24	1	1	22	0.00909091	110	0.753425	FALSE	NA	NA	NA	NA	NA	NA
2019-nCoV	28817	G	A	132	67	25	1	1	23	0.0075188	133	0.75283	FALSE	NA	NA	NA	NA	NA	NA
2019-nCoV	28818	C	T	121	50	24	1	0	27	0.00819672	122	0.753086	FALSE	NA	NA	NA	NA	NA	NA
2019-nCoV	28819	C	+T	118	70	24	1	0	20	0.00847458	118	0.755283	FALSE	NA	NA	NA	NA	NA	NA
2019-nCoV	28820	T	C	139	65	25	3	3	24	0.0211268	142	0.313827	FALSE	NA	NA	NA	NA	NA	NA
2019-nCoV	28820	T	+C	139	65	25	1	0	20	0.00704225	142	0.74911	FALSE	NA	NA	NA	NA	NA	NA
2019-nCoV	28821	C	+A	139	65	25	1	0	20	0.00719424	139	0.754487	FALSE	NA	NA	NA	NA	NA	NA
2019-nCoV	28824	C	+G	141	65	25	1	0	20	0.0070922	141	0.754423	FALSE	NA	NA	NA	NA	NA	NA
2019-nCoV	28826	C	-G	146	72	25	1	0	20	0.00684932	146	0.754272	FALSE	NA	NA	NA	NA	NA	NA
2019-nCoV	28834	A	T	133	64	25	1	0	22	0.00746269	134	0.752809	FALSE	NA	NA	NA	NA	NA	NA
2019-nCoV	28837	A	-C	138	71	25	1	0	20	0.00724638	138	0.754519	FALSE	NA	NA	NA	NA	NA	NA
2019-nCoV	28838	C	-G	137	70	24	1	0	20	0.00724638	138	0.752727	FALSE	NA	NA	NA	NA	NA	NA
2019-nCoV	28839	G	+T	137	70	24	2	0	20	0.0144928	138	0.505455	FALSE	NA	NA	NA	NA	NA	NA
2019-nCoV	28842	G	+C	136	72	25	1	0	20	0.00735294	136	0.754585	FALSE	NA	NA	NA	NA	NA	NA
2019-nCoV	28846	C	+CA	137	72	25	1	0	20	0.00729927	137	0.754552	FALSE	NA	NA	NA	NA	NA	NA
2019-nCoV	28849	C	T	128	68	24	1	0	23	0.00775194	129	0.752918	FALSE	NA	NA	NA	NA	NA	NA
2019-nCoV	28849	C	+A	128	68	24	2	0	20	0.0155039	129	0.505837	FALSE	NA	NA	NA	NA	NA	NA
2019-nCoV	28850	A	G	126	69	24	1	1	22	0.00787402	127	0.752964	FALSE	NA	NA	NA	NA	NA	NA
2019-nCoV	28850	A	+C	126	69	24	2	0	20	0.015748	127	0.505929	FALSE	NA	NA	NA	NA	NA	NA
2019-nCoV	28851	G	A	123	68	24	1	1	29	0.00806452	124	0.753036	FALSE	NA	NA	NA	NA	NA	NA
2019-nCoV	28852	T	C	116	57	23	2	0	22	0.0169492	118	0.503205	FALSE	NA	NA	NA	NA	NA	NA
2019-nCoV	28853	T	+C	100	72	24	1	0	20	0.01	100	0.753731	FALSE	NA	NA	NA	NA	NA	NA
2019-nCoV	28854	C	+A	126	67	24	6	0	20	0.047619	126	0.0691965	FALSE	NA	NA	NA	NA	NA	NA
2019-nCoV	28855	A	G	111	52	23	1	0	22	0.00892857	112	0.753363	FALSE	NA	NA	NA	NA	NA	NA
2019-nCoV	28857	G	+C	127	70	24	1	0	20	0.00787402	127	0.75491	FALSE	NA	NA	NA	NA	NA	NA
2019-nCoV	28857	G	+A	127	70	24	4	0	20	0.0314961	127	0.197443	FALSE	NA	NA	NA	NA	NA	NA
2019-nCoV	28858	A	G	90	32	23	1	0	20	0.010989	91	0.502762	FALSE	NA	NA	NA	NA	NA	NA
2019-nCoV	28863	C	+A	44	33	24	1	0	20	0.0227273	44	0.511364	FALSE	NA	NA	NA	NA	NA	NA
2019-nCoV	28875	G	+T	52	37	24	1	0	20	0.0192308	52	0.509615	FALSE	NA	NA	NA	NA	NA	NA
2019-nCoV	28876	C	+G	47	35	25	1	0	20	0.0212766	47	0.510638	FALSE	NA	NA	NA	NA	NA	NA
2019-nCoV	28879	T	+A	52	39	25	1	0	20	0.0192308	52	0.509615	FALSE	NA	NA	NA	NA	NA	NA
2019-nCoV	28881	G	A	0	0	0	49	35	27	1	49	7.850029999999999e-29	TRUE	NA	NA	NA	NA	NA	NA
2019-nCoV	28882	G	A	5	5	20	41	35	25	0.891304	46	1.0315399999999999e-20	TRUE	NA	NA	NA	NA	NA	NA
2019-nCoV	28883	G	C	5	5	20	47	34	25	0.903846	52	4.82585e-24	TRUE	NA	NA	NA	NA	NA	NA
2019-nCoV	28899	G	A	47	33	25	1	1	22	0.0208333	48	0.505263	FALSE	NA	NA	NA	NA	NA	NA
2019-nCoV	28899	G	-A	47	33	25	1	0	20	0.0208333	48	0.505263	FALSE	NA	NA	NA	NA	NA	NA
2019-nCoV	28918	T	C	45	33	25	1	1	24	0.0217391	46	0.505495	FALSE	NA	NA	NA	NA	NA	NA
2019-nCoV	28925	G	+C	50	33	25	1	0	20	0.02	50	0.51	FALSE	NA	NA	NA	NA	NA	NA
2019-nCoV	28931	G	A	46	30	25	1	1	26	0.0212766	47	0.505376	FALSE	NA	NA	NA	NA	NA	NA
2019-nCoV	28932	C	-T	45	30	25	2	0	20	0.0444444	45	0.26398	FALSE	NA	NA	NA	NA	NA	NA
2019-nCoV	28946	G	+C	45	30	25	1	0	20	0.0222222	45	0.511111	FALSE	NA	NA	NA	NA	NA	NA
2019-nCoV	28953	T	+TG	39	34	25	1	0	20	0.025641	39	0.512821	FALSE	NA	NA	NA	NA	NA	NA
2019-nCoV	28954	G	+A	45	33	24	1	0	20	0.0222222	45	0.511111	FALSE	NA	NA	NA	NA	NA	NA
2019-nCoV	28958	C	A	0	0	0	30	17	23	1	30	1.69112e-17	TRUE	NA	NA	NA	NA	NA	NA
2019-nCoV	28960	G	+C	43	30	24	2	0	20	0.0465116	43	0.264635	FALSE	NA	NA	NA	NA	NA	NA
2019-nCoV	28967	A	+G	44	32	24	1	0	20	0.0227273	44	0.511364	FALSE	NA	NA	NA	NA	NA	NA
2019-nCoV	28969	C	-A	44	33	24	1	0	20	0.0227273	44	0.511364	FALSE	NA	NA	NA	NA	NA	NA
2019-nCoV	28969	C	+AA	44	33	24	1	0	20	0.0227273	44	0.511364	FALSE	NA	NA	NA	NA	NA	NA
2019-nCoV	28969	C	+A	44	33	24	3	0	20	0.0681818	44	0.138023	FALSE	NA	NA	NA	NA	NA	NA
2019-nCoV	28971	A	+T	50	36	25	1	0	20	0.02	50	0.51	FALSE	NA	NA	NA	NA	NA	NA
2019-nCoV	28974	T	+G	46	33	24	1	0	20	0.0217391	46	0.51087	FALSE	NA	NA	NA	NA	NA	NA
2019-nCoV	28976	T	+C	46	32	25	1	0	20	0.0217391	46	0.51087	FALSE	NA	NA	NA	NA	NA	NA
2019-nCoV	28981	T	+A	47	33	24	2	0	20	0.0425532	47	0.263382	FALSE	NA	NA	NA	NA	NA	NA
2019-nCoV	28993	A	C	41	30	24	3	2	24	0.0681818	44	0.124949	FALSE	NA	NA	NA	NA	NA	NA
2019-nCoV	28994	C	+A	41	30	25	3	0	20	0.0731707	41	0.138995	FALSE	NA	NA	NA	NA	NA	NA
2019-nCoV	28995	A	T	31	19	23	1	1	25	0.03125	32	0.507937	FALSE	NA	NA	NA	NA	NA	NA
2019-nCoV	29041	G	+A	22	10	23	1	0	20	0.0454545	22	0.522727	FALSE	NA	NA	NA	NA	NA	NA
2019-nCoV	29051	C	-A	19	8	23	3	0	20	0.157895	19	0.15587	FALSE	NA	NA	NA	NA	NA	NA
2019-nCoV	29089	A	+AG	21	11	23	1	0	20	0.047619	21	0.52381	FALSE	NA	NA	NA	NA	NA	NA
2019-nCoV	29090	G	C	21	11	24	1	0	20	0.0454545	22	0.511628	FALSE	NA	NA	NA	NA	NA	NA
2019-nCoV	29091	C	+T	21	11	24	1	0	20	0.047619	21	0.52381	FALSE	NA	NA	NA	NA	NA	NA
2019-nCoV	29094	T	+G	13	11	23	1	0	20	0.0769231	13	0.538462	FALSE	NA	NA	NA	NA	NA	NA
2019-nCoV	29102	C	+A	20	10	25	1	0	20	0.05	20	0.525	FALSE	NA	NA	NA	NA	NA	NA
2019-nCoV	29114	C	-A	17	7	23	1	0	20	0.0588235	17	0.529412	FALSE	NA	NA	NA	NA	NA	NA
2019-nCoV	29127	A	-T	11	9	21	1	0	20	0.0909091	11	0.545455	FALSE	NA	NA	NA	NA	NA	NA
2019-nCoV	29131	T	+G	9	9	22	1	0	20	0.111111	9	0.555556	FALSE	NA	NA	NA	NA	NA	NA
2019-nCoV	29145	T	+A	20	10	25	1	0	20	0.05	20	0.525	FALSE	NA	NA	NA	NA	NA	NA
2019-nCoV	29146	A	G	16	7	23	1	0	20	0.0588235	17	0.515152	FALSE	NA	NA	NA	NA	NA	NA
2019-nCoV	29167	C	-A	18	9	24	1	0	20	0.0555556	18	0.527778	FALSE	NA	NA	NA	NA	NA	NA
2019-nCoV	29168	A	G	12	1	24	2	2	25	0.142857	14	0.259259	FALSE	NA	NA	NA	NA	NA	NA
2019-nCoV	29169	A	T	19	9	23	1	0	27	0.05	20	0.512821	FALSE	NA	NA	NA	NA	NA	NA
2019-nCoV	29172	A	-T	17	6	25	1	0	20	0.0588235	17	0.529412	FALSE	NA	NA	NA	NA	NA	NA
2019-nCoV	29172	A	+T	17	6	25	1	0	20	0.0588235	17	0.529412	FALSE	NA	NA	NA	NA	NA	NA
2019-nCoV	29174	T	+G	15	8	23	1	0	20	0.0666667	15	0.533333	FALSE	NA	NA	NA	NA	NA	NA
2019-nCoV	29180	C	-A	11	8	23	1	0	20	0.0909091	11	0.545455	FALSE	NA	NA	NA	NA	NA	NA
2019-nCoV	29192	T	A	9	1	24	1	1	26	0.1	10	0.526316	FALSE	NA	NA	NA	NA	NA	NA
2019-nCoV	29195	G	T	18	8	22	1	1	27	0.0526316	19	0.513514	FALSE	NA	NA	NA	NA	NA	NA
2019-nCoV	29195	G	-C	18	8	22	7	0	20	0.368421	19	0.0149174	FALSE	NA	NA	NA	NA	NA	NA
2019-nCoV	29196	C	G	7	1	23	1	1	26	0.125	8	0.421053	FALSE	NA	NA	NA	NA	NA	NA
2019-nCoV	29207	T	G	13	7	23	1	1	23	0.0714286	14	0.518519	FALSE	NA	NA	NA	NA	NA	NA
2019-nCoV	29209	A	+C	15	8	23	3	0	20	0.2	15	0.164516	FALSE	NA	NA	NA	NA	NA	NA
2019-nCoV	29226	C	+G	16	8	22	1	0	20	0.0625	16	0.53125	FALSE	NA	NA	NA	NA	NA	NA
2019-nCoV	29230	C	+A	11	6	23	1	0	20	0.0909091	11	0.545455	FALSE	NA	NA	NA	NA	NA	NA
2019-nCoV	29243	G	+C	28	15	24	1	0	20	0.0357143	28	0.517857	FALSE	NA	NA	NA	NA	NA	NA
2019-nCoV	29247	C	T	25	13	23	1	0	25	0.0384615	26	0.509804	FALSE	NA	NA	NA	NA	NA	NA
2019-nCoV	29248	A	+C	27	14	23	1	0	20	0.037037	27	0.518519	FALSE	NA	NA	NA	NA	NA	NA
2019-nCoV	29284	C	+A	12	5	23	2	0	20	0.166667	12	0.303333	FALSE	NA	NA	NA	NA	NA	NA
2019-nCoV	29311	C	-A	77	53	23	1	0	20	0.012987	77	0.506494	FALSE	NA	NA	NA	NA	NA	NA
2019-nCoV	29311	C	+A	77	53	23	1	0	20	0.012987	77	0.506494	FALSE	NA	NA	NA	NA	NA	NA
2019-nCoV	29316	A	-T	78	53	24	1	0	20	0.0128205	78	0.50641	FALSE	NA	NA	NA	NA	NA	NA
2019-nCoV	29316	A	+T	78	53	24	1	0	20	0.0128205	78	0.50641	FALSE	NA	NA	NA	NA	NA	NA
2019-nCoV	29317	T	+C	77	54	24	1	0	20	0.0128205	78	0.503226	FALSE	NA	NA	NA	NA	NA	NA
2019-nCoV	29318	C	+A	76	53	24	5	0	20	0.0657895	76	0.0355038	FALSE	NA	NA	NA	NA	NA	NA
2019-nCoV	29320	A	+AC	67	52	23	1	0	20	0.0149254	67	0.507463	FALSE	NA	NA	NA	NA	NA	NA
2019-nCoV	29324	A	-T	67	41	23	9	0	20	0.134328	67	0.00285265	TRUE	NA	NA	NA	NA	NA	NA
2019-nCoV	29328	T	C	52	49	23	1	0	20	0.0188679	53	0.504762	FALSE	NA	NA	NA	NA	NA	NA
2019-nCoV	29330	C	T	78	51	24	1	1	20	0.0126582	79	0.503185	FALSE	NA	NA	NA	NA	NA	NA
2019-nCoV	29333	A	+AC	55	27	23	1	0	20	0.0178571	56	0.504505	FALSE	NA	NA	NA	NA	NA	NA
2019-nCoV	29335	T	+TA	74	46	24	1	0	20	0.0135135	74	0.506757	FALSE	NA	NA	NA	NA	NA	NA
2019-nCoV	29336	A	G	62	34	22	1	1	27	0.015873	63	0.504	FALSE	NA	NA	NA	NA	NA	NA
2019-nCoV	29340	A	+G	76	53	25	1	0	20	0.0131579	76	0.506579	FALSE	NA	NA	NA	NA	NA	NA
2019-nCoV	29342	A	G	70	50	25	1	1	27	0.0140845	71	0.503546	FALSE	NA	NA	NA	NA	NA	NA
2019-nCoV	29345	G	+A	76	52	23	1	0	20	0.0131579	76	0.506579	FALSE	NA	NA	NA	NA	NA	NA
2019-nCoV	29353	C	-A	70	47	23	13	0	20	0.185714	70	2.41528e-4	TRUE	NA	NA	NA	NA	NA	NA
2019-nCoV	29357	A	G	47	46	23	1	1	21	0.0208333	48	0.505263	FALSE	NA	NA	NA	NA	NA	NA
2019-nCoV	29359	A	+C	71	45	23	1	0	20	0.0140845	71	0.507042	FALSE	NA	NA	NA	NA	NA	NA
2019-nCoV	29361	T	-C	54	44	22	3	0	20	0.0555556	54	0.135576	FALSE	NA	NA	NA	NA	NA	NA
2019-nCoV	29365	A	G	66	44	23	1	0	27	0.0149254	67	0.503759	FALSE	NA	NA	NA	NA	NA	NA
2019-nCoV	29367	C	+A	64	50	24	1	0	20	0.015625	64	0.507813	FALSE	NA	NA	NA	NA	NA	NA
2019-nCoV	29377	T	-A	57	38	23	18	0	20	0.315789	57	1.61228e-5	TRUE	NA	NA	NA	NA	NA	NA
2019-nCoV	29386	C	-A	69	44	23	25	0	20	0.362319	69	2.59036e-7	TRUE	NA	NA	NA	NA	NA	NA
2019-nCoV	29391	A	G	52	52	24	1	0	20	0.0188679	53	0.504762	FALSE	NA	NA	NA	NA	NA	NA
2019-nCoV	29392	G	+A	73	50	23	2	0	20	0.0273973	73	0.258597	FALSE	NA	NA	NA	NA	NA	NA
2019-nCoV	29398	G	+GA	59	35	23	1	0	20	0.0169492	59	0.508475	FALSE	NA	NA	NA	NA	NA	NA
2019-nCoV	29400	C	T	64	50	24	1	1	21	0.0153846	65	0.503876	FALSE	NA	NA	NA	NA	NA	NA
2019-nCoV	29400	C	-T	64	50	24	1	0	20	0.0153846	65	0.503876	FALSE	NA	NA	NA	NA	NA	NA
2019-nCoV	29405	G	-A	67	45	23	1	0	20	0.0149254	67	0.507463	FALSE	NA	NA	NA	NA	NA	NA
2019-nCoV	29407	A	G	78	53	25	1	1	24	0.0126582	79	0.503185	FALSE	NA	NA	NA	NA	NA	NA
2019-nCoV	29412	A	G	61	34	23	1	1	24	0.016129	62	0.504065	FALSE	NA	NA	NA	NA	NA	NA
2019-nCoV	29414	G	-C	69	43	24	1	0	20	0.0144928	69	0.507246	FALSE	NA	NA	NA	NA	NA	NA
2019-nCoV	29414	G	+A	69	43	24	1	0	20	0.0144928	69	0.507246	FALSE	NA	NA	NA	NA	NA	NA
2019-nCoV	29418	T	+C	75	54	24	1	0	20	0.0133333	75	0.506667	FALSE	NA	NA	NA	NA	NA	NA
2019-nCoV	29433	A	G	77	58	24	1	0	28	0.0128205	78	0.503226	FALSE	NA	NA	NA	NA	NA	NA
2019-nCoV	29434	G	-A	83	55	24	1	0	20	0.0120482	83	0.506024	FALSE	NA	NA	NA	NA	NA	NA
2019-nCoV	29434	G	+A	83	55	24	1	0	20	0.0120482	83	0.506024	FALSE	NA	NA	NA	NA	NA	NA
2019-nCoV	29436	A	+C	87	58	25	1	0	20	0.0114943	87	0.505747	FALSE	NA	NA	NA	NA	NA	NA
2019-nCoV	29438	C	T	85	56	24	1	1	24	0.0116279	86	0.502924	FALSE	NA	NA	NA	NA	NA	NA
2019-nCoV	29439	A	G	82	54	25	1	1	20	0.0120482	83	0.50303	FALSE	NA	NA	NA	NA	NA	NA
2019-nCoV	29439	A	+G	82	54	25	1	0	20	0.0120482	83	0.50303	FALSE	NA	NA	NA	NA	NA	NA
2019-nCoV	29440	G	A	81	52	25	1	1	20	0.0121951	82	0.503067	FALSE	NA	NA	NA	NA	NA	NA
2019-nCoV	29443	A	G	83	56	25	1	0	27	0.0119048	84	0.502994	FALSE	NA	NA	NA	NA	NA	NA
2019-nCoV	29446	T	+A	81	53	25	1	0	20	0.0123457	81	0.506173	FALSE	NA	NA	NA	NA	NA	NA
2019-nCoV	29448	T	G	84	55	25	1	1	26	0.0117647	85	0.502959	FALSE	NA	NA	NA	NA	NA	NA
2019-nCoV	29450	A	+C	83	56	25	1	0	20	0.0120482	83	0.506024	FALSE	NA	NA	NA	NA	NA	NA
2019-nCoV	29451	C	+G	84	58	25	1	0	20	0.0119048	84	0.505952	FALSE	NA	NA	NA	NA	NA	NA
2019-nCoV	29455	T	C	79	57	24	1	0	28	0.0125	80	0.503145	FALSE	NA	NA	NA	NA	NA	NA
2019-nCoV	29456	C	+T	77	51	25	1	0	20	0.012987	77	0.506494	FALSE	NA	NA	NA	NA	NA	NA
2019-nCoV	29462	G	+C	63	42	25	1	0	20	0.015873	63	0.507937	FALSE	NA	NA	NA	NA	NA	NA
2019-nCoV	29468	G	+CA	67	45	24	1	0	20	0.0149254	67	0.507463	FALSE	NA	NA	NA	NA	NA	NA
2019-nCoV	29469	A	-T	66	44	23	1	0	20	0.0151515	66	0.507576	FALSE	NA	NA	NA	NA	NA	NA
2019-nCoV	29469	A	+C	66	44	23	1	0	20	0.0151515	66	0.507576	FALSE	NA	NA	NA	NA	NA	NA
2019-nCoV	29476	T	C	64	44	25	1	0	26	0.0153846	65	0.503876	FALSE	NA	NA	NA	NA	NA	NA
2019-nCoV	29478	A	-T	62	41	23	3	0	20	0.0483871	62	0.134194	FALSE	NA	NA	NA	NA	NA	NA
2019-nCoV	29485	C	-A	66	55	23	3	0	20	0.0454545	66	0.13363	FALSE	NA	NA	NA	NA	NA	NA
2019-nCoV	29491	A	+T	70	54	23	1	0	20	0.0142857	70	0.507143	FALSE	NA	NA	NA	NA	NA	NA
2019-nCoV	29496	A	G	39	19	23	1	1	27	0.025	40	0.506329	FALSE	NA	NA	NA	NA	NA	NA
2019-nCoV	29497	A	G	62	49	23	1	1	24	0.015873	63	0.504	FALSE	NA	NA	NA	NA	NA	NA
2019-nCoV	29497	A	+C	62	49	23	1	0	20	0.015873	63	0.504	FALSE	NA	NA	NA	NA	NA	NA
2019-nCoV	29501	T	+C	67	50	24	1	0	20	0.0149254	67	0.507463	FALSE	NA	NA	NA	NA	NA	NA
2019-nCoV	29502	C	T	53	36	23	1	0	20	0.0185185	54	0.504673	FALSE	NA	NA	NA	NA	NA	NA
2019-nCoV	29508	G	+C	65	44	25	1	0	20	0.0153846	65	0.507692	FALSE	NA	NA	NA	NA	NA	NA
2019-nCoV	29510	A	C	0	0	0	58	44	23	1	58	3.2566799999999996e-34	TRUE	NA	NA	NA	NA	NA	NA
2019-nCoV	29511	G	+T	74	53	24	1	0	20	0.0135135	74	0.506757	FALSE	NA	NA	NA	NA	NA	NA
2019-nCoV	29514	C	+T	71	50	24	1	0	20	0.0140845	71	0.507042	FALSE	NA	NA	NA	NA	NA	NA
2019-nCoV	29517	A	G	66	48	24	1	0	20	0.0149254	67	0.503759	FALSE	NA	NA	NA	NA	NA	NA
2019-nCoV	29517	A	+T	66	48	24	1	0	20	0.0149254	67	0.503759	FALSE	NA	NA	NA	NA	NA	NA
2019-nCoV	29523	C	+T	63	46	24	1	0	20	0.015873	63	0.507937	FALSE	NA	NA	NA	NA	NA	NA
